1.000000, 1.000000, 1.000000; 1.000003, 1.002429, 1.024955, 1.033088, 1.436521, 1.453396, 1.455115, 1.438510, 1.441201, 1.428617, 1.431624, 1.442006, 1.443810, 1.445513, 1.436072, 1.471918, 1.479854, 1.481061, 1.477098, 1.478627, 1.482166, 1.683413, 1.692593, 1.704144, 2.661745, 2.649385, 2.658409, 2.667186, 3.495301, 3.522661, 3.533140, 3.554157, 3.545221, 3.556097, 4.461776, 4.644463, 4.665716, 4.640976, 4.660596, 2.196722, 2.189842, 2.355276, 2.371619, 2.439444, 2.452080, 2.496598, 2.624045
1.000000; 1.000000, 1.000000, 1.000041, 1.047636, 1.048615, 1.729246, 1.048611, 1.045642, 1.043348, 1.047790, 1.092174, 1.091940, 1.091919, 1.092401, 1.092201, 1.092021, 1.092401, 1.092317, 1.092160, 1.092488, 1.100822, 1.100443, 1.101243, 1.102366, 1.101998, 1.102770, 1.102409, 1.102077, 1.104417, 1.104090, 1.104050, 1.104694, 1.104389, 1.104106, 1.103839, 1.104415, 1.107274, 1.106985, 1.107606, 1.110741, 1.122222, 1.123307, 1.122927, 1.122455, 1.123459, 1.122992, 1.122547, 1.143835, 1.143835
1.000000, 1.033116, 1.102869, 1.098900, 1.314345, 1.338146, 1.566119, 1.509727, 1.553159, 1.613940, 1.567743, 1.583041, 1.671099, 1.634360, 1.649164, 1.743952, 1.763574, 1.933820, 2.022236, 2.079047, 2.114734, 2.107017, 2.331811; 2.295910, 2.328133, 2.339830, 2.611118, 2.626516, 2.642189, 2.657400, 2.735797, 2.698475, 2.836662, 2.934613, 2.896173, 2.914569, 3.010063, 3.020929, 3.030940, 2.984097, 3.004714, 3.014796, 3.040871, 3.056813, 3.022454, 3.033372, 3.062678, 3.139582, 3.150769, 3.176458
1.000000; 1.000001, 1.703618, 1.726626, 1.424762, 1.429604, 1.427641, 1.427362, 1.429494, 2.413630, 2.477671, 2.478385, 2.513434, 3.070194, 3.067504, 3.056003, 3.087163, 3.075351, 3.069762, 3.060691, 3.360305, 3.349780, 3.339974, 3.449485, 3.442802, 3.779606, 3.779294, 3.793537, 3.793498, 3.987992, 3.957946, 4.402190, 4.538340, 4.582720, 4.520723, 4.545659, 5.568731, 5.724858, 6.550583, 7.000695, 7.055577, 7.245675, 7.677496, 7.691833, 7.781176, 8.082196, 8.099413, 8.130914, 8.144900, 8.353910
1.000000, 1.883475, 1.046035, 1.233150, 1.023756, 1.045438, 1.140233, 1.120514; 1.401546, 1.400204, 1.359950, 1.373544, 1.348000, 1.809972, 2.247537, 2.249649, 2.176618, 2.526231, 2.457542, 2.456266, 2.397053, 2.400823, 2.360524, 3.003821, 3.172180, 3.755115, 3.677638, 3.685854, 3.613362, 4.263613, 4.188152, 5.105339, 5.083119, 4.999244, 5.848855, 5.883060, 6.830336, 6.750713, 6.725631, 6.693200, 6.672859, 6.606940, 6.590870, 7.411863, 7.400435, 7.324536, 7.318484, 7.246382, 8.233785, 9.113172
1.000000; 1.000000, 1.000079, 1.002813, 1.003920, 1.247626, 1.286880, 1.277549, 1.269734, 1.281998, 1.275468, 1.269734, 1.279386, 1.294211, 1.288505, 1.298767, 1.293465, 1.328001, 1.322173, 1.316875, 1.325756, 1.320801, 1.316620, 1.327644, 1.323303, 1.319263, 1.336104, 1.332404, 1.352637, 1.350283, 1.347094, 1.352576, 1.361239, 1.504366, 1.511316, 1.507657, 1.504083, 1.510520, 1.506966, 1.512988, 1.509707, 1.506427, 1.512051, 1.516218, 1.513005, 2.339271, 2.331638, 2.327135, 2.346193, 2.338994
1.000000, 1.480833, 1.524869, 2.444885, 3.125054, 4.027576, 4.027136, 4.523675, 5.031458, 5.305655, 5.305118, 5.854134, 4.516664, 5.282956, 6.285743, 6.503069, 7.505192; 7.798454, 7.317075, 7.350693, 8.205832, 9.221481, 9.264299, 9.386321, 10.026801, 10.977248, 9.741127, 10.697253, 11.096710, 10.942746, 11.637967, 11.909707, 12.082747, 12.557831, 12.886215, 12.943055, 13.019275, 13.709853, 13.723592, 13.887810, 14.868187, 14.860047, 15.015266, 15.481766, 15.498462, 15.618365, 10.218932, 10.228278, 10.568695, 11.551215
1.000000, 1.030312, 2.019642, 3.017093, 3.146995, 4.146885, 4.378922, 5.378516, 5.799032, 5.861750; 6.153624, 6.172312, 7.062191, 7.115450, 7.142705, 7.155381, 7.206358, 7.703638, 7.935642, 7.934036, 7.981388, 7.976183, 8.164358, 8.240461, 9.130529, 9.177325, 8.678023, 8.980312, 8.983068, 8.985009, 9.455605, 9.587995, 10.512295, 10.566286, 10.818509, 11.510314, 11.552641, 11.780878, 11.807998, 11.806770, 12.574545, 12.588822, 13.156246, 14.072153, 14.073961, 14.005768, 14.200712, 14.201325, 14.227594, 14.268831
1.000000; 1.005291, 1.007206, 1.013297, 1.011038, 1.095944, 1.092278, 1.744920, 2.191877, 2.981547, 2.958329, 2.974573, 2.986389, 2.996694, 2.205564, 2.221302, 2.203736, 2.316033, 2.297364, 2.281543, 2.316033, 2.299844, 2.285804, 2.657180, 2.651700, 2.644438, 2.663729, 3.496599, 3.489206, 3.505848, 3.498601, 3.491559, 3.506871, 3.499439, 3.511732, 3.507199, 3.524805, 3.518262, 3.512433, 3.651277, 3.644354, 4.632803, 4.642694, 4.638087, 4.698459, 4.707117, 5.215550, 5.206767, 5.225475, 6.036326
1.000000, 1.000000, 1.103483, 1.105352, 1.104382; 2.027672, 2.499338, 3.272585, 3.583274, 3.632776, 3.624962, 4.194059, 4.193062, 4.192420, 4.369168, 4.362177, 4.363471, 5.384700, 5.684194, 5.676230, 5.703874, 5.722091, 5.723697, 5.725140, 5.753233, 5.858960, 6.805153, 7.754983, 5.377382, 5.329130, 5.352592, 6.307051, 6.302643, 6.357541, 6.320443, 6.343195, 6.304945, 6.592811, 6.616362, 6.588380, 6.875284, 7.233536, 7.981207, 7.943087, 7.962592, 8.283476, 8.244639, 8.383149, 8.377807, 8.398539
1.000000, 1.801848, 1.598166, 1.881875, 1.860376, 2.925781, 2.877692, 2.899292, 2.765427, 3.051918, 2.987924, 1.619257, 1.639007, 2.471156, 2.526361, 2.516545, 3.132928, 3.113754, 3.158951, 3.089128, 3.124660, 3.152978, 3.199304; 3.201663, 3.543234, 3.598149, 3.673327, 3.975526, 4.016179, 4.133352, 4.107554, 4.135035, 4.283242, 4.318321, 4.281190, 4.536059, 4.784812, 5.019006, 5.011187, 5.066911, 5.084653, 5.111854, 5.209225, 5.238617, 2.876205, 2.848715, 3.553298, 3.531689, 3.590387, 3.554885
1.000000, 1.875805, 1.918812, 1.941787, 2.856289, 3.263145, 3.234472, 3.213543, 3.520108, 3.654059, 4.536851, 4.091134, 4.007529, 1.194967, 1.190742, 1.186051, 1.233312, 1.226818; 1.225701, 1.265758, 1.260743, 1.311127, 1.303622, 1.419585, 1.476461, 1.464736, 1.453048, 1.451103, 1.441499, 1.447051, 1.490800, 1.479286, 1.489128, 1.711754, 1.697401, 1.686379, 1.707244, 1.836883, 1.826083, 2.041590, 2.036987, 2.021151, 2.007619, 1.998426, 1.989068, 2.050270, 2.039676, 2.064017, 2.054562, 2.041331
1.000000; 1.008606, 1.282657, 1.286482, 1.288289, 1.283479, 1.285206, 1.309885, 1.958368, 1.934546, 1.943592, 1.951045, 1.960664, 1.219496, 1.218180, 1.220112, 1.222926, 1.223435, 1.222531, 1.221748, 1.562902, 1.570904, 1.576867, 1.561724, 1.567330, 1.572649, 1.577839, 1.564763, 1.569557, 1.574208, 1.712400, 1.738798, 1.763337, 1.772482, 1.757618, 1.763153, 1.782655, 1.787945, 1.774513, 1.779748, 1.784537, 2.119512, 2.102618, 2.113751, 2.656173, 2.643616, 2.649855, 2.655935, 2.665499, 2.650061
1.000000; 1.022389, 1.008357, 1.925547, 2.109787, 1.017813, 1.085656, 1.082333, 1.084633, 1.371609, 1.369905, 1.360708, 1.417597, 2.010651, 2.077288, 2.104473, 2.036237, 2.060836, 2.083571, 2.105982, 2.049850, 2.273934, 2.298163, 2.252117, 2.295075, 2.313684, 2.335607, 2.290281, 2.310406, 2.326326, 2.341707, 2.301976, 2.316453, 2.494480, 2.497941, 2.525710, 2.707266, 2.718963, 2.688866, 2.699857, 2.716376, 2.732451, 3.170723, 3.534121, 3.530976, 3.722514, 3.714173, 3.705861, 3.700179, 3.987740
1.000000, 1.282297, 1.940650, 2.792138, 3.652060, 3.761983, 4.730979, 4.747357, 3.030014, 3.068309, 3.068112, 3.331997, 3.920437, 3.648444, 4.206137, 4.256234, 5.197382; 5.904740, 6.051355, 6.132871, 6.113242, 6.144791, 6.163509, 6.175801, 6.229836, 6.341978, 5.500736, 6.231078, 4.365948, 4.367541, 4.394431, 4.402203, 4.402791, 4.416932, 5.043657, 5.052946, 5.088564, 5.090122, 5.091186, 5.168791, 5.188368, 5.339247, 5.342905, 5.429665, 5.433161, 5.815255, 5.863308, 5.883531, 6.226196, 6.231173
1.000000; 1.149800, 1.231838, 2.274618, 2.202690, 2.243397, 1.103433, 1.518487, 1.525983, 1.523908, 1.625098, 1.639580, 1.634277, 2.134720, 2.126676, 2.865089, 2.866113, 3.202634, 3.181779, 2.333031, 2.357528, 2.302788, 2.664046, 3.351738, 3.351930, 4.350782, 4.454814, 4.613465, 4.774497, 3.840195, 3.820560, 3.867543, 3.847384, 3.828549, 4.046838, 4.909476, 5.031861, 5.018221, 5.061387, 5.932328, 5.932211, 6.134485, 6.125468, 6.108803, 6.148378, 6.138403, 6.122077, 6.106496, 6.144393, 6.128961
1.000000, 1.003078; 1.267284, 1.010260, 1.035963, 1.038000, 1.040659, 1.047544, 1.062251, 1.180491, 1.246632, 1.244100, 1.278678, 1.268831, 1.314166, 1.304661, 2.258170, 2.244669, 2.474558, 1.232724, 1.236168, 1.522932, 1.609648, 1.619107, 1.638489, 1.651205, 1.795572, 1.809601, 2.703747, 2.720920, 2.695210, 2.712822, 2.734335, 2.750022, 2.726090, 2.740846, 2.768265, 2.782272, 2.741004, 2.769809, 2.782657, 2.795610, 2.761043, 2.773047, 2.941436, 3.442514, 3.401448, 3.414695, 3.427671, 3.440553
1.000000; 1.000006, 1.000007, 1.180066, 1.186689, 1.169273, 1.175403, 1.180066, 1.183732, 1.173554, 1.177092, 1.180066, 1.172830, 1.175693, 1.178177, 1.181055, 1.177331, 1.179508, 1.181468, 1.183241, 1.178449, 1.180184, 1.181776, 1.178764, 1.180365, 1.181852, 1.183236, 1.179580, 1.180935, 1.182207, 1.183403, 1.180193, 1.181368, 1.182494, 1.179595, 1.180705, 1.181742, 1.182728, 1.180119, 1.181090, 1.182017, 1.182904, 1.180531, 1.181408, 1.182247, 1.180132, 1.180961, 1.181757, 1.182524, 1.180491
1.000000, 1.460275, 2.443822, 2.547701, 2.550491, 1.630671, 1.630088, 2.607669, 2.631731, 2.835957, 2.852356, 3.186217, 4.104281, 5.119820, 5.516002, 5.540671, 5.586990, 5.745418, 5.864024; 5.806445, 5.787534, 6.092236, 6.094864, 6.570150, 6.817488, 7.001056, 7.547959, 7.595333, 6.087863, 6.210342, 6.724417, 6.738653, 6.817921, 6.838830, 6.773766, 6.788925, 7.606906, 8.526782, 8.553477, 8.470929, 9.226930, 10.118271, 10.134030, 10.512943, 10.839783, 10.897077, 3.140304, 3.149272, 3.172748, 3.177303
1.000000, 1.100287, 1.000001, 1.058398, 1.057464, 1.074403, 1.090398, 1.094236, 1.097468, 1.079880, 1.082569, 1.083327, 1.085296, 1.086168, 1.086540, 1.088918, 1.089801, 1.089495, 1.089784, 1.091519, 1.091741, 1.091812, 1.093136, 1.093389, 1.099252, 1.111236, 1.142402, 1.140763, 1.142706, 1.142849, 1.142863, 1.142344, 1.142752, 1.151389, 1.151096, 1.151231, 1.151335, 1.152817; 1.153487, 1.155135, 1.403176, 1.417624, 1.468275, 1.525495, 1.520728, 1.519363, 1.519509, 1.537363, 1.537960, 1.533418
1.000000, 1.999986; 2.145503, 2.420233, 3.272388, 3.975091, 4.034553, 1.754793, 1.821258, 2.826310, 3.190079, 3.681123, 4.550829, 4.486352, 4.615240, 5.020072, 5.038215, 5.666370, 5.682469, 6.070170, 6.079251, 6.088134, 6.096320, 6.470853, 6.440804, 6.582486, 6.621413, 6.636503, 7.642194, 8.644401, 8.926522, 9.144737, 9.159869, 9.880286, 10.657844, 11.619424, 12.188977, 12.204054, 7.967296, 7.955826, 7.944538, 8.019430, 8.266723, 9.247467, 9.236500, 9.244210, 9.360156, 9.360833, 9.582226, 9.716474
1.000000, 1.005002, 1.004496, 1.005211, 1.004854, 1.041069; 1.075621, 1.668815, 1.656323, 1.763707, 1.800914, 1.842141, 1.839539, 1.837409, 1.845217, 1.842991, 2.087210, 2.118499, 2.117451, 2.788154, 2.792162, 2.876705, 3.793851, 3.796211, 3.798534, 3.797615, 3.799590, 3.831779, 4.394042, 4.422363, 4.364012, 4.401530, 5.371994, 5.303231, 5.339581, 5.309652, 6.327427, 6.358706, 6.305797, 6.337003, 6.366125, 6.517023, 6.545989, 6.529227, 6.557082, 6.583248, 7.422291, 7.444653, 7.465725, 7.431575
1.000000, 1.957595, 2.962094, 1.002700, 1.592222, 1.688146, 1.700251, 1.666872, 1.630464, 1.770778, 1.793358, 2.700898, 2.659559, 2.629384, 2.684036, 2.667338, 2.862402, 3.855083, 3.830710, 4.071979; 4.218359, 4.312911, 4.646717, 4.586900, 4.626305, 4.574421, 4.610242, 4.615321, 4.923146, 4.935634, 4.919641, 4.841322, 4.810121, 4.830105, 5.405486, 5.380429, 5.488010, 5.433455, 5.422407, 5.595803, 5.543398, 5.846987, 5.869212, 5.827422, 6.254875, 6.385301, 6.765730, 6.765665, 6.799107, 6.808936
1.000000, 1.000661, 1.486824, 1.403815, 1.555009, 1.490409, 1.581429, 1.544083, 2.191427, 2.455429, 2.412657; 2.609148, 2.588754, 2.662676, 2.625882, 2.592814, 2.698957, 3.654754, 4.422208, 4.539735, 4.504836, 4.991725, 4.965898, 5.008374, 5.077075, 5.048423, 5.977901, 6.236272, 6.276978, 6.333600, 6.428038, 6.494899, 6.560918, 6.524994, 6.508354, 6.474663, 6.535715, 6.503578, 6.513913, 7.429311, 7.396701, 8.186060, 8.836090, 9.321057, 9.589629, 9.551964, 10.435173, 11.198993, 11.165006, 11.169684
1.000000, 1.000005, 1.395768, 1.500008, 1.592113, 1.681130; 2.215793, 2.287539, 1.113211, 1.111739, 1.213935, 1.222607, 1.220620, 1.222300, 1.217918, 1.214211, 1.215248, 1.223695, 1.225417, 1.225938, 1.223022, 1.229906, 1.257652, 1.321122, 1.318524, 1.324997, 1.322766, 1.553885, 1.558755, 1.553692, 2.498417, 2.491988, 2.488061, 2.483177, 2.479288, 2.473968, 2.491521, 2.487860, 2.490559, 3.374930, 3.372405, 3.433652, 3.424227, 3.419332, 3.410444, 3.439752, 3.548519, 3.537870, 3.527576, 3.529041
1.000000, 1.000870; 1.186880, 1.193996, 1.424254, 2.261644, 1.801657, 1.799364, 2.764081, 1.393102, 1.392676, 1.390829, 1.389106, 1.475073, 1.474001, 2.447123, 2.446946, 2.446843, 3.244384, 3.244689, 3.255494, 3.271439, 3.271153, 3.271534, 3.768919, 3.788038, 3.797418, 3.996818, 4.005430, 4.007529, 4.054241, 4.054415, 2.224596, 2.229720, 2.234575, 2.212621, 2.217973, 2.223660, 2.228178, 2.232903, 2.287082, 2.267882, 2.272170, 3.275937, 3.279934, 3.283766, 3.296498, 3.790751, 3.803773, 3.812025
1.000000, 1.100102, 1.597537, 2.016526, 2.048956, 2.979443; 3.713372, 3.714712, 3.663598, 3.357495, 3.373350, 3.550915, 4.038220, 4.274928, 4.619146, 4.648056, 4.453154, 4.495769, 4.591159, 4.609338, 4.619383, 5.184559, 6.114172, 6.141099, 6.149731, 6.193889, 6.249894, 6.315521, 6.329688, 6.398480, 6.760201, 6.770964, 6.842471, 7.050139, 8.089043, 8.224280, 8.249584, 8.350918, 8.375729, 8.333040, 8.479590, 8.537394, 8.937489, 8.950624, 9.081994, 9.107063, 9.169883, 9.176328, 9.192434, 9.700168
1.000000; 1.930571, 2.017017, 1.000868, 1.001148, 1.769148, 1.775311, 1.825057, 1.089759, 1.688874, 1.696013, 1.684906, 1.697748, 1.804937, 1.788013, 1.798811, 2.799610, 2.781087, 2.841083, 2.849145, 2.833050, 3.083930, 3.092993, 3.076611, 3.086290, 3.093401, 3.144590, 3.107577, 3.061706, 3.161464, 3.133204, 3.309522, 3.265583, 3.360134, 3.317816, 3.582940, 3.694775, 3.654839, 3.661732, 4.171032, 4.123005, 4.079265, 4.179331, 4.153522, 4.110003, 4.201857, 4.897683, 4.866644, 5.040219, 4.998692
1.000000; 1.003516, 1.304308, 1.353671, 1.780346, 1.871655, 1.804968, 2.463913, 2.686339, 2.794987, 3.718931, 4.086216, 4.951984, 5.567564, 6.495577, 6.567426, 6.787544, 6.858634, 7.035572, 7.102927, 7.793544, 7.862537, 8.420763, 8.478738, 8.425435, 8.555878, 8.508251, 8.165873, 8.128812, 8.198207, 8.743651, 8.820616, 8.748643, 8.820618, 9.194043, 9.346878, 9.335928, 9.423404, 9.612912, 9.789956, 9.744306, 9.819611, 9.747812, 10.542013, 11.439217, 11.506143, 11.470142, 11.090348, 4.048939, 4.741289
1.000000; 1.734604, 1.000274, 1.729326, 2.545990, 1.129097, 1.698060, 1.643259, 1.705852, 2.334061, 2.451722, 2.509193, 2.974496, 3.075923, 2.994313, 3.094680, 3.474349, 1.537315, 1.552645, 1.540150, 1.554008, 1.544938, 1.534795, 1.546936, 1.938289, 1.951630, 1.941833, 2.085560, 2.073311, 2.087416, 2.075842, 2.089045, 2.078077, 2.068735, 2.080832, 2.888113, 2.923935, 2.903679, 2.928566, 2.909184, 2.932594, 3.206086, 3.233884, 3.211011, 3.189075, 3.215320, 3.194689, 3.219785, 3.199414, 3.227440
1.000000, 1.654864, 1.523989, 1.037069, 1.032104, 1.035102, 1.039612, 1.037396; 1.037273, 1.031684, 1.031571, 1.032052, 1.048719, 1.049033, 1.055826, 1.054625, 1.054550, 1.051033, 1.049870, 1.047193, 1.056534, 1.111255, 1.117772, 1.122534, 1.132282, 1.143795, 1.143721, 1.162515, 1.160288, 1.157828, 1.154647, 1.173630, 1.179607, 1.178303, 1.175854, 1.173498, 1.170136, 1.187002, 1.189398, 1.197798, 1.203410, 1.200222, 1.198258, 1.204374, 1.204151, 1.203994, 1.201718, 1.199191, 1.214900, 1.214712
1.000000, 1.000011; 1.000704, 1.000610, 1.008295, 1.081328, 1.076349, 1.072580, 1.092780, 1.265896, 1.285019, 1.275032, 1.269289, 1.338884, 1.331970, 1.326377, 1.317695, 1.372699, 1.364268, 2.110734, 3.025019, 3.138825, 3.111839, 3.391484, 3.614997, 3.709527, 4.353025, 4.311510, 4.275692, 5.142678, 5.335600, 5.394267, 5.734623, 5.692977, 5.651614, 5.839649, 6.371284, 6.330344, 6.286687, 6.254441, 6.213678, 6.407444, 6.376761, 7.085946, 7.052995, 7.011813, 7.200029, 7.315767, 7.725084, 8.206509
1.000000, 1.982919, 1.984030; 2.655049, 2.708039, 2.825689, 2.942003, 1.000430, 1.894110, 1.896091, 1.881488, 1.884195, 2.886203, 3.297675, 3.492492, 3.495898, 4.273845, 4.274778, 4.273750, 4.953229, 4.963402, 5.519132, 5.529528, 5.528896, 5.827782, 5.838627, 5.848614, 5.846859, 6.652909, 6.651211, 6.649297, 7.552515, 7.588706, 7.585549, 4.900493, 4.890428, 5.526554, 5.516405, 5.607505, 5.597863, 5.787327, 5.776418, 5.826946, 5.934729, 5.939109, 5.929243, 5.919790, 5.995494, 6.277895, 6.311370
1.000000, 1.586096; 1.295597, 1.354873, 1.523252, 1.554229, 1.576275, 1.094202, 1.138766, 1.155106, 1.155915, 1.156584, 1.157147, 1.154466, 1.155106, 1.155911, 1.157262, 1.166766, 1.167206, 1.165081, 1.165564, 1.166003, 1.166402, 1.166766, 1.165081, 1.218509, 1.224589, 1.225733, 1.226882, 1.227669, 1.224058, 1.224896, 1.226227, 1.226960, 1.227775, 1.224710, 1.238006, 1.250692, 1.251378, 1.339543, 1.491936, 1.488623, 1.493089, 1.493796, 1.494474, 1.504115, 1.501241, 1.643925, 1.646897, 1.647494
1.000000, 1.004979, 1.031275, 1.003316; 1.003551, 1.001819, 1.004382, 1.004162, 1.004567, 1.004267, 1.800425, 1.866512, 1.864192, 1.851429, 1.873272, 1.882876, 1.881833, 1.871730, 1.890444, 1.889240, 1.889663, 1.968661, 1.958272, 1.979494, 1.980379, 1.981191, 2.001897, 2.730137, 2.720873, 2.715562, 2.717420, 2.745929, 2.724821, 2.726337, 2.720225, 3.111166, 3.136524, 3.137423, 3.119923, 3.184578, 3.337338, 3.338677, 3.955382, 3.961483, 3.982866, 3.963447, 3.946342, 4.815898, 4.835954, 4.965629
1.000000, 1.000007; 1.994027, 2.835353, 2.847357, 3.826038, 2.792301, 3.071992, 3.071100, 3.489855, 3.559180, 4.465873, 4.554711, 5.569726, 5.587041, 3.994462, 2.233738, 2.361954, 2.379748, 2.378633, 2.402335, 2.541255, 3.515242, 3.753632, 3.857909, 3.955116, 3.969946, 4.389399, 4.377319, 4.447927, 4.533373, 4.656615, 4.971298, 4.963660, 5.975399, 6.067589, 6.085884, 6.276112, 6.288032, 6.299367, 6.742405, 6.741861, 6.964530, 7.001771, 7.010552, 7.790820, 7.847499, 8.249674, 8.257603, 8.806057
1.000000, 1.118719; 1.161958, 1.174482, 1.711483, 2.052136, 2.416761, 1.459441, 1.464137, 1.439706, 1.603043, 2.186437, 2.243635, 2.876954, 2.922305, 3.222681, 3.221887, 3.229165, 3.349963, 3.356360, 3.336726, 3.395344, 3.408746, 3.412401, 3.534055, 3.519330, 3.836308, 4.718697, 4.748592, 4.768339, 4.891691, 4.880242, 4.892384, 4.901503, 4.896968, 4.905451, 4.957147, 4.949387, 4.975483, 5.326219, 5.340374, 5.338079, 5.398141, 5.385733, 5.457625, 5.465496, 5.472378, 5.593030, 6.435271, 6.441925
1.000000; 1.187030, 1.351612, 1.220305, 1.717343, 1.810086, 1.674968, 2.610910, 1.428793, 1.433383, 1.447469, 2.379505, 2.805643, 3.762273, 4.299115, 4.455065, 5.073560, 5.075221, 5.920501, 5.993439, 6.408690, 6.449320, 6.412372, 6.542359, 6.745976, 6.780920, 6.757193, 6.789810, 6.830201, 7.830428, 7.789185, 8.293151, 9.191182, 9.311281, 9.316497, 9.354073, 9.836157, 10.455917, 10.500956, 10.769033, 10.793684, 10.818256, 10.983453, 11.007899, 10.987534, 11.984485, 11.976425, 12.731563, 12.725663, 12.742092
1.000000; 1.022769, 2.011362, 1.983792, 1.026965, 1.030026, 1.032274, 1.931734, 1.963164, 2.149264, 2.139058, 2.449823, 2.506110, 2.986517, 2.963288, 3.039754, 3.195070, 3.218741, 3.201935, 3.528577, 4.538475, 4.510499, 4.481358, 5.041045, 5.484472, 5.435407, 5.396525, 5.877363, 5.864423, 5.862576, 6.822184, 6.919998, 7.317054, 7.344155, 8.421439, 9.040241, 9.038381, 9.433728, 3.204745, 3.322683, 3.316930, 3.383237, 3.518890, 3.523255, 3.512660, 3.633395, 3.627554, 3.623835, 3.619107, 4.129646
1.000000, 1.999983, 1.992292; 2.863480, 3.625192, 3.678236, 4.035079, 4.529656, 5.191497, 6.165041, 2.871285, 2.826507, 2.866989, 2.834708, 2.870873, 2.875360, 2.905453, 2.943859, 2.961155, 2.953820, 3.003572, 3.244317, 3.680550, 3.900722, 4.715317, 4.750625, 4.812354, 5.096023, 5.136379, 5.717981, 6.169989, 6.822411, 6.774052, 7.152072, 7.492289, 8.519400, 8.731320, 8.949619, 9.912012, 9.963569, 6.816038, 7.517847, 7.495893, 8.188212, 8.316844, 8.443466, 8.950998, 8.994651, 9.849384, 9.786643
1.000000, 1.009713, 1.706095; 1.552618, 1.602505, 1.613641, 1.643221, 1.218121, 1.349749, 2.320081, 3.190354, 3.246869, 3.316469, 4.087673, 4.151628, 4.125224, 4.133519, 4.151084, 4.908268, 4.876834, 4.897110, 4.880447, 5.011583, 5.383956, 5.420263, 6.383582, 6.387311, 6.495131, 7.130744, 7.202736, 7.206676, 7.182610, 7.198850, 7.207962, 7.212346, 7.279562, 7.284273, 7.263856, 7.468717, 7.472820, 8.374797, 8.383804, 8.370995, 8.405158, 9.087697, 9.108538, 9.202604, 9.189190, 9.849421, 9.912782
1.000000, 1.941765, 2.645714, 2.708853, 2.604367, 1.088078; 1.104085, 1.507195, 1.486908, 1.542762, 1.551400, 2.519022, 2.528272, 2.757297, 2.718797, 2.739127, 2.727203, 2.751607, 3.160590, 3.207080, 3.360012, 3.308554, 3.942115, 3.966679, 4.542203, 4.588619, 4.807058, 4.717419, 4.769155, 3.594291, 3.595038, 3.673217, 3.741033, 3.967289, 3.972075, 3.972294, 4.260814, 4.301146, 4.310085, 4.353571, 4.376835, 4.353171, 4.863501, 4.875427, 5.848740, 5.850374, 5.868303, 5.884096, 5.885507, 5.890714
1.000000, 1.844824, 1.843372, 1.991264, 2.061516, 2.071051; 2.087259, 2.174070, 2.193762, 2.215008, 2.213230, 2.675350, 2.839885, 3.555275, 3.576219, 3.726862, 3.742137, 3.877153, 3.890864, 4.068746, 4.076487, 4.611027, 4.670041, 4.670160, 4.704247, 4.725991, 4.724915, 4.830545, 5.011249, 5.011541, 5.119571, 5.340107, 5.459323, 5.497820, 5.501683, 5.455355, 5.484876, 5.547364, 5.506907, 5.531993, 5.555341, 5.515928, 5.539510, 5.508348, 5.531601, 5.552790, 5.518758, 5.553364, 6.429763, 6.391273
1.000000, 1.000509, 1.001814, 1.026798; 1.064571, 1.382054, 2.029173, 3.098540, 3.331610, 3.480393, 3.435025, 3.470314, 3.558173, 3.517274, 3.543304, 3.459501, 3.475524, 3.538024, 3.525308, 3.543904, 1.391461, 1.387958, 1.378971, 1.390237, 1.382532, 1.405941, 1.416524, 1.639076, 1.676028, 1.674169, 1.693798, 1.679380, 1.666200, 1.681486, 1.681118, 1.703468, 1.690966, 1.680171, 1.693806, 1.742528, 1.896586, 1.897779, 1.894063, 1.909081, 1.896693, 1.908138, 1.907730, 1.897147, 1.935608, 2.103242
1.000000, 1.000869, 1.184929, 1.401851, 2.017825; 1.970756, 2.764197, 3.590719, 1.350261, 1.373611, 1.374601, 1.533642, 2.143624, 2.153348, 2.161290, 2.160180, 2.183416, 2.275072, 2.273690, 2.291449, 2.412295, 3.186244, 3.204666, 3.228981, 3.483098, 3.507000, 3.570454, 3.589768, 4.155121, 4.225345, 4.229453, 4.234180, 4.414411, 4.429190, 5.225130, 6.042087, 6.050018, 6.053495, 6.080164, 6.085564, 6.707908, 6.714075, 6.774847, 1.913899, 2.468572, 2.467427, 2.471261, 2.494507, 2.537454, 2.642670
1.000000, 1.000886, 1.303411; 2.079847, 2.175510, 2.180378, 2.187666, 2.191193, 2.195380, 2.197779, 1.799871, 1.786722, 2.745429, 2.756967, 2.752786, 2.748857, 2.745245, 2.741921, 3.073003, 3.419309, 3.416561, 3.413900, 4.411335, 4.409072, 3.019423, 3.130587, 3.135159, 3.307058, 2.344662, 2.685436, 2.687702, 2.689888, 2.676273, 2.678471, 2.680576, 2.755772, 2.804900, 2.857543, 2.859628, 2.861641, 2.848871, 2.851061, 2.997036, 3.975492, 3.977278, 3.982195, 3.984507, 3.973936, 3.999066, 4.001274
1.000000, 1.000171, 1.140862, 1.207278, 1.378238, 1.749608, 2.032912, 2.033103, 2.034460, 2.269238; 2.341505, 2.354738, 2.822693, 2.822120, 3.796818, 3.877148, 3.877548, 3.877910, 3.882844, 4.112734, 4.555538, 5.319380, 6.143786, 6.500994, 6.501713, 6.505592, 6.671100, 6.671576, 6.672397, 6.672809, 6.675552, 6.676490, 7.504133, 8.416607, 9.344218, 9.401449, 9.399162, 10.104826, 10.134994, 10.422028, 10.421741, 10.421074, 10.420501, 11.115185, 11.113994, 11.747264, 11.745864, 11.799989, 11.798739, 11.863124
1.000000; 1.010366, 1.014833, 1.014490, 1.583064, 1.958701, 1.985564, 2.488934, 2.491537, 2.912941, 3.069572, 3.067714, 3.118539, 1.879040, 1.954576, 1.957388, 2.148700, 2.192780, 2.299148, 2.324356, 2.325163, 2.406657, 2.481395, 2.483096, 2.538628, 2.537401, 2.539848, 2.548300, 2.550946, 2.671404, 2.726454, 3.319627, 3.327363, 3.369443, 3.677803, 3.674978, 3.673694, 3.700510, 3.698596, 3.905145, 3.906088, 4.084676, 4.093117, 4.111781, 4.107448, 4.115090, 4.110726, 4.151004, 4.190282, 4.186552
1.000000; 1.736685, 1.753910, 2.558942, 3.089851, 2.976014, 3.362214, 3.642907, 3.634375, 3.529044, 3.730060, 3.638597, 3.561666, 3.670308, 3.834642, 3.792740, 4.129020, 4.554451, 5.436554, 5.361834, 5.527962, 5.730149, 5.928441, 6.594593, 6.509268, 6.481037, 7.313447, 7.256460, 8.156070, 8.323077, 8.585386, 8.933562, 9.106634, 9.158256, 9.259983, 10.161030, 10.797462, 11.694491, 11.198677, 11.798527, 12.790506, 12.944220, 13.014241, 13.078575, 13.994646, 14.978912, 14.990186, 14.991790, 15.973893, 16.972371
1.000000, 1.000412; 1.824882, 1.073186, 1.250963, 1.270382, 1.493102, 1.527238, 1.781188, 1.817479, 1.766450, 1.169653, 1.215773, 1.556450, 1.549037, 2.160245, 2.145717, 3.121348, 4.090214, 5.134625, 5.139978, 5.124528, 5.110364, 3.634696, 3.673821, 3.666420, 3.661724, 3.704912, 4.714582, 4.705531, 5.042050, 5.033891, 5.089931, 5.112085, 5.110712, 5.110347, 5.109148, 5.113932, 5.966316, 6.332863, 6.334593, 6.865611, 6.862047, 6.858607, 6.855294, 6.857145, 6.868217, 6.864970, 6.872362, 6.869757
1.000000; 1.000054, 1.005166, 1.006598, 1.007626, 1.006174, 1.129395, 1.128112, 1.132169, 1.134465, 1.171086, 1.172248, 1.237200, 1.500774, 1.504868, 1.520683, 1.522148, 1.524940, 1.524857, 1.525146, 1.525398, 1.767434, 2.714062, 2.709615, 2.728968, 3.262293, 3.268958, 3.566988, 3.807833, 3.827566, 3.851038, 3.912543, 4.235843, 4.246777, 4.218430, 4.376290, 4.388139, 5.011062, 4.985201, 4.995128, 5.087431, 5.096209, 6.070817, 6.079203, 6.622039, 6.602100, 7.514620, 8.226175, 8.234440, 8.321858
1.000000, 1.191707, 1.501951, 1.411971; 1.415102, 1.660540, 1.812042, 2.105113, 2.007643, 2.588811, 2.591491, 2.763521, 2.755502, 2.920307, 2.899176, 3.856031, 4.679884, 5.134912, 5.611776, 5.638156, 5.612635, 6.058018, 6.230768, 6.223927, 7.216896, 7.349713, 7.496566, 7.423486, 7.525432, 7.518375, 7.860306, 8.468498, 8.594994, 8.853469, 9.385401, 9.488750, 8.417292, 8.682435, 9.115384, 9.527860, 9.714447, 9.707646, 9.113379, 9.259896, 9.603063, 9.946042, 9.973051, 10.001432, 9.927702, 10.948862
1.000000, 1.356499, 1.530881, 1.464944, 1.506193, 1.465303, 1.494211, 1.614833, 1.633430, 2.217957, 3.160281, 3.697540, 3.607191, 3.710077, 3.682634, 4.048679, 4.154508, 4.700019, 5.196127, 5.234977, 2.183850, 2.190323, 2.206017, 2.168901, 2.182377, 2.397296, 2.413651, 2.394606, 2.969646, 3.267446, 3.252425, 3.710111, 3.716925, 3.739931, 3.730153, 3.805508, 3.788784, 4.000652, 4.016171, 3.989699, 4.003953, 4.000839, 4.188035; 4.161233, 4.175630, 4.190078, 4.169358, 4.389155, 4.583533, 4.736810
1.000000, 1.000018; 1.001231, 1.001517, 1.001682, 1.057870, 1.057987, 1.059047, 2.041848, 2.046804, 2.147254, 2.166791, 3.124965, 3.488073, 3.475313, 1.241568, 1.325202, 1.310283, 1.306749, 1.320809, 1.307690, 1.307130, 1.319524, 1.331259, 1.329240, 1.326574, 1.337480, 1.458924, 1.446398, 1.465298, 1.453551, 1.451556, 1.480825, 1.469530, 1.480093, 1.477818, 1.487700, 1.477304, 1.475285, 1.493798, 1.484250, 1.647425, 1.658507, 1.647630, 1.645228, 1.657835, 1.912421, 1.900018, 1.899839, 1.919876
1.000000, 1.000001, 1.000031, 1.223966, 1.223966; 1.221664, 1.223569, 1.227807, 1.227976, 1.811668, 2.349651, 2.370431, 2.369801, 2.369079, 2.368465, 2.367935, 2.375548, 2.374613, 3.026370, 3.032242, 3.035632, 3.045535, 3.046431, 3.047303, 3.066598, 3.067323, 3.067965, 3.060710, 3.063287, 3.064065, 3.064761, 3.065421, 3.426164, 3.432733, 3.433905, 3.624475, 3.625717, 3.626894, 3.614356, 3.618126, 3.641811, 4.023010, 4.025170, 3.527585, 3.529059, 3.827494, 3.829194, 4.135539, 4.137311, 4.118245
1.000000, 1.000029, 1.064760, 2.120505, 2.203366, 2.117978; 2.216101, 2.251761, 2.193927, 2.573411, 2.524934, 3.037391, 3.026583, 3.144026, 3.225219, 3.197061, 3.170219, 3.239978, 3.368347, 3.633742, 3.661566, 4.578925, 4.646613, 4.646109, 4.623472, 4.685349, 4.664608, 4.650929, 5.338584, 6.137886, 4.275528, 4.291835, 4.326576, 4.311272, 4.503713, 4.433724, 4.644566, 4.662399, 4.660406, 4.791765, 5.368220, 5.389726, 5.428176, 6.328408, 6.341435, 6.386973, 6.570632, 6.706963, 6.720734, 6.702879
1.000000; 1.000329, 1.971938, 2.992645, 2.879104, 2.711635, 2.941803, 2.965397, 3.117312, 2.127962, 1.331710, 1.343670, 1.312422, 1.369013, 1.558066, 2.486601, 2.811786, 2.838773, 2.911803, 2.888408, 3.415547, 2.811959, 3.069736, 2.942811, 3.120566, 3.110568, 3.198306, 3.826503, 4.401921, 4.506285, 4.365199, 4.464201, 5.093861, 5.138193, 5.210641, 5.173670, 5.214624, 5.163081, 1.845426, 1.861328, 2.136963, 2.158897, 2.128393, 2.149482, 2.170247, 2.572006, 2.603602, 2.559294, 2.593084, 2.622941
1.000000; 1.000364, 1.000642, 1.002011, 1.000381, 1.000420, 1.000724, 1.002207, 1.317400, 1.293214, 1.301514, 1.367576, 1.613110, 1.614759, 1.616243, 1.617584, 1.614120, 1.651868, 1.678681, 1.939676, 1.931276, 1.997377, 2.000176, 2.906752, 2.916678, 2.917512, 3.857390, 3.857535, 3.857580, 4.466228, 4.460159, 5.444607, 5.583347, 5.588747, 5.780651, 5.781443, 5.782324, 6.705177, 6.717880, 7.169766, 7.170177, 8.086309, 8.081842, 8.083428, 8.085015, 8.532754, 9.291440, 9.293224, 10.135663, 9.321826
1.000000, 1.000000; 1.003684, 1.004306, 1.361549, 1.361444, 1.795898, 1.744295, 2.661889, 2.840086, 2.791834, 2.841415, 2.899738, 2.947922, 2.905649, 2.948195, 2.910869, 2.955430, 3.645624, 3.656833, 3.650447, 4.431285, 4.413694, 4.395511, 4.413864, 4.623038, 1.651704, 1.637034, 1.655191, 1.928423, 2.032807, 2.006063, 2.028148, 2.049860, 2.082359, 2.091224, 2.130897, 2.107933, 2.128643, 2.173717, 2.194241, 2.177000, 2.196541, 2.176157, 2.160797, 2.440129, 2.475137, 2.463907, 2.442986, 2.653671
1.000000, 1.055148, 1.001027, 1.002636, 1.018031; 1.752244, 1.758748, 1.763488, 1.778470, 2.039447, 2.041716, 2.044297, 2.047588, 2.087810, 2.088951, 2.089932, 2.076712, 2.084194, 2.085777, 2.087245, 2.088578, 2.089731, 1.849885, 1.852576, 1.852568, 2.180093, 2.180330, 2.987277, 2.995994, 3.004095, 3.114885, 3.132161, 1.834191, 1.835830, 1.837445, 1.839004, 1.840524, 1.852341, 1.838094, 1.839435, 1.840760, 1.846163, 1.847432, 1.851288, 1.852629, 1.861894, 1.863103, 1.864287, 1.865455, 1.854193
1.000000, 1.998055; 1.040957, 1.043145, 1.263310, 1.253771, 1.289902, 1.004650, 1.026082, 1.026547, 1.530124, 1.614308, 1.572860, 1.535159, 1.502052, 1.857227, 1.846005, 1.852180, 1.842663, 2.022806, 2.119093, 2.099367, 2.081504, 2.065258, 2.279811, 2.258180, 2.351211, 2.564788, 2.684265, 2.686820, 2.652567, 2.259917, 2.289698, 2.190133, 2.235644, 2.305396, 2.332271, 2.243223, 2.305976, 2.342445, 2.526485, 3.231522, 3.258096, 3.283952, 3.309139, 2.014812, 1.995315, 2.000732, 2.006149, 2.011921
1.000000; 1.325913, 1.311327, 2.297458, 2.841689, 3.552603, 3.853112, 4.156953, 4.181718, 5.119981, 5.139086, 4.584749, 4.594599, 4.598008, 4.592120, 1.326361, 1.313285, 1.341267, 1.328795, 1.331634, 1.356999, 1.345760, 1.335410, 1.357647, 1.489891, 2.061335, 2.211757, 2.604968, 2.628358, 2.903789, 2.860604, 2.946924, 3.263550, 3.218879, 3.924246, 3.877387, 3.983417, 3.938213, 3.895244, 4.010487, 3.975775, 3.935486, 4.023306, 3.982971, 3.948003, 4.030371, 3.992482, 3.994273, 4.118685, 4.086527
1.000000, 1.000084, 1.000090, 1.619110, 1.880254, 2.236589, 2.459170; 2.505748, 2.362317, 2.542045, 2.529893, 2.825406, 3.793386, 3.806043, 3.651904, 3.723232, 3.752591, 4.595755, 5.051770, 5.029358, 5.076529, 4.974713, 5.583217, 5.810961, 5.800921, 6.095701, 6.151787, 6.296648, 6.299685, 6.813666, 6.797871, 7.543687, 7.538316, 1.785237, 2.222385, 2.765931, 3.475696, 3.639240, 3.659889, 3.665565, 4.262889, 4.399654, 4.849032, 4.956245, 4.952835, 4.972290, 4.929765, 4.927850, 5.291149, 5.824216
1.000000; 1.000000, 1.001505, 1.324126, 1.357713, 1.408324, 1.628514, 1.950269, 1.924050, 2.054336, 2.121129, 2.183455, 2.161908, 2.139233, 2.191887, 2.440925, 2.490202, 2.628091, 2.660577, 2.630790, 2.698728, 2.669562, 2.644195, 3.580002, 3.606266, 3.729272, 3.775362, 3.802646, 3.782602, 3.944379, 4.431161, 4.404217, 4.379549, 5.413518, 5.385719, 5.359486, 5.415910, 5.390243, 5.688558, 6.036037, 6.366138, 6.732160, 7.331205, 7.448259, 7.412848, 7.750844, 8.521922, 9.452263, 9.542914, 10.080335
1.000000; 1.351871, 2.056997, 2.233723, 2.545289, 1.376599, 2.362979, 2.437951, 3.093216, 3.171010, 3.843071, 3.853134, 3.847377, 4.614584, 2.951210, 2.958153, 2.940694, 3.363690, 3.367338, 4.059372, 4.316744, 4.338962, 4.398971, 5.018578, 5.941474, 5.977661, 5.985384, 6.038052, 6.165651, 6.172126, 5.130268, 5.110197, 5.178347, 5.206950, 5.545490, 5.553843, 6.141388, 6.150806, 6.201470, 7.192435, 7.203254, 7.395651, 7.368302, 8.115779, 8.140976, 8.105607, 8.132164, 8.249750, 9.250662, 9.800414
1.000000, 1.891946; 1.971655, 2.301329, 3.159797, 3.665375, 4.338938, 4.475178, 4.329797, 5.127199, 5.983262, 1.879769, 2.856651, 3.816291, 3.852302, 3.872637, 3.898329, 3.900851, 3.909094, 4.181004, 5.165254, 5.195080, 5.426882, 6.427452, 6.524154, 6.531403, 6.559090, 7.547933, 7.561265, 7.563768, 7.761450, 8.105478, 8.126559, 8.150807, 8.165613, 8.151826, 8.160222, 8.637829, 8.643457, 8.731903, 8.735193, 8.938633, 8.982196, 9.761640, 9.761250, 9.917813, 9.919300, 10.162995, 11.124862, 11.124088
1.000000; 1.000000, 1.053166, 1.005383, 1.332442, 1.491684, 1.897229, 2.792916, 3.711548, 3.553688, 3.884913, 3.636693, 3.561278, 3.589058, 3.657786, 3.883287, 4.099229, 4.139449, 4.768623, 4.900728, 4.939451, 4.971027, 5.470746, 5.689781, 5.761372, 5.840379, 6.430467, 6.345367, 6.408737, 6.439829, 6.705867, 6.625858, 6.655318, 7.145021, 7.067416, 7.544360, 7.899924, 7.948923, 7.875163, 8.093960, 8.125648, 8.156640, 8.126506, 8.650928, 8.749111, 8.871988, 8.998327, 9.031223, 9.063828, 8.979860
1.000000, 1.000000, 1.354654, 1.013483; 1.017100, 1.016593, 1.022948, 1.020692, 1.023291, 1.023489, 1.024391, 1.025197, 1.024033, 1.024812, 1.659304, 1.644781, 1.686177, 1.686160, 1.684444, 1.676546, 1.702832, 1.690686, 1.742825, 1.811527, 1.834030, 1.899244, 1.885121, 1.915571, 1.941385, 1.938396, 1.949571, 1.975527, 1.986797, 2.190042, 2.183317, 2.189365, 2.180424, 2.183582, 2.186629, 2.175946, 2.258215, 2.246597, 2.342970, 2.421454, 2.407059, 2.427780, 2.522727, 2.549088, 3.261494, 3.241914
1.000000, 1.060020, 1.001114, 1.997000, 2.993360; 2.986861, 2.996873, 2.998080, 3.018087, 1.869279, 1.876549, 1.948010, 1.979321, 1.983992, 1.984086, 2.102716, 2.035923, 2.042026, 2.076844, 2.148988, 2.148935, 2.152866, 2.151402, 2.168715, 2.167477, 2.166610, 2.165666, 2.178427, 2.217893, 2.217940, 2.231372, 2.441985, 2.555452, 2.560148, 2.566325, 2.726035, 2.771070, 2.769647, 3.784937, 3.783279, 4.323696, 4.322426, 4.319983, 4.318355, 4.347882, 4.346209, 4.344153, 4.342981, 4.439082, 5.268769
1.000000, 1.033484, 1.032868; 1.073450, 1.062962, 1.077576, 1.144609, 1.137673, 1.157763, 1.504769, 1.558165, 1.520206, 1.581116, 1.547262, 1.585979, 1.587865, 1.560677, 1.615913, 1.592449, 2.433679, 2.403609, 1.559738, 1.578524, 1.596200, 1.641537, 1.659854, 1.631820, 1.626813, 1.626224, 1.622052, 1.617938, 1.634294, 1.629974, 1.628318, 1.624386, 1.623384, 1.619787, 1.633692, 1.630037, 1.626817, 1.625515, 1.622339, 1.634534, 1.631335, 1.630121, 1.635915, 1.633065, 1.631940, 1.629263, 1.639900
1.000000, 1.000094, 1.871128, 2.870268, 3.535263, 1.949830, 1.968551, 2.045310, 2.045332, 2.085533; 2.134715, 2.134694, 2.167401, 2.487783, 2.496226, 3.148493, 3.169847, 3.177765, 3.174891, 3.572923, 3.571178, 3.569424, 4.085567, 4.585011, 4.584506, 4.677420, 5.201877, 5.387945, 6.031221, 6.075677, 6.074769, 7.071386, 7.161816, 7.380527, 8.285750, 9.184763, 9.186413, 9.190181, 9.008427, 9.194775, 9.791680, 10.236360, 10.517278, 10.521523, 10.697137, 10.736638, 10.762557, 10.764248, 10.769659, 10.809225
1.000000, 1.000532, 1.001519; 1.001996, 1.001509, 1.038700, 1.793418, 2.592261, 2.708703, 2.310496, 2.496585, 2.450932, 2.411921, 3.195935, 4.024532, 3.930818, 3.901093, 3.792467, 4.715128, 4.683469, 4.584847, 4.846306, 2.429144, 2.391569, 2.387985, 2.360035, 2.457500, 2.440175, 2.413828, 2.389591, 2.487936, 2.458649, 2.477607, 2.455948, 2.535012, 2.508277, 2.480662, 2.464159, 2.676682, 1.805772, 1.815121, 1.808093, 1.775414, 1.784280, 1.837328, 1.822432, 1.791666, 1.799652, 1.807681, 1.829819
1.000000; 1.000000, 1.241524, 1.233696, 1.923893, 1.881519, 1.873644, 1.957723, 1.918223, 2.255331, 2.284429, 2.258605, 2.280400, 2.260154, 2.279113, 1.540454, 1.511465, 1.541696, 1.514641, 1.490567, 1.592311, 1.581363, 1.608584, 1.590744, 1.666709, 1.806836, 1.862705, 1.833531, 1.989687, 2.102907, 2.141331, 2.107591, 2.144280, 2.112730, 2.494231, 2.465693, 2.431852, 2.471943, 2.469856, 2.508809, 2.715601, 2.764472, 2.728860, 2.774325, 2.738276, 2.827471, 2.841816, 2.886460, 2.848314, 2.999184
1.000000, 1.959920; 2.326813, 2.504710, 1.053002, 1.054005, 1.050440, 1.943248, 2.942917, 3.546801, 3.547617, 3.729292, 3.739833, 4.240082, 4.895972, 5.820950, 6.625789, 7.579818, 7.540732, 5.035828, 5.011872, 5.188894, 4.331739, 4.411090, 4.439710, 4.405416, 5.101935, 5.070177, 5.665214, 5.648863, 5.759609, 5.830449, 5.795324, 6.335321, 6.685405, 6.729709, 7.446729, 8.380871, 9.168182, 9.176928, 9.374483, 9.359474, 9.564670, 9.603116, 9.896421, 10.032447, 9.667926, 9.863578, 9.895561, 10.648367
1.000000, 1.030605, 1.030605, 1.509080, 1.789546; 2.503204, 1.214994, 1.215880, 1.220983, 1.711836, 1.719225, 1.718674, 1.739279, 1.745634, 1.985998, 2.126346, 2.138235, 2.922319, 1.681496, 1.789942, 2.770972, 3.025732, 3.038550, 3.697470, 3.845057, 4.832875, 4.848702, 5.497103, 5.729558, 5.858609, 6.000371, 6.967021, 7.336772, 7.360837, 8.064592, 8.087252, 8.394463, 8.400628, 8.473311, 8.571436, 9.118180, 9.982430, 9.999589, 10.085895, 11.010126, 11.014259, 11.667932, 12.623503, 12.626864, 12.590370
1.000000, 1.003361, 1.656953; 2.142056, 1.968453, 2.828002, 2.726794, 2.639618, 2.679289, 3.184835, 3.920772, 3.924306, 3.950759, 1.160134, 1.180712, 1.190377, 1.191084, 1.207750, 1.198914, 1.179972, 1.195904, 1.196320, 1.243258, 1.258981, 1.291123, 1.284081, 1.284630, 1.259862, 1.282441, 1.278640, 1.313398, 1.313462, 1.354046, 1.368752, 1.389705, 1.389925, 1.404876, 1.490198, 1.533249, 1.530889, 1.530109, 1.555701, 1.544723, 1.614042, 1.671965, 1.894910, 1.913241, 1.936110, 1.958163, 1.944458
1.000000, 1.732067; 1.589597, 1.939133, 1.491937, 1.599995, 1.781029, 2.603870, 2.704578, 3.505843, 3.609279, 1.360684, 1.362610, 1.354429, 1.359686, 1.515370, 1.526194, 1.535009, 1.537359, 1.551480, 1.553939, 2.411839, 2.590687, 2.603352, 2.606210, 2.612522, 2.616793, 2.620878, 2.626120, 2.629389, 2.614125, 2.619676, 2.774425, 2.779911, 2.854029, 2.948370, 3.047292, 3.057873, 3.062856, 3.072673, 3.077068, 3.210659, 3.231648, 3.410470, 3.444343, 3.451365, 3.605778, 3.687893, 3.723690, 3.856087
1.000000, 1.047290; 1.008862, 1.023700, 1.021932, 1.020005, 1.021525, 1.043350, 1.842747, 1.833533, 2.210176, 2.552162, 2.513054, 3.064259, 3.013603, 2.979664, 2.938604, 2.901331, 2.867315, 3.347359, 3.336074, 4.080514, 4.075082, 4.043410, 4.228482, 4.187288, 4.148480, 4.148098, 4.358458, 4.450822, 5.118308, 5.075027, 5.731182, 5.682617, 5.636327, 5.886377, 5.839798, 5.795305, 6.211223, 6.166694, 6.123618, 6.329641, 6.284051, 6.240903, 6.199455, 6.217417, 6.608670, 6.616555, 6.573932, 6.643812
1.000000, 1.000001, 1.205790, 2.102232, 2.694562, 2.770752, 2.758859, 2.736929, 2.708887; 2.904350, 2.913826, 2.892112, 2.951026, 2.933665, 2.940231, 2.925545, 2.905993, 2.935763, 2.928229, 3.463608, 3.944003, 3.975038, 4.260762, 4.273760, 4.256762, 4.801646, 5.295552, 5.313631, 5.343685, 5.509160, 5.506029, 5.517858, 5.510196, 5.507036, 5.504250, 5.514718, 5.652245, 5.665768, 5.663326, 5.688453, 6.686372, 6.677840, 6.728562, 6.736944, 6.735386, 6.704876, 6.703637, 6.810893, 6.827927, 6.826432
1.000000; 1.099590, 1.003521, 1.090105, 2.082485, 2.097114, 2.100059, 2.099994, 2.185100, 3.174982, 1.034946, 1.036062, 1.033291, 1.034336, 1.061047, 1.062407, 1.058832, 1.060149, 1.061336, 1.062546, 1.059640, 1.060691, 1.061657, 1.059162, 1.066747, 1.067675, 1.071046, 1.068797, 1.069654, 1.096097, 1.275271, 1.270308, 1.283189, 1.284983, 1.281958, 1.356692, 1.358748, 1.360692, 1.355520, 1.357473, 1.359308, 1.362578, 1.359991, 1.361748, 1.363431, 1.359020, 1.365413, 1.367032, 1.368558, 1.391947
1.000000, 1.106169, 1.126565, 1.518420, 1.463431, 1.503411, 1.590767, 1.565133, 1.754036, 1.768929, 1.772486, 1.864518, 2.141136; 2.822042, 1.430064, 1.478309, 1.468220, 1.593018, 1.575760, 1.607517, 2.580447, 2.666278, 3.711803, 4.000427, 4.361228, 4.337357, 4.315510, 4.564878, 4.538874, 4.531129, 4.519999, 4.508008, 4.495740, 4.532482, 4.478481, 4.828598, 4.812435, 5.774694, 5.763624, 5.750326, 5.768872, 6.120989, 6.103561, 6.088786, 6.088659, 6.075227, 6.064815, 6.509784, 6.493566, 6.719018
1.000000, 1.000004, 1.000004, 1.517162, 1.456681; 1.851338, 1.663702, 1.766787, 1.776004, 2.538636, 3.039695, 3.268653, 3.310800, 2.796829, 2.831234, 2.851662, 3.452989, 3.521327, 3.584551, 4.433059, 4.397505, 4.412444, 5.134412, 5.965337, 5.931109, 5.903814, 5.932387, 6.006747, 5.998746, 5.974849, 6.422349, 6.498184, 7.104447, 7.207509, 7.338835, 7.492929, 7.473784, 7.769886, 7.842351, 7.813519, 8.512780, 8.469495, 8.890186, 9.731692, 9.771502, 9.719326, 9.138211, 9.171178, 9.080917, 9.048703
1.000000, 1.000016, 1.224121, 1.229165, 1.238038, 2.150210, 2.168379, 2.184341, 2.969324, 3.001451, 3.042604, 3.071488, 3.086322, 4.058464, 4.070787, 4.683815, 4.700120; 4.561551, 4.753997, 5.574498, 5.612720, 5.631794, 6.254857, 7.213699, 7.224155, 7.233691, 7.319077, 7.705442, 7.913789, 8.017668, 8.037495, 8.779008, 8.790994, 9.008049, 9.035620, 9.079381, 9.265006, 9.292032, 9.306123, 9.318575, 9.699408, 10.141484, 10.556180, 10.569699, 11.191524, 11.414904, 12.231194, 12.258977, 12.279230, 12.870954
1.000000, 1.074436, 1.112682, 1.245519; 1.379899, 1.367794, 1.347414, 1.333135, 1.509189, 2.472735, 2.448214, 2.485780, 2.484433, 2.469161, 2.528130, 2.510191, 2.493556, 2.478711, 2.503403, 2.496777, 2.545326, 2.538070, 2.525927, 2.515059, 2.509123, 2.702078, 2.914551, 3.046226, 3.086945, 3.078249, 3.097954, 3.128294, 3.122411, 3.123818, 3.140525, 3.679283, 3.868844, 3.911306, 4.001076, 4.018906, 4.257379, 4.536928, 4.521906, 5.422426, 5.465816, 5.565065, 5.615783, 5.915506, 6.945866, 7.157767
1.000000, 1.033429; 1.049846, 1.691182, 2.687846, 1.374507, 1.379424, 1.452314, 1.590662, 1.590988, 1.591138, 1.594481, 1.594893, 1.595813, 1.726073, 1.727335, 1.729284, 1.730364, 2.315995, 2.315727, 2.302755, 2.309634, 2.309186, 2.526281, 2.540695, 2.525647, 2.524751, 3.379224, 3.495819, 3.508286, 3.509060, 3.500711, 3.499712, 3.510911, 3.506065, 3.516522, 3.511635, 3.604117, 3.599050, 3.610584, 3.607683, 3.617623, 3.623750, 3.648137, 3.791958, 4.551460, 4.544650, 4.560552, 2.417085, 2.480248
1.000000, 1.001916, 1.001282; 1.201864, 1.739893, 1.726509, 1.746833, 1.803228, 1.761692, 1.935591, 1.933069, 1.956110, 2.291159, 2.293963, 3.197518, 3.419725, 3.428632, 3.540937, 3.525671, 3.572882, 3.806996, 1.495321, 1.548009, 1.662281, 1.654779, 1.661715, 1.688201, 1.678239, 1.846510, 1.864149, 1.868960, 1.862705, 1.871725, 1.882225, 1.955366, 1.945214, 2.225415, 2.277430, 2.285188, 2.629231, 2.621472, 2.629760, 2.639851, 2.658342, 2.645580, 2.816006, 2.827270, 2.817024, 2.810162, 2.820867
1.000000, 1.000000, 1.008184, 1.007918, 1.207794, 1.222461; 1.187852, 1.200903, 1.569485, 1.719437, 1.719110, 1.737046, 1.739887, 1.739211, 1.777266, 1.774792, 1.775646, 1.785577, 1.785865, 1.931627, 2.025545, 2.037220, 2.047682, 2.058847, 3.052523, 3.061312, 3.398625, 3.525627, 3.542030, 3.568466, 3.472270, 3.480718, 3.486631, 4.031157, 4.044781, 4.043160, 4.056346, 4.313657, 4.325990, 4.738943, 5.145986, 5.141572, 4.845158, 4.998904, 5.125531, 5.356027, 5.367329, 5.368954, 6.350603, 6.358627
