0.391630, 0.490441, 0.490441, 0.490440; 0.490439, 0.490655, 0.491424, 0.490533, 0.521623, 0.522886, 0.522932, 0.521878, 0.522007, 0.521203, 0.521365, 0.522133, 0.522214, 0.522290, 0.521689, 0.521701, 0.522251, 0.522304, 0.522042, 0.522113, 0.522482, 0.521587, 0.521639, 0.522004, 0.653718, 0.652791, 0.652749, 0.652698, 0.674439, 0.674508, 0.674165, 0.674638, 0.675118, 0.675148, 0.635142, 0.636164, 0.636552, 0.636955, 0.637065, 0.523169, 0.523146, 0.523006, 0.523893, 0.523747, 0.523831, 0.523458, 0.522634
0.197589, 0.604006; 0.314789, 0.314789, 0.314794, 0.309073, 0.308957, 0.310485, 0.094313, 0.094021, 0.093795, 0.094232, 0.499323, 0.499403, 0.499400, 0.499235, 0.499304, 0.499365, 0.499235, 0.499259, 0.499313, 0.499200, 0.495890, 0.496032, 0.495732, 0.495285, 0.495424, 0.495134, 0.495269, 0.495394, 0.494657, 0.494779, 0.494790, 0.494549, 0.494663, 0.494769, 0.494869, 0.494653, 0.493851, 0.493955, 0.493731, 0.492507, 0.489266, 0.488915, 0.489033, 0.489188, 0.488858, 0.489012, 0.489158, 0.481203, 0.481180
6.852625, 7.890830, 7.030291, 7.012425, 7.017523, 6.836134, 6.841317, 2.221653, 2.234929, 2.230602, 2.229208, 2.232895, 2.228828, 1.720058, 1.726726, 1.721669, 1.734521, 1.730580, 1.460704, 1.429275, 1.429754, 1.429066, 1.429094, 1.446191; 2.187825, 2.189455, 2.190075, 2.202998, 2.203643, 2.204336, 2.205028, 2.207818, 2.208258, 2.212876, 2.216038, 2.236900, 2.237081, 2.227522, 2.206168, 2.204734, 2.205692, 2.206178, 2.206558, 2.209137, 2.133400, 2.133057, 2.133358, 2.136382, 2.134780, 2.135109, 2.135847
0.293709, 0.426548; 0.426549, 0.023411, 0.030358, 0.366078, 0.364090, 0.364863, 0.365302, 0.365878, 0.331849, 0.333098, 0.333086, 0.343573, 0.331308, 0.331068, 0.331206, 0.330828, 0.330973, 0.330775, 0.330884, 0.320284, 0.320436, 0.320564, 0.321579, 0.321765, 0.333276, 0.333655, 0.334128, 0.334444, 0.328685, 0.291181, 0.352698, 0.354616, 0.356243, 0.351333, 0.353098, 0.308344, 0.307349, 0.316295, 0.309989, 0.311023, 0.309656, 0.308004, 0.308868, 0.313475, 0.306203, 0.307020, 0.307770, 0.308577, 0.321614
3.818408, 1.067508, 1.881857, 4.705442, 2.234916, 4.518797, 3.832329, 3.133096, 3.242137; 2.196853, 2.199108, 2.259053, 2.204033, 2.246915, 1.634689, 1.572236, 1.573595, 1.586953, 1.454807, 1.462772, 1.466165, 1.473337, 1.475349, 1.481049, 1.242074, 1.229463, 1.157557, 1.161552, 1.163881, 1.167589, 1.104614, 1.107812, 1.044648, 1.048745, 1.051514, 0.934791, 0.940984, 0.869401, 0.869927, 0.874058, 0.874517, 0.878319, 0.879185, 0.882641, 0.880730, 0.883672, 0.884350, 0.886781, 0.887435, 0.728385, 0.647967
0.885423, 1.163002; 0.885423, 0.266407, 0.267493, 0.267930, 0.805898, 0.791554, 0.794215, 0.796464, 0.792943, 0.794812, 0.796464, 0.793685, 0.797571, 0.798723, 0.796690, 0.797703, 0.798512, 0.799339, 0.800119, 0.798830, 0.799538, 0.800235, 0.799388, 0.800005, 0.800596, 0.795661, 0.796138, 0.795801, 0.796374, 0.796800, 0.796073, 0.793872, 0.763663, 0.762776, 0.763290, 0.763771, 0.762948, 0.763399, 0.762639, 0.763097, 0.763515, 0.762803, 0.763486, 0.763869, 0.489950, 0.488912, 0.487488, 0.488969, 0.487994
0.000000, 0.000000, 0.000000, 0.000000, 0.000000, 0.000000, 0.000000, 0.000000, 0.000000, 0.000000, 0.000000, 0.000000, 0.000000, 0.000000, 0.000000, 0.000000, 0.000000, 0.000000; 0.000000, 0.000000, 0.000000, 0.000000, 0.000000, 0.000000, 0.000000, 0.000000, 0.000000, 0.000000, 0.000000, 0.000000, 0.000000, 0.000000, 0.000000, 0.000000, 0.000000, 0.000000, 0.000000, 0.000000, 0.000000, 0.000000, 0.000000, 0.000000, 0.000000, 0.000000, 0.000000, 0.000000, 0.000000, 0.000000, 0.000000, 0.000000, 0.000000
23.025851, 23.025851, 23.025851, 23.025851, 6.034337, 6.033414, 6.267275, 6.292101, 6.471505, 6.508020, 6.512689; 5.990712, 5.981007, 6.057593, 6.052597, 6.045476, 6.279794, 6.278319, 6.307783, 6.317680, 6.314269, 6.313836, 6.310807, 6.303274, 6.305087, 6.433377, 6.429577, 6.310328, 6.324950, 6.323855, 6.322800, 6.346964, 6.352099, 6.083802, 6.083791, 6.092520, 6.124677, 6.122455, 6.129570, 6.104905, 6.103288, 5.547033, 5.544602, 5.564749, 5.607018, 5.604467, 5.645581, 5.759095, 5.757705, 5.757161, 5.757133
0.123224, 0.222886; 0.222369, 0.222183, 0.222037, 0.222272, 0.222212, 0.222136, 0.222424, 0.222448, 0.152302, 0.145933, 0.149183, 0.151727, 0.153992, 0.196547, 0.197803, 0.198684, 0.216389, 0.217262, 0.218017, 0.216389, 0.217145, 0.217812, 0.287989, 0.289429, 0.291037, 0.287432, 0.277297, 0.278538, 0.275963, 0.277153, 0.278286, 0.275947, 0.277037, 0.277405, 0.278349, 0.276179, 0.277147, 0.278074, 0.286648, 0.287479, 0.273332, 0.271795, 0.272499, 0.272827, 0.271409, 0.257688, 0.258432, 0.256868, 0.205910
0.402031, 0.507185, 0.507185, 0.507185, 0.507185, 0.507208; 0.507195, 0.352032, 0.323553, 0.331025, 0.331668, 0.331318, 0.343475, 0.343289, 0.343395, 0.346295, 0.346075, 0.346186, 0.369036, 0.372341, 0.371863, 0.371385, 0.370745, 0.370954, 0.371147, 0.371096, 0.370410, 0.382350, 0.391857, 0.423932, 0.424519, 0.424110, 0.405092, 0.405812, 0.405872, 0.406287, 0.406133, 0.406496, 0.410750, 0.410575, 0.410803, 0.409826, 0.413056, 0.418519, 0.418785, 0.418673, 0.427196, 0.427414, 0.427877, 0.428329, 0.428228
3.269689, 15.637424, 15.625080, 6.540211, 6.832994, 4.735082, 4.966878, 4.764008, 3.567137, 3.670126, 3.471614, 3.426834, 4.178390, 4.386596, 3.647777, 3.668870, 3.652443, 2.720922, 2.712366, 2.720262, 2.729158, 2.736191, 2.732043, 2.737310; 3.185722, 3.231896, 3.239821, 2.722695, 2.625526, 2.634475, 2.639202, 2.644742, 2.652705, 2.649964, 2.656082, 2.666773, 2.715769, 2.722785, 2.736724, 2.741800, 2.733641, 2.718673, 2.724789, 2.718873, 2.724946, 2.917682, 2.924316, 2.341131, 2.354135, 2.344403, 2.353456
6.493856, 17.269388, 3.484367, 3.842920, 5.377711, 5.512015, 5.526518, 5.514006, 6.469518, 6.042279, 5.991634, 6.074283, 5.763111, 5.750338, 5.049063, 5.021702, 5.008811, 5.002868, 4.996578; 4.987740, 5.609143, 5.607403, 5.613303, 5.610833, 5.656235, 5.667379, 5.665258, 5.662544, 5.700508, 5.697764, 5.804369, 5.818885, 5.814003, 5.844466, 6.018118, 6.013334, 6.011323, 6.022289, 6.089786, 6.087558, 6.136559, 6.136561, 6.134509, 6.132357, 6.128399, 6.128620, 6.135174, 6.133737, 6.150456, 6.148247, 6.146011
0.061081, 0.016852; 0.012668, 0.093757, 0.093560, 0.093526, 0.093632, 0.093588, 0.301308, 0.352564, 0.354407, 0.353569, 0.353023, 0.352087, 0.064876, 0.064700, 0.064322, 0.064742, 0.064007, 0.063859, 0.063730, 0.055200, 0.054825, 0.054556, 0.055254, 0.054990, 0.054745, 0.054512, 0.055113, 0.054890, 0.054675, 0.051982, 0.042339, 0.041128, 0.041075, 0.041981, 0.041642, 0.042459, 0.042137, 0.042959, 0.042654, 0.042361, 0.030011, 0.030807, 0.030233, 0.001629, 0.000945, 0.001108, 0.001267, 0.001960, 0.001561
0.390851, 0.497207; 4.024987, 1.923565, 0.930001, 0.980521, 4.787396, 4.936616, 5.032711, 4.633889, 3.984840, 3.919070, 3.862998, 3.760099, 2.250343, 0.852680, 0.861130, 0.839803, 0.847457, 0.854553, 0.861481, 0.843954, 0.826301, 0.831554, 0.818377, 0.828265, 0.833106, 0.838594, 0.826671, 0.830267, 0.834470, 0.838532, 0.827997, 0.831814, 0.821107, 0.814774, 0.820364, 0.810420, 0.813604, 0.805373, 0.808377, 0.812399, 0.814398, 1.179221, 1.140150, 1.142922, 1.111461, 1.114840, 1.118111, 1.120836, 1.083120
0.000000, 0.000000, 0.000000, 0.000000, 0.000000, 0.000000, 3.292675, 3.246526, 3.258343, 3.096381, 3.411105, 3.415503, 3.409088, 3.389543, 3.258951, 3.242191, 3.243108, 3.184471; 3.154216, 3.152780, 3.152521, 3.078442, 3.079304, 3.080271, 3.081722, 3.081819, 3.080754, 2.989369, 2.971990, 2.850600, 2.834762, 2.835185, 2.836037, 2.837012, 2.837584, 2.819914, 2.819341, 2.819373, 2.820126, 2.820850, 2.819823, 2.820071, 2.816443, 2.817005, 2.815763, 2.816273, 2.808275, 2.807872, 2.807995, 2.801455, 2.801836
0.046986, 0.004142; 0.066743, 0.091884, 0.046635, 0.026962, 0.034718, 0.833803, 0.806695, 0.802411, 0.803926, 0.805998, 0.803225, 0.804348, 0.805689, 0.805827, 0.800815, 0.801168, 0.806241, 0.805041, 0.447880, 0.450338, 0.444787, 0.320877, 0.533820, 0.531724, 0.408084, 0.407648, 0.403975, 0.398076, 0.332405, 0.332692, 0.331975, 0.332288, 0.332574, 0.341587, 0.297514, 0.305427, 0.306268, 0.304829, 0.285502, 0.285772, 0.282511, 0.282797, 0.283245, 0.282191, 0.282628, 0.283065, 0.283483, 0.282599, 0.283014
0.035555, 0.538056, 0.537245; 0.247991, 0.891245, 0.873295, 0.871995, 0.871034, 0.866584, 0.862533, 0.795493, 0.766082, 0.767574, 0.758500, 0.762431, 0.747691, 0.751647, 0.497569, 0.501217, 0.473569, 0.122846, 0.123736, 0.119879, 0.154209, 0.156022, 0.156509, 0.158308, 0.164138, 0.165907, 0.087414, 0.088621, 0.083855, 0.084872, 0.085873, 0.086907, 0.087609, 0.088534, 0.091441, 0.092320, 0.089730, 0.090992, 0.091787, 0.092569, 0.090231, 0.090960, 0.096125, 0.109789, 0.107920, 0.108524, 0.109118, 0.109699
0.253970, 0.273735; 0.233946, 0.233946, 0.196430, 0.196548, 0.196236, 0.196346, 0.196430, 0.196495, 0.196313, 0.196376, 0.196430, 0.196318, 0.196372, 0.196417, 0.196516, 0.197238, 0.197296, 0.197349, 0.197396, 0.197268, 0.197314, 0.197357, 0.197655, 0.197712, 0.197767, 0.197819, 0.197684, 0.197733, 0.197780, 0.197825, 0.197706, 0.197749, 0.197791, 0.197684, 0.197726, 0.197764, 0.197801, 0.197705, 0.197741, 0.197775, 0.197808, 0.197721, 0.197753, 0.197784, 0.197711, 0.197741, 0.197770, 0.197799, 0.197724
0.000000, 4.501535, 4.441370, 4.320374, 4.314821, 4.313953, 3.946948, 3.946904, 3.847238, 3.846232, 3.943262, 3.949205, 3.940352, 3.898738, 3.851525, 3.798349, 3.804772, 3.807829, 3.808129, 3.809158; 3.878698, 4.232296, 4.226992, 4.228660, 4.249616, 4.245965, 4.243732, 4.263131, 4.263346, 4.363298, 4.359599, 4.369854, 4.370119, 4.371185, 4.372073, 4.371040, 4.371305, 4.351157, 4.328915, 4.330218, 4.329966, 4.315748, 4.279793, 4.280015, 4.286612, 4.277208, 4.276893, 4.424533, 4.424307, 4.423457, 4.423420
2.905322, 15.267099, 15.369904, 3.198395, 3.203604, 3.203541, 3.727719, 3.726862, 3.726642, 3.726946, 3.732053, 3.747132, 3.747413, 3.746716, 3.746279, 3.745331, 3.745326, 3.745154, 3.742616, 3.740264, 3.740281, 3.739461, 3.738322, 3.738103, 3.738723, 3.741885, 3.741326, 3.742775, 3.741159, 3.745846, 3.745579, 3.745104, 3.745706, 3.745679, 3.748037, 3.748407, 3.748302, 3.748254, 3.747893; 3.747961, 3.748570, 3.761777, 3.763949, 3.759604, 3.790622, 3.781786, 3.781451, 3.781205, 3.787684, 3.787697, 3.787337
0.143677, 0.546013, 0.303035; 0.158531, 0.112028, 0.218704, 0.219129, 0.199198, 0.153415, 0.131648, 0.131860, 0.128708, 0.126456, 0.126048, 0.137019, 0.138502, 0.136743, 0.134664, 0.133553, 0.131899, 0.140144, 0.139118, 0.138011, 0.137026, 0.136307, 0.140181, 0.139418, 0.139629, 0.138864, 0.138839, 0.138794, 0.141291, 0.144218, 0.143724, 0.143260, 0.142851, 0.157482, 0.164803, 0.164548, 0.247637, 0.247518, 0.247386, 0.247813, 0.245761, 0.232777, 0.232704, 0.232533, 0.232472, 0.232561, 0.231256, 0.232986
4.917582, 5.930202, 5.209930, 5.209751, 5.209957, 5.209828, 5.209736; 5.209814, 5.208808, 5.208791, 5.199718, 5.194441, 4.739455, 4.739124, 4.738851, 4.740096, 4.739794, 4.725562, 4.730949, 4.730967, 4.805255, 4.805939, 4.811539, 4.750913, 4.751280, 4.751635, 4.751596, 4.751893, 4.754624, 4.736705, 4.696436, 4.693720, 4.694682, 4.685167, 4.684063, 4.684590, 4.684549, 4.674515, 4.675016, 4.674227, 4.674707, 4.675166, 4.676392, 4.676826, 4.677003, 4.677420, 4.677820, 4.648035, 4.648342, 4.648639, 4.648153
1.301884, 4.502480, 1.190847, 1.375888, 1.301777, 1.301642, 3.527037, 3.548888, 3.585960, 3.534766, 3.544185, 3.501775, 3.934171, 3.954750, 3.935078, 3.942752, 3.962990, 3.915861, 4.058246, 4.045281, 4.020055; 3.979852, 3.934990, 3.954687, 3.950644, 3.951365, 3.947657, 3.948346, 3.939859, 4.134954, 4.124324, 4.127239, 4.162624, 4.155325, 4.151551, 4.101660, 4.149501, 4.157728, 4.157002, 4.159309, 4.149280, 4.148812, 4.111829, 4.112636, 4.108577, 3.816394, 3.791085, 3.769571, 3.773807, 3.775316, 3.776527
2.507401, 3.092067, 2.151143, 1.851446, 1.880391, 1.884821, 1.852877, 1.897750, 0.366710, 0.558445, 0.589273, 0.588891; 0.322345, 0.318306, 0.332028, 0.324413, 0.317668, 0.334735, 0.499549, 0.510058, 0.516648, 0.510808, 0.415637, 0.409690, 0.407766, 0.416204, 0.410765, 0.456460, 0.459252, 0.457066, 0.465715, 0.462314, 0.464661, 0.472974, 0.468263, 0.469380, 0.464846, 0.472410, 0.468102, 0.466197, 0.439473, 0.435757, 0.426882, 0.497185, 0.511303, 0.516841, 0.514545, 0.543634, 0.529732, 0.527724, 0.525956
0.197666, 0.197666, 0.197666, 0.169631, 0.162868, 0.158580, 0.153807; 0.170194, 0.167465, 0.196014, 0.195918, 0.195924, 0.196256, 0.196289, 0.196268, 0.196204, 0.196141, 0.196096, 0.196220, 0.196172, 0.196135, 0.196086, 0.196286, 0.196270, 0.196267, 0.196230, 0.196206, 0.196166, 0.196425, 0.196405, 0.196375, 0.197014, 0.197002, 0.197001, 0.196989, 0.196982, 0.196970, 0.197016, 0.197009, 0.197000, 0.197129, 0.197124, 0.197143, 0.197135, 0.197130, 0.197122, 0.197154, 0.198708, 0.198674, 0.198641, 0.198714
1.877465, 2.761064, 2.760374; 2.788483, 2.787062, 2.860623, 2.055684, 2.491636, 2.487911, 1.906011, 1.880676, 1.877500, 1.876571, 1.875879, 1.849934, 1.848751, 1.861121, 1.860597, 1.860128, 1.714425, 1.715949, 1.715857, 1.717041, 1.716741, 1.716487, 1.729404, 1.730234, 1.730623, 1.712207, 1.711260, 1.711321, 1.693157, 1.693207, 2.538445, 2.536406, 2.534483, 2.543250, 2.541170, 2.539314, 2.537514, 2.535148, 2.459077, 2.465698, 2.464195, 1.463531, 1.462997, 1.462488, 1.310022, 1.344009, 1.345179, 1.344548
0.179600, 5.256797, 0.603427, 0.179534, 0.151891, 0.206863, 0.195171; 0.199336, 0.196947, 0.195406, 0.187578, 0.187408, 0.193508, 0.188097, 0.187636, 0.187146, 0.188719, 0.189297, 0.193034, 0.192703, 0.192512, 0.193341, 0.174930, 0.232936, 0.232359, 0.231820, 0.234384, 0.234777, 0.234076, 0.233418, 0.233821, 0.224421, 0.224133, 0.225066, 0.224145, 0.446835, 0.448836, 0.451203, 0.451768, 0.453358, 0.437155, 0.437124, 0.392539, 0.389629, 0.388682, 0.391818, 0.393314, 0.394807, 0.396213, 0.395215, 0.397218
0.030239, 2.149078; 1.299779, 1.176111, 0.337710, 0.337363, 0.810836, 0.816289, 0.742823, 0.350814, 0.347980, 0.347984, 0.347972, 0.348706, 0.329979, 0.331262, 0.330730, 0.316099, 0.316881, 0.319426, 0.319065, 0.319473, 0.319929, 0.319188, 0.319878, 0.319568, 0.319275, 0.080435, 0.077778, 0.074325, 0.081669, 0.077766, 0.082844, 0.079932, 0.086219, 0.083392, 0.091429, 0.096861, 0.094432, 0.095720, 0.113160, 0.110797, 0.108664, 0.113016, 0.111263, 0.109140, 0.113605, 0.132215, 0.130635, 0.127066, 0.125303
1.363315, 2.464872; 0.474329, 1.610839, 1.579839, 1.404204, 1.371643, 1.395339, 1.517842, 1.545802, 1.532022, 1.287108, 1.308356, 1.196924, 1.149652, 1.066216, 1.059134, 1.052056, 1.045738, 1.071152, 1.065664, 1.032444, 1.027244, 1.018569, 1.014279, 1.018232, 1.018572, 1.022334, 1.238840, 1.242708, 1.237422, 1.211349, 1.206221, 1.211059, 1.206221, 1.237806, 1.230876, 1.232238, 1.228813, 1.241178, 1.233991, 1.238461, 1.235164, 1.238309, 1.274764, 1.376312, 1.373637, 1.375074, 1.201833, 0.984752, 1.077543
0.122478, 0.059301; 0.065629, 0.080152, 0.080153, 0.184059, 1.130019, 0.200654, 0.174075, 0.196116, 0.244224, 0.255191, 0.267574, 0.276308, 0.284130, 0.272793, 0.277693, 0.304636, 0.527579, 0.523836, 0.526878, 0.523508, 0.525770, 0.528276, 0.525282, 0.537409, 0.534968, 0.536614, 0.536775, 0.538524, 0.536513, 0.538163, 0.536282, 0.537845, 0.539286, 0.537557, 0.406161, 0.401695, 0.404575, 0.401269, 0.404019, 0.400873, 0.407957, 0.405133, 0.407481, 0.409710, 0.407044, 0.409153, 0.406606, 0.408675, 0.406607
1.681107, 12.858948, 2.664289, 2.641963, 4.563983, 4.614477, 3.638284, 3.565314, 3.574870; 3.572596, 3.694481, 3.662924, 3.640737, 3.419893, 3.427040, 3.427458, 3.419932, 3.412101, 3.470885, 3.474478, 3.522915, 3.422808, 3.321025, 3.323181, 3.306174, 3.126150, 3.114920, 3.111180, 3.106399, 3.132031, 3.129403, 3.135615, 3.072825, 3.081130, 3.066923, 3.086803, 3.085333, 3.090511, 3.039606, 3.055889, 3.064169, 3.045182, 3.049836, 3.051043, 3.059472, 3.058888, 3.057221, 3.072727, 3.076496, 3.036811, 3.035391
0.913019, 1.274008, 0.325742; 0.325756, 0.325753, 0.328366, 0.346727, 0.345478, 0.344530, 0.349578, 0.361967, 0.368268, 0.366859, 0.366373, 0.379319, 0.378649, 0.378187, 0.376870, 0.375030, 0.374009, 0.463206, 0.605912, 0.610498, 0.606672, 0.599884, 0.613063, 0.604664, 0.657986, 0.654759, 0.651940, 0.722607, 0.736107, 0.731056, 0.719112, 0.716658, 0.714306, 0.724734, 0.737059, 0.734847, 0.732672, 0.730711, 0.728706, 0.737542, 0.735657, 0.745295, 0.743449, 0.741715, 0.748885, 0.740938, 0.744601, 0.761369
0.759452, 1.077140, 0.366259, 0.366382; 0.291993, 0.297067, 0.283766, 0.299226, 1.076234, 0.040685, 0.038747, 0.052738, 0.050195, 0.375289, 0.302043, 0.115847, 0.114308, 0.188894, 0.187599, 0.196940, 0.222999, 0.222207, 0.253307, 0.252697, 0.251674, 0.262917, 0.269419, 0.268833, 0.267822, 0.288527, 0.287696, 0.286905, 0.370658, 0.372906, 0.372302, 0.019876, 0.020689, 0.029912, 0.029201, 0.034473, 0.033815, 0.034821, 0.034132, 0.036872, 0.042794, 0.042954, 0.042357, 0.041785, 0.046005, 0.019140, 0.015307
0.433153, 0.231930, 0.337961; 0.353320, 0.350948, 0.345930, 0.344934, 0.344240, 0.366241, 0.367209, 0.366586, 0.366585, 0.366585, 0.366585, 0.366586, 0.366586, 0.366586, 0.366586, 0.366588, 0.366588, 0.366589, 0.366588, 0.366588, 0.366588, 0.366588, 0.366589, 0.369713, 0.372344, 0.372447, 0.372592, 0.372690, 0.372262, 0.372349, 0.372436, 0.372521, 0.372605, 0.372248, 0.372300, 0.372350, 0.372424, 0.372319, 0.372111, 0.371827, 0.371882, 0.371941, 0.371999, 0.372042, 0.371795, 0.371639, 0.371687, 0.371736
0.278206, 0.280318, 0.280519, 0.317266, 0.379083; 0.379065, 0.302395, 0.301955, 0.301964, 0.301939, 0.301963, 0.302230, 0.302261, 0.302254, 0.302256, 0.302246, 0.302253, 0.302247, 0.302249, 0.302241, 0.302236, 0.302253, 0.287309, 0.287655, 0.286808, 0.286536, 0.286290, 0.285101, 0.331681, 0.331105, 0.331553, 0.331426, 0.331578, 0.330900, 0.330793, 0.331134, 0.329362, 0.328977, 0.328870, 0.328320, 0.328349, 0.318893, 0.318775, 0.256039, 0.257554, 0.255805, 0.257063, 0.257606, 0.300089, 0.301736, 0.298526
0.528089, 1.246463, 1.246465; 0.086653, 0.242066, 0.192260, 0.317317, 0.883105, 0.847489, 0.827903, 0.758043, 0.736927, 0.334207, 0.316148, 0.343279, 0.337745, 0.487797, 0.611304, 0.621235, 0.621793, 0.623726, 0.610929, 0.625468, 0.196388, 0.215519, 0.208661, 0.209724, 0.204678, 0.233047, 0.245587, 0.240957, 0.242438, 0.223619, 0.181113, 0.189589, 0.309531, 0.309999, 0.306494, 0.325807, 0.321997, 0.318349, 0.335328, 0.342968, 0.348164, 0.346077, 0.342800, 0.385197, 0.387547, 0.337511, 0.334383, 0.277031
0.316664, 0.637759, 0.607448; 0.598034, 0.595304, 0.498049, 0.455070, 0.453486, 0.331348, 0.331874, 0.326830, 0.333697, 0.302817, 0.302812, 0.245211, 0.244585, 0.252541, 0.252826, 0.252549, 0.249783, 0.249551, 0.249783, 0.249342, 0.249163, 0.249007, 0.247954, 0.248116, 0.251143, 0.262439, 0.262334, 0.262665, 0.264759, 0.264815, 0.264993, 0.265010, 0.264904, 0.264920, 0.264780, 0.265020, 0.264926, 0.271253, 0.271339, 0.271254, 0.270946, 0.271058, 0.271298, 0.271325, 0.271345, 0.270239, 0.286794, 0.286777
0.885732, 0.059636; 0.191403, 0.325279, 0.220196, 0.320689, 1.231953, 1.324776, 1.124756, 0.136981, 0.124837, 0.139966, 0.689329, 0.658048, 0.693479, 0.717058, 0.703916, 0.663287, 0.648691, 0.593737, 0.580039, 0.573249, 0.559672, 0.572058, 0.568014, 0.570432, 0.558899, 0.569259, 0.558589, 0.565494, 0.726847, 0.739448, 0.759556, 0.711009, 0.695850, 0.707265, 0.695649, 0.712010, 0.736439, 0.744721, 0.746082, 0.754745, 0.744543, 0.754754, 0.745090, 0.754304, 0.753480, 0.761773, 0.784384, 0.792352, 0.784161
0.019570, 0.710754; 2.106733, 0.694685, 0.822264, 1.076835, 1.075338, 1.076294, 0.506617, 0.507129, 0.459885, 0.469084, 0.425700, 0.403713, 0.329320, 0.336276, 0.336034, 0.330150, 0.335274, 0.341522, 0.331065, 0.282605, 0.285279, 0.287609, 0.237421, 0.210269, 0.213615, 0.216318, 0.241080, 0.243176, 0.244452, 0.238489, 0.231321, 0.212570, 0.213399, 0.282812, 0.282086, 0.284095, 0.192435, 0.042862, 0.048689, 0.049961, 0.045563, 0.060077, 0.060501, 0.062010, 0.067987, 0.070332, 0.071489, 0.072768, 0.037526
2.197666, 2.396438, 2.198252, 2.185156; 2.275924, 2.256567, 2.250522, 2.235152, 2.223200, 2.203024, 2.167619, 2.100343, 2.099449, 2.099595, 2.099666, 2.099739, 2.100300, 2.100387, 2.100589, 2.100300, 2.104010, 2.104067, 2.101829, 2.113133, 2.117252, 2.109084, 2.109271, 2.110428, 2.108336, 2.108520, 2.112088, 2.109349, 2.118846, 2.118766, 2.117361, 2.128052, 2.138438, 2.142807, 2.142192, 2.147815, 2.148559, 2.228245, 2.271292, 2.268866, 2.254223, 2.255045, 2.256861, 2.241425, 2.241178, 2.285883, 2.279886
0.503292, 0.841510, 0.830518, 0.309748; 0.398964, 0.375370, 0.372793, 0.360286, 1.043269, 1.008349, 0.308641, 0.068989, 0.068869, 0.073767, 0.033731, 0.064774, 0.058545, 0.054483, 0.048192, 0.227052, 0.248738, 0.240549, 0.243179, 0.237651, 0.344854, 0.342665, 0.401826, 0.414854, 0.398090, 0.399633, 0.389553, 0.386699, 0.398596, 0.395834, 0.394092, 0.391492, 0.391493, 0.389151, 0.399065, 0.401716, 0.399465, 0.427657, 0.425841, 0.434649, 0.430567, 0.443986, 0.442521, 0.441652, 0.439772, 0.451384, 0.450170
0.463180, 0.534351, 0.456637, 0.461805, 0.462434, 0.459811, 0.543779; 0.557405, 0.549140, 0.549378, 0.553015, 0.554069, 0.526819, 0.527373, 0.525292, 0.525687, 0.525989, 0.522954, 0.522999, 0.518833, 0.518911, 0.522336, 0.522725, 0.524042, 0.524092, 0.525373, 0.525463, 0.521366, 0.521560, 0.521578, 0.525998, 0.525962, 0.526304, 0.526310, 0.523917, 0.523913, 0.523900, 0.521611, 0.521169, 0.521093, 0.520766, 0.520592, 0.520788, 0.526121, 0.525998, 0.511800, 0.511676, 0.511457, 0.511667, 0.511541, 0.511454
0.394861, 0.402325, 0.303662, 0.303879, 0.341960, 0.337043, 0.336827; 0.337217, 0.336485, 0.335529, 0.335198, 0.335138, 0.311200, 0.297542, 0.271946, 0.271860, 0.268241, 0.267827, 0.263455, 0.263388, 0.269546, 0.269280, 0.257517, 0.256077, 0.256029, 0.257618, 0.257518, 0.257470, 0.264292, 0.275911, 0.275823, 0.273354, 0.269029, 0.266003, 0.266940, 0.311040, 0.311724, 0.311392, 0.310720, 0.311432, 0.311099, 0.310784, 0.310920, 0.310672, 0.312160, 0.311874, 0.311625, 0.312200, 0.312071, 0.363201, 0.363244
0.263982, 0.263982, 0.263924, 0.552557, 0.265736; 0.265375, 0.250963, 0.228237, 0.237628, 0.244142, 0.245080, 0.245382, 0.245479, 0.245077, 0.245298, 0.245436, 0.245056, 0.245363, 0.245067, 0.245578, 0.245662, 0.513153, 0.513639, 0.514847, 0.513367, 0.514522, 0.516225, 0.514898, 0.484888, 0.483460, 0.483632, 0.481961, 0.483549, 0.484852, 0.483250, 0.483275, 0.481473, 0.482839, 0.483721, 0.482383, 0.477489, 0.479704, 0.479762, 0.480032, 0.478849, 0.479926, 0.478715, 0.478895, 0.479793, 0.479764, 0.466071
0.280326, 5.076590, 0.280446, 0.154080, 0.255394, 0.230085; 0.232218, 0.253669, 0.257829, 0.158462, 0.155782, 0.155788, 0.161671, 0.205136, 0.204032, 0.203802, 0.203722, 0.204707, 0.206022, 0.205909, 0.206087, 0.207770, 0.219161, 0.219265, 0.219425, 0.221611, 0.221754, 0.224380, 0.225003, 0.229295, 0.230913, 0.230780, 0.230763, 0.237028, 0.236777, 0.241174, 0.269577, 0.269550, 0.269509, 0.265089, 0.264975, 0.278365, 0.278293, 0.278233, 0.009625, 0.039080, 0.038977, 0.034358, 0.035981, 0.037476, 0.020038
0.337654, 0.174756, 0.174794, 0.174761; 0.174759, 0.183675, 0.183531, 0.181591, 0.181284, 0.181000, 0.180738, 0.157790, 0.159244, 0.110454, 0.108412, 0.105842, 0.103598, 0.101626, 0.099878, 0.115873, 0.097850, 0.096180, 0.094667, 0.172285, 0.171042, 0.172466, 0.176112, 0.175506, 0.174939, 0.384871, 0.396085, 0.395670, 0.395281, 0.397818, 0.397396, 0.396997, 0.381328, 0.371783, 0.372935, 0.372581, 0.372244, 0.374464, 0.374097, 0.367659, 0.406177, 0.405873, 0.405464, 0.405214, 0.407004, 0.407791, 0.407323
6.195698, 0.491795, 0.491795, 0.491795, 0.491795, 1.039729, 1.078100, 0.965485, 0.965498, 0.965129, 0.982038; 0.965374, 0.954127, 1.151906, 1.151676, 0.848202, 0.840753, 0.840204, 0.839715, 0.838905, 0.847521, 0.864365, 0.801143, 0.754637, 0.763788, 0.763619, 0.763359, 0.757776, 0.757650, 0.757520, 0.757410, 0.757310, 0.757226, 0.728087, 0.776685, 0.721048, 0.719618, 0.719198, 0.766195, 0.765183, 0.758491, 0.758145, 0.757846, 0.757558, 0.741054, 0.740828, 0.750957, 0.750746, 0.749605, 0.749409, 0.798792
0.055174, 0.055174; 0.055174, 0.230842, 0.230897, 0.213870, 0.187853, 0.188372, 0.175632, 0.172313, 0.152580, 0.152503, 0.152355, 0.153340, 0.158483, 0.139883, 0.139642, 0.140775, 0.130671, 0.130989, 0.130867, 0.131530, 0.132088, 0.133241, 0.133858, 0.136440, 0.136091, 0.136690, 0.135981, 0.136483, 0.135691, 0.135699, 0.121108, 0.121292, 0.115165, 0.120684, 0.120487, 0.120296, 0.120274, 0.120086, 0.119622, 0.119600, 0.131086, 0.131547, 0.132029, 0.131781, 0.132208, 0.131970, 0.133125, 0.133913, 0.133659
0.161379, 0.054181; 0.294062, 0.284091, 0.013827, 0.367371, 0.376879, 0.423013, 0.412070, 0.394686, 0.397911, 0.391865, 0.394136, 0.395813, 0.394904, 0.390097, 0.387336, 0.398076, 0.412754, 0.259496, 0.262819, 0.256643, 0.269343, 0.287265, 0.310349, 0.312070, 0.316197, 0.340604, 0.342694, 0.406647, 0.403810, 0.417501, 0.434067, 0.431714, 0.418744, 0.425411, 0.436872, 0.438203, 0.469005, 0.571067, 0.551060, 0.522776, 0.512377, 0.513847, 0.507366, 0.509472, 0.421952, 0.421689, 0.421491, 0.302047, 0.247200
0.146514, 0.325243, 0.324948; 0.743861, 0.237853, 0.311502, 0.308988, 0.195180, 0.188459, 0.137353, 0.132766, 0.143946, 2.359809, 2.210738, 1.589977, 1.599151, 1.177494, 1.184713, 0.806262, 0.642275, 0.587360, 0.589121, 0.592120, 0.594844, 0.898768, 0.889745, 0.891718, 0.893327, 0.899059, 0.686707, 0.685798, 0.660240, 0.659351, 0.464758, 0.467242, 0.466902, 0.466530, 0.466199, 0.467247, 0.424822, 0.449544, 0.449504, 0.617065, 0.617410, 0.617742, 0.618053, 0.618212, 0.617180, 0.617486, 0.617346, 0.617600
0.464934, 0.408861; 0.266429, 0.266425, 0.266403, 0.266753, 0.266621, 0.266645, 0.266677, 0.267529, 0.267371, 0.273522, 0.273859, 0.278404, 0.262427, 0.262861, 0.263023, 0.262559, 0.262801, 0.263159, 0.263472, 0.262659, 0.263240, 0.160482, 0.159392, 0.161078, 0.191052, 0.191619, 0.214769, 0.211847, 0.212508, 0.213051, 0.213645, 0.214685, 0.215407, 0.213528, 0.212210, 0.212883, 0.204608, 0.202988, 0.203656, 0.204370, 0.204915, 0.214746, 0.215194, 0.218207, 0.217155, 0.226117, 0.250940, 0.251240, 0.253589
0.083952, 0.239106, 0.223508, 1.786181, 0.666556; 0.692107, 0.685565, 0.670580, 0.488203, 0.470294, 0.326273, 0.336148, 0.314914, 0.325596, 0.323967, 0.297781, 0.152660, 0.117410, 0.105537, 0.089129, 0.089088, 0.092857, 0.047752, 0.046369, 0.044756, 0.061330, 0.067277, 0.064925, 0.067358, 0.065140, 0.063179, 0.057345, 0.056653, 0.057825, 0.062885, 0.064578, 0.065154, 0.077305, 0.080083, 0.089562, 0.102745, 0.105342, 0.107175, 0.177842, 0.160947, 0.164382, 0.160724, 0.159174, 0.157707, 0.162547, 0.185979
10.239417, 10.239417, 10.239417, 10.239417, 6.105968, 5.951123, 5.745545, 5.666162, 5.721313, 5.253780, 5.291502, 5.426948, 5.584025, 5.540556, 5.501129, 5.177181, 5.172594, 5.201560, 5.316708, 5.441261, 5.441792, 5.782272, 5.798152, 5.783709, 5.792294, 5.778769, 5.865926, 5.820646, 5.828716, 5.882635, 5.888468, 5.897579, 5.912061, 5.920060, 5.911017, 5.916114, 5.482186, 5.481611, 5.474331, 5.458685, 5.470192, 5.458639, 5.444987, 5.195881; 5.199885, 5.195763, 5.191811, 5.192044, 5.196999, 5.190365, 5.192576
0.628596, 0.804025, 0.713249; 0.713250, 0.713250, 0.713250, 0.704361, 0.704356, 0.704212, 0.794255, 0.789210, 0.785342, 0.779728, 0.653866, 0.637520, 0.644653, 0.711255, 0.711020, 0.711409, 0.711375, 0.711091, 0.711455, 0.711113, 0.710853, 0.710581, 0.710867, 0.710914, 0.710696, 0.696474, 0.696879, 0.697234, 0.697598, 0.697501, 0.697411, 0.697736, 0.697548, 0.697464, 0.697292, 0.697586, 0.697508, 0.696410, 0.696676, 0.685620, 0.685339, 0.685685, 0.685684, 0.685218, 0.687463, 0.687749, 0.687768, 0.685263
0.383886, 0.383886, 0.383887, 0.383889, 0.474493, 0.474493; 0.474577, 0.474514, 0.474472, 0.474465, 0.457524, 0.448034, 0.449272, 0.449305, 0.449336, 0.449362, 0.449386, 0.449075, 0.449113, 0.440744, 0.440700, 0.440801, 0.440724, 0.440723, 0.440720, 0.440562, 0.440560, 0.440559, 0.440569, 0.440553, 0.440551, 0.440550, 0.440549, 0.443273, 0.443235, 0.443239, 0.438127, 0.438127, 0.438126, 0.438128, 0.438111, 0.437958, 0.435285, 0.435279, 0.412843, 0.412846, 0.413198, 0.413201, 0.416411, 0.416415, 0.416377
0.258658, 0.291989, 1.610137, 1.630018, 0.495001, 0.531779, 0.583903; 0.511071, 0.548658, 0.582231, 0.572996, 0.601938, 0.610121, 0.633979, 0.629742, 0.598442, 0.619621, 0.638840, 0.616506, 0.614406, 0.607078, 0.619362, 0.429224, 0.420292, 0.428974, 0.436838, 0.428657, 0.436126, 0.414348, 0.338200, 0.204443, 0.131009, 0.131633, 0.131737, 0.129447, 0.136674, 0.137355, 0.127703, 0.128326, 0.127369, 0.125288, 0.123665, 0.122381, 0.121172, 0.126205, 0.126515, 0.126920, 0.123416, 0.122710, 0.123035, 0.121857
3.750636, 3.610776; 3.610869, 3.375773, 3.546048, 3.570928, 3.591820, 3.562336, 3.580530, 3.562300, 3.665925, 3.618196, 3.611547, 3.611762, 3.615795, 3.632900, 3.782946, 3.766350, 3.766571, 3.763255, 3.764436, 3.796709, 3.695627, 3.718999, 3.714353, 3.716507, 3.710591, 3.713185, 3.710994, 3.666473, 3.667094, 3.666557, 3.667150, 3.539212, 3.537586, 3.536137, 3.538341, 3.536952, 3.538936, 3.226969, 3.228263, 3.315802, 3.318095, 3.314893, 3.317109, 3.319254, 3.328977, 3.331043, 3.328135, 3.330421, 3.332348
0.126681, 0.025698; 0.025898, 0.026044, 0.026049, 0.149967, 0.149963, 0.149972, 0.150167, 0.114677, 0.117139, 0.116288, 0.110760, 0.071919, 0.071793, 0.071682, 0.071582, 0.071842, 0.073092, 0.071308, 0.080142, 0.080373, 0.082108, 0.082029, 0.076412, 0.076803, 0.076770, 0.132152, 0.132540, 0.132405, 0.137797, 0.108382, 0.127050, 0.126910, 0.126831, 0.123237, 0.123041, 0.122855, 0.115605, 0.116254, 0.116491, 0.116354, 0.117148, 0.117462, 0.117347, 0.117236, 0.132363, 0.130687, 0.130674, 0.139419, 0.151996
0.387052, 0.219711, 0.219711; 0.218933, 0.218802, 0.260830, 0.260661, 0.277404, 0.284958, 0.260167, 0.264192, 0.262820, 0.263903, 0.253411, 0.253867, 0.253618, 0.253994, 0.253594, 0.253505, 0.302212, 0.302601, 0.302113, 0.185077, 0.183727, 0.182459, 0.183773, 0.163270, 0.325062, 0.326270, 0.324740, 0.291846, 0.285399, 0.287343, 0.285905, 0.287796, 0.286279, 0.291007, 0.291197, 0.292834, 0.291701, 0.291296, 0.290231, 0.290950, 0.289939, 0.291338, 0.292007, 0.286518, 0.285150, 0.285944, 0.287131, 0.289962
0.367769, 0.567448, 0.470397, 0.367832, 0.367928, 0.366409; 0.366838, 0.366839, 0.366839, 0.366843, 0.366908, 0.366914, 0.367602, 0.367795, 0.367805, 0.367816, 0.367825, 0.367738, 0.367749, 0.367758, 0.367768, 0.367780, 0.367788, 0.441349, 0.441372, 0.441375, 0.435747, 0.435797, 0.470967, 0.471476, 0.471957, 0.470871, 0.471014, 0.400479, 0.400654, 0.400823, 0.400987, 0.401145, 0.401504, 0.399979, 0.400130, 0.400277, 0.400386, 0.400525, 0.400638, 0.400769, 0.400829, 0.400953, 0.401074, 0.401192, 0.400008
0.659155, 0.830972, 0.830972; 1.405477, 1.404470, 1.407568, 1.408149, 1.405878, 0.831852, 0.831847, 0.831851, 0.763975, 0.704572, 0.741727, 0.777189, 0.810222, 0.836378, 0.847162, 0.843827, 0.852809, 0.759280, 0.702157, 0.713354, 0.723795, 0.733561, 0.620800, 0.630920, 0.596958, 0.512663, 0.472657, 0.474289, 0.485315, 0.389420, 0.375274, 0.423305, 0.412116, 0.403460, 0.390888, 0.432935, 0.423631, 0.412829, 0.421287, 0.513084, 0.503520, 0.494188, 0.485081, 0.965207, 0.986274, 0.980304, 0.974426, 0.968666
3.576455, 3.662570; 3.738213, 3.735096, 3.493106, 3.587818, 3.577327, 3.583903, 3.582585, 3.595583, 3.789275, 3.759854, 3.599692, 3.607522, 3.614036, 3.600202, 4.698129, 4.709441, 4.685481, 4.696065, 4.692204, 4.671091, 4.680325, 4.688942, 4.670599, 4.561161, 4.642160, 4.633678, 4.672549, 4.672508, 4.644349, 4.649758, 4.613484, 4.597299, 4.602387, 4.429434, 4.433033, 4.424235, 4.427560, 4.430719, 4.419837, 4.423555, 4.426404, 4.419804, 4.422820, 4.424791, 4.418627, 4.421457, 4.416103, 4.412888, 4.414597
3.732594, 3.206307, 3.206307, 3.206304, 3.015830, 3.131993, 3.114414, 3.126021; 3.122422, 3.172346, 3.173913, 3.170801, 3.171779, 3.181116, 3.181621, 3.181950, 3.182037, 3.182054, 3.188457, 3.179006, 3.179034, 3.178959, 3.179180, 3.180662, 3.181098, 3.181070, 3.181857, 3.181821, 3.181983, 3.182114, 3.183110, 3.183059, 3.184380, 3.184636, 3.200624, 3.237637, 3.234973, 3.232069, 3.231948, 3.232385, 3.232660, 3.231091, 3.231257, 3.230470, 3.230640, 3.230966, 3.231308, 3.227103, 3.227453, 3.227104, 3.226261
0.029810, 0.476111; 0.476111, 0.475789, 0.404109, 0.397804, 0.400742, 0.371465, 0.328871, 0.331712, 0.322242, 0.314928, 0.309570, 0.311379, 0.313329, 0.308834, 0.299202, 0.292487, 0.271460, 0.258514, 0.260374, 0.256341, 0.258128, 0.259805, 0.240796, 0.233679, 0.228850, 0.227286, 0.220845, 0.221579, 0.214872, 0.215400, 0.216033, 0.216562, 0.191198, 0.191819, 0.192407, 0.191144, 0.191718, 0.192901, 0.185950, 0.182681, 0.149771, 0.141507, 0.141133, 0.141502, 0.140722, 0.141052, 0.141313, 0.140691, 0.140965
0.363200, 0.547828; 1.544467, 0.558182, 0.644228, 0.695136, 0.344907, 0.371440, 0.367991, 0.342162, 0.334703, 0.198836, 0.202413, 0.195601, 0.193715, 0.174216, 0.175241, 0.172614, 0.160531, 0.161457, 0.161519, 0.181878, 0.183012, 0.184271, 0.209721, 0.185571, 0.186684, 0.187806, 0.184704, 0.187756, 0.188750, 0.232645, 0.231261, 0.231327, 0.234778, 0.236056, 0.236569, 0.244830, 0.245289, 0.246167, 0.232980, 0.233416, 0.232863, 0.231753, 0.249588, 0.250108, 0.248965, 0.249253, 0.250079, 0.281515, 0.287852
0.385244, 0.105245, 0.201815; 0.369251, 0.243340, 0.279471, 0.292345, 0.281150, 0.281739, 0.269961, 0.234758, 0.225024, 0.144059, 0.231745, 0.202686, 0.202520, 0.202190, 0.201415, 0.200911, 0.200367, 0.207413, 0.242344, 0.242212, 0.241670, 0.224397, 0.222661, 0.222868, 0.222872, 0.208195, 0.208575, 0.208801, 0.211017, 0.216182, 0.216269, 0.216721, 0.216813, 0.216048, 0.216201, 0.213320, 0.213493, 0.214705, 0.214839, 0.213043, 0.212972, 0.208036, 0.208176, 0.207576, 0.206963, 0.205977, 0.199744, 0.199883
0.095414, 1.591174; 1.591174, 1.496099, 0.077455, 0.264903, 0.255663, 0.264979, 0.257368, 0.239079, 0.242026, 0.228081, 0.196892, 0.197145, 0.197063, 0.196258, 0.187862, 0.228387, 0.229028, 0.281459, 0.275932, 0.285879, 0.286986, 0.275642, 0.269774, 0.269688, 0.269057, 0.260875, 0.258894, 0.262175, 0.262882, 0.256771, 0.254987, 0.255632, 0.248163, 0.246643, 0.275694, 0.267992, 0.268594, 0.267401, 0.277917, 0.278617, 0.279269, 0.279385, 0.272069, 0.272001, 0.267641, 0.267215, 0.267745, 0.268246, 0.266894
1.023227, 1.225871, 1.573527, 1.134572, 0.819360; 0.819873, 0.819764, 0.820208, 0.820024, 0.820306, 0.820285, 0.820346, 0.820446, 0.820354, 0.820412, 0.867239, 0.866217, 0.867861, 0.867889, 0.867712, 0.867080, 0.868912, 0.868063, 0.870384, 0.868625, 0.870639, 0.869688, 0.869207, 0.868766, 0.870058, 0.869376, 0.869386, 0.866379, 0.866637, 0.865526, 0.866075, 0.866243, 0.866398, 0.866335, 0.866325, 0.866004, 0.868545, 0.868189, 0.875330, 0.875625, 0.875285, 0.876077, 0.874463, 0.874817, 0.834871, 0.835009
0.136791, 0.136791, 0.914068, 0.136926, 0.136856, 0.136835; 0.136826, 0.136608, 0.136605, 0.136602, 0.136736, 0.136736, 0.133853, 0.133883, 0.133285, 0.133242, 0.140814, 0.393228, 0.392644, 0.388984, 0.381707, 0.381867, 0.381049, 0.381233, 0.378002, 0.378154, 0.378271, 0.378365, 0.376786, 0.373260, 0.373297, 0.372161, 0.354818, 0.347049, 0.347175, 0.346810, 0.347091, 0.344437, 0.344529, 0.375692, 0.375878, 0.374175, 0.374274, 0.374424, 0.374535, 0.375497, 0.375602, 0.375726, 0.375806, 0.371451, 0.331859
0.385512, 0.388991, 0.277123, 0.275475; 0.274172, 0.273931, 0.273954, 0.281911, 0.281759, 0.284502, 0.366752, 0.376291, 0.369296, 0.374832, 0.368750, 0.376671, 0.375510, 0.370666, 0.375159, 0.370585, 0.307303, 0.303785, 0.282562, 0.282096, 0.281682, 0.283269, 0.282896, 0.277108, 0.277010, 0.277305, 0.277174, 0.277097, 0.277251, 0.277174, 0.277238, 0.277166, 0.277156, 0.277088, 0.277218, 0.277164, 0.277113, 0.277167, 0.277108, 0.277220, 0.277151, 0.277199, 0.277787, 0.277735, 0.277777, 0.277727, 0.277830
6.056478, 0.941896, 3.713462, 3.840965, 3.963158, 3.999726, 4.331210, 4.332538, 4.337936, 4.337938, 4.340658; 4.324565, 4.326258, 4.329804, 4.351955, 4.353452, 4.394839, 4.396539, 4.397556, 4.398029, 4.416988, 4.417410, 4.417786, 4.440236, 4.459295, 2.056057, 2.058721, 2.076017, 2.080980, 2.100446, 2.101328, 2.091392, 2.135012, 2.139081, 2.143376, 2.189361, 2.230913, 2.230713, 2.230556, 2.294254, 2.296972, 2.307378, 2.314189, 2.318022, 2.045587, 2.047979, 2.048483, 2.048809, 2.048820, 2.048879, 2.049383
0.618574, 0.309208, 0.558726, 0.558721; 0.558616, 0.558697, 0.573788, 0.493764, 0.483026, 0.488151, 0.509612, 0.507516, 0.508758, 0.509792, 0.507694, 0.452376, 0.451880, 0.450895, 0.456788, 0.458144, 0.457288, 0.456813, 0.466309, 0.421959, 0.421204, 0.421679, 0.423112, 0.422928, 0.422716, 0.419813, 0.420988, 0.420331, 0.420015, 0.421141, 0.422189, 0.421958, 0.421580, 0.421185, 0.421671, 0.423000, 0.555473, 0.554889, 0.558197, 0.559776, 0.559217, 0.556578, 0.557602, 0.559020, 0.558515, 0.558003, 0.566606
0.330297, 0.120101; 0.688720, 0.156514, 0.139734, 0.461250, 0.611773, 0.621941, 0.615116, 0.614568, 0.656352, 0.656941, 0.655514, 0.656727, 0.655291, 0.656335, 0.738317, 0.739196, 0.737983, 0.739069, 0.739978, 0.737659, 0.735419, 0.734293, 0.735051, 0.734801, 0.701255, 0.698781, 0.700601, 0.709206, 0.686667, 0.683994, 0.686336, 0.683873, 0.686010, 0.689637, 0.690042, 0.691834, 0.689732, 0.685983, 0.683918, 0.642600, 0.639343, 0.641206, 0.638283, 0.640925, 0.639288, 0.641724, 0.639141, 0.641451, 0.641583
0.174520, 0.236002, 0.080065; 0.259492, 0.261092, 0.021338, 0.021505, 0.020899, 0.083509, 0.044274, 0.060462, 0.057521, 0.065621, 0.066539, 0.051893, 0.217904, 0.236360, 0.487091, 0.576162, 0.557859, 0.460162, 0.462429, 0.456288, 0.387595, 0.386876, 0.386146, 0.386975, 0.378272, 0.378840, 0.356452, 0.356742, 0.354349, 0.354541, 0.355267, 0.338871, 0.335594, 0.335352, 0.381994, 0.349313, 0.343798, 0.343926, 0.340805, 0.341303, 0.343426, 0.343173, 0.367003, 0.373823, 0.305226, 0.303120, 0.302476, 0.289426
0.161219, 0.537146, 0.164308, 0.164308, 0.134503, 0.153206; 0.064755, 0.037973, 0.037606, 0.037583, 0.037084, 0.036951, 0.036840, 0.036737, 0.036652, 0.043648, 0.022403, 0.021539, 0.006835, 0.116871, 0.104432, 0.125823, 0.127217, 0.126907, 0.130596, 0.131081, 0.039669, 0.039509, 0.051337, 0.045642, 0.046476, 0.047414, 0.058536, 0.053681, 0.053547, 0.052415, 0.052394, 0.000858, 0.000785, 0.002610, 0.001456, 0.003185, 0.009176, 0.009198, 0.009123, 0.006414, 0.006503, 0.001774, 0.006464, 0.006397, 0.007152
2.336273, 2.497771, 2.386473, 2.676428; 2.232129, 2.184158, 2.603343, 2.611698, 2.617987, 2.607949, 2.581570, 2.576934, 2.572447, 2.572282, 3.275879, 3.269393, 3.266019, 3.266929, 3.261515, 3.263905, 3.273747, 3.268394, 3.269397, 3.254954, 3.250839, 3.251821, 3.251158, 3.251819, 3.256198, 3.254355, 3.255545, 3.252988, 3.253634, 3.243069, 3.239883, 3.230186, 3.230738, 3.227455, 3.161670, 3.152929, 3.151016, 3.151847, 3.147280, 3.150707, 3.139055, 3.129542, 3.102699, 3.086337, 3.082577, 3.078970, 3.082143
0.143677, 0.384815, 0.333817; 0.342991, 0.134824, 0.141563, 0.144398, 0.116864, 0.122323, 0.092855, 0.108802, 0.098591, 0.136503, 0.136108, 0.137686, 0.137486, 0.133042, 0.132985, 0.132886, 0.132609, 0.135448, 0.135209, 0.152557, 0.154143, 0.154139, 0.154642, 0.154599, 0.154423, 0.154325, 0.154232, 0.154126, 0.154581, 0.154563, 0.159914, 0.159857, 0.159567, 0.160708, 0.160825, 0.160744, 0.160679, 0.160421, 0.160359, 0.125202, 0.125191, 0.125221, 0.124850, 0.124451, 0.086615, 0.087227, 0.087390, 0.088910
0.168052, 6.655867, 0.585065; 0.169317, 0.171382, 0.171134, 0.170866, 0.171271, 0.171080, 0.613100, 0.621100, 0.527739, 0.513825, 0.521237, 0.433082, 0.440431, 0.445707, 0.451888, 0.457594, 0.462886, 0.409335, 0.411216, 0.332105, 0.340649, 0.346034, 0.328428, 0.332278, 0.335945, 0.337462, 0.321186, 0.317932, 0.339954, 0.343362, 0.310038, 0.313314, 0.316460, 0.304525, 0.307621, 0.310601, 0.286818, 0.289624, 0.292312, 0.279741, 0.282490, 0.285207, 0.287748, 0.287394, 0.285741, 0.286592, 0.288949, 0.286093
0.678175, 1.819644, 1.819643, 0.600252, 0.594981, 0.578972, 0.578493, 0.580386, 0.578016, 0.576295; 0.570921, 0.572230, 0.571854, 0.574610, 0.573627, 0.574479, 0.574079, 0.573439, 0.573657, 0.573376, 0.567091, 0.560703, 0.562264, 0.558827, 0.559223, 0.558784, 0.592318, 0.594302, 0.594401, 0.593983, 0.610632, 0.610835, 0.611487, 0.610174, 0.610357, 0.610544, 0.611128, 0.609581, 0.610025, 0.610179, 0.610590, 0.618325, 0.617405, 0.616905, 0.617322, 0.617402, 0.615208, 0.615283, 0.614664, 0.615062, 0.615126
0.061081, 2.174009; 1.067293, 0.581575, 0.566454, 0.269420, 0.258592, 0.261988, 0.264465, 0.261654, 0.166908, 0.731855, 0.730407, 0.733994, 0.732652, 0.668621, 0.666537, 0.672034, 0.670002, 0.668179, 0.666538, 0.670995, 0.669378, 0.667898, 0.671734, 0.665520, 0.664162, 0.662322, 0.665563, 0.664319, 0.650457, 0.540498, 0.543816, 0.541392, 0.540246, 0.540967, 0.519984, 0.518876, 0.517829, 0.520617, 0.519555, 0.518566, 0.517322, 0.520000, 0.519063, 0.518171, 0.520521, 0.519969, 0.519119, 0.518308, 0.522409
0.467286, 0.589784, 1.112815, 1.091370, 0.641795, 0.638889, 0.775488, 0.782872, 0.784806, 0.777099, 0.775688, 0.774384, 0.769928, 0.782042; 0.687256, 0.542763, 0.544120, 0.543763, 0.545999, 0.545133, 0.545501, 0.558371, 0.558426, 0.560467, 0.560388, 0.560157, 0.560162, 0.560170, 0.562856, 0.562441, 0.562267, 0.562025, 0.561550, 0.561344, 0.561840, 0.561056, 0.561332, 0.561184, 0.571470, 0.571421, 0.571340, 0.570876, 0.570539, 0.570483, 0.570435, 0.570293, 0.570253, 0.570256, 0.569529, 0.569490, 0.569577
4.679558, 5.049556, 5.766587, 5.766586, 4.693265, 4.674212; 4.813360, 4.738320, 4.709977, 4.689650, 4.617344, 4.620050, 4.618926, 4.621502, 4.621537, 4.616575, 4.621392, 4.624453, 4.625031, 4.621824, 4.515430, 4.514869, 4.515661, 4.514173, 4.536949, 4.536498, 4.536147, 4.534345, 4.535937, 4.537000, 4.536754, 4.527353, 4.524612, 4.533820, 4.534253, 4.469911, 4.470952, 4.470381, 4.468339, 4.469743, 4.468100, 4.462618, 4.462492, 4.457984, 4.531661, 4.533728, 4.533419, 4.498861, 4.498619, 4.498851, 4.499518
0.000000, 0.000000, 0.000000, 0.000000, 0.000000, 0.000000, 0.000000, 0.000000, 0.000000, 0.000000, 0.000000, 0.000000, 0.000000, 0.000000, 0.000000, 0.947788, 0.941319, 0.941119; 0.942031, 0.940415, 0.932186, 0.931936, 0.931810, 0.926977, 0.918314, 0.918270, 0.918226, 0.917781, 0.915629, 0.914574, 0.914973, 0.914863, 0.910501, 0.910424, 0.909434, 0.909292, 0.908434, 0.907644, 0.907535, 0.907477, 0.907425, 0.905751, 0.903569, 0.901886, 0.901840, 0.899214, 0.898433, 0.889248, 0.889181, 0.889135, 0.887015
2.373601, 2.151837, 2.366455, 2.363877, 2.365320; 2.364666, 2.365223, 2.365561, 2.365789, 2.347085, 2.355320, 2.355885, 2.354868, 2.355517, 2.355531, 2.355859, 2.356368, 2.356851, 2.357279, 2.356489, 2.356634, 2.358029, 2.358541, 2.358991, 2.359402, 2.359641, 2.352765, 2.354003, 2.353712, 2.352446, 2.352518, 2.350898, 2.350291, 2.350713, 2.351299, 2.350828, 2.352160, 2.384253, 2.383962, 2.384268, 2.383351, 2.377523, 2.374383, 2.374961, 2.372882, 2.379727, 2.379914, 2.380981, 2.386972, 2.383212, 2.380243
0.900968, 0.423495, 0.478215; 0.477500, 0.451936, 0.436086, 0.473214, 0.473039, 0.473217, 0.470592, 0.470484, 0.470455, 0.470319, 0.470297, 0.470232, 0.472353, 0.472305, 0.472315, 0.472274, 0.437040, 0.437004, 0.436843, 0.436957, 0.436931, 0.438881, 0.439048, 0.438891, 0.438864, 0.427999, 0.427713, 0.427787, 0.427788, 0.427594, 0.427587, 0.427654, 0.427674, 0.427735, 0.427750, 0.426472, 0.426496, 0.426530, 0.426566, 0.426610, 0.426542, 0.426340, 0.424491, 0.450752, 0.450750, 0.450858, 0.479707, 0.479519
0.482729, 0.530523, 0.530425, 0.530457; 0.548916, 0.539910, 0.542580, 0.541348, 0.538267, 0.540543, 0.431186, 0.430110, 0.432051, 0.446117, 0.445449, 0.453533, 0.455165, 0.454877, 0.455182, 0.455519, 0.454806, 0.455593, 0.571886, 0.572043, 0.573396, 0.573642, 0.573408, 0.571984, 0.572349, 0.563462, 0.563212, 0.563114, 0.563274, 0.562985, 0.562962, 0.560184, 0.560489, 0.533887, 0.531793, 0.531520, 0.519674, 0.519814, 0.519572, 0.519327, 0.520041, 0.520304, 0.511191, 0.510915, 0.511190, 0.511301, 0.511032
0.370544, 2.855892, 0.424775, 0.424775, 0.424775, 0.400044, 0.398318; 0.402283, 0.400739, 0.381836, 0.386195, 0.385460, 0.385140, 0.384227, 0.383720, 0.382454, 0.385154, 0.384699, 0.384510, 0.384116, 0.378669, 0.355153, 0.355066, 0.355293, 0.355200, 0.411745, 0.412117, 0.402321, 0.395276, 0.394244, 0.392996, 0.395170, 0.394773, 0.395059, 0.406951, 0.406685, 0.406722, 0.406451, 0.394213, 0.394023, 0.384644, 0.382705, 0.382697, 0.331221, 0.330420, 0.329624, 0.328277, 0.328358, 0.328317, 0.321416, 0.321538
