0.086145, 0.143743, 0.143743, 0.143743; 0.143743, 0.143796, 0.144052, 0.143613, 0.151912, 0.152279, 0.152293, 0.151986, 0.152024, 0.151790, 0.151837, 0.152062, 0.152086, 0.152109, 0.151934, 0.152028, 0.152188, 0.152204, 0.152185, 0.152207, 0.152370, 0.152619, 0.152653, 0.152770, 0.219806, 0.219289, 0.219274, 0.219254, 0.230488, 0.230456, 0.230316, 0.230586, 0.230796, 0.230820, 0.213475, 0.213276, 0.213477, 0.213690, 0.213771, 0.167512, 0.167444, 0.166908, 0.167745, 0.167364, 0.167508, 0.167342, 0.167106
0.019757, 0.174666; 0.049631, 0.049631, 0.049633, 0.047875, 0.047839, 0.048306, 0.004524, 0.004496, 0.004474, 0.004516, 0.121529, 0.121567, 0.121565, 0.121488, 0.121520, 0.121549, 0.121488, 0.121499, 0.121525, 0.121472, 0.119929, 0.119995, 0.119856, 0.119648, 0.119712, 0.119578, 0.119641, 0.119699, 0.119357, 0.119413, 0.119419, 0.119306, 0.119359, 0.119409, 0.119455, 0.119355, 0.118983, 0.119031, 0.118928, 0.118361, 0.116868, 0.116707, 0.116761, 0.116832, 0.116681, 0.116751, 0.116819, 0.113190, 0.113180
7.247545, 7.795040, 7.324523, 7.315019, 7.317722, 7.234101, 7.234325, 1.474374, 1.490537, 1.485407, 1.484126, 1.488573, 1.483470, 0.875913, 0.883330, 0.877542, 0.892462, 0.887929, 0.601759, 0.578720, 0.579423, 0.578895, 0.578952, 0.592058; 0.435930, 0.435089, 0.433110, 0.455320, 0.453607, 0.452093, 0.450713, 0.453073, 0.454490, 0.460269, 0.463632, 0.482392, 0.481026, 0.473999, 0.465429, 0.463668, 0.464742, 0.463995, 0.462970, 0.467459, 0.403476, 0.403934, 0.403049, 0.403218, 0.410424, 0.409597, 0.409531
0.052412, 0.108943; 0.108943, 0.000328, 0.000552, 0.080897, 0.080039, 0.080372, 0.080561, 0.080810, 0.066711, 0.067207, 0.067202, 0.071428, 0.066497, 0.066402, 0.066457, 0.066308, 0.066365, 0.066287, 0.066329, 0.062205, 0.062263, 0.062312, 0.062702, 0.062774, 0.067277, 0.067428, 0.067616, 0.067742, 0.065464, 0.051522, 0.075202, 0.076007, 0.076693, 0.074632, 0.075370, 0.057708, 0.057340, 0.060685, 0.058318, 0.058703, 0.058194, 0.057582, 0.057901, 0.059621, 0.056918, 0.057218, 0.057495, 0.057794, 0.062716
1.937719, 0.604858, 1.371882, 4.320766, 1.258720, 4.455306, 3.680556, 2.969358, 3.083829; 1.950132, 1.952428, 2.010086, 1.946185, 1.988153, 1.345136, 1.166053, 1.167074, 1.195839, 1.021806, 1.040472, 1.043642, 1.060725, 1.061822, 1.075119, 0.787907, 0.766156, 0.670375, 0.678506, 0.680034, 0.687807, 0.606485, 0.612504, 0.527289, 0.531370, 0.535948, 0.433200, 0.437843, 0.371291, 0.372762, 0.376301, 0.377334, 0.380571, 0.382183, 0.385114, 0.373271, 0.375612, 0.376895, 0.378825, 0.380088, 0.262365, 0.221262
0.385220, 0.615802; 0.385220, 0.039555, 0.039874, 0.040002, 0.325794, 0.315448, 0.317358, 0.318976, 0.316444, 0.317787, 0.318976, 0.316977, 0.319773, 0.320604, 0.319139, 0.319869, 0.320452, 0.321048, 0.321611, 0.320681, 0.321192, 0.321695, 0.321083, 0.321529, 0.321956, 0.318398, 0.318741, 0.318499, 0.318911, 0.319218, 0.318695, 0.317112, 0.295673, 0.295052, 0.295412, 0.295749, 0.295172, 0.295488, 0.294956, 0.295277, 0.295570, 0.295070, 0.295549, 0.295818, 0.129354, 0.128832, 0.128117, 0.128861, 0.128371
0.000000, 0.000000, 0.000000, -0.000000, 0.000000, 0.000000, 0.000000, -0.000000, -0.000000, 0.000000, 0.000000, 0.000000, -0.000000, -0.000000, 0.000000, -0.000000, 0.000000, 0.000000; 0.000000, 0.000000, 0.000000, 0.000000, 0.000000, 0.000000, 0.000000, -0.000000, 0.000000, -0.000000, 0.000000, 0.000000, 0.000000, 0.000000, -0.000000, 0.000000, 0.000000, -0.000000, -0.000000, 0.000000, -0.000000, 0.000000, 0.000000, 0.000000, 0.000000, 0.000000, -0.000000, 0.000000, 0.000000, -0.000000, 0.000000, 0.000000, 0.000000
23.025851, 23.025851, 23.025851, 23.025851, 3.044445, 3.043369, 3.316401, 3.345418, 3.555266, 3.598007, 3.603473; 2.993583, 2.982271, 3.071569, 3.065741, 3.057436, 3.331032, 3.329309, 3.363750, 3.375321, 3.371333, 3.370827, 3.367286, 3.358480, 3.360598, 3.510646, 3.506200, 3.366725, 3.383822, 3.382542, 3.381308, 3.409562, 3.415568, 3.102145, 3.102133, 3.112317, 3.149847, 3.147254, 3.155558, 3.126771, 3.124884, 2.478002, 2.475187, 2.498517, 2.547491, 2.544534, 2.592205, 2.723997, 2.722381, 2.721749, 2.721716
0.008406, 0.027321; 0.027195, 0.027150, 0.027115, 0.027172, 0.027157, 0.027139, 0.027209, 0.027214, 0.012823, 0.011777, 0.012305, 0.012726, 0.013107, 0.021292, 0.021563, 0.021753, 0.025766, 0.025972, 0.026151, 0.025766, 0.025944, 0.026103, 0.045307, 0.045753, 0.046255, 0.045135, 0.042057, 0.042428, 0.041659, 0.042014, 0.042353, 0.041654, 0.041979, 0.042089, 0.042371, 0.041723, 0.042012, 0.042289, 0.044893, 0.045149, 0.040881, 0.040429, 0.040635, 0.040732, 0.040316, 0.036396, 0.036604, 0.036168, 0.023351
0.093915, 0.148427, 0.148427, 0.148427, 0.148427, 0.148434; 0.148430, 0.061748, 0.056917, 0.060295, 0.060856, 0.060691, 0.066381, 0.066297, 0.066369, 0.067782, 0.067668, 0.067737, 0.079207, 0.080985, 0.080726, 0.080581, 0.080281, 0.080407, 0.080523, 0.080491, 0.080317, 0.086791, 0.092159, 0.110702, 0.110945, 0.110770, 0.100427, 0.100721, 0.100771, 0.100934, 0.100888, 0.101030, 0.101656, 0.101597, 0.101681, 0.101125, 0.102551, 0.105025, 0.105134, 0.105100, 0.108051, 0.108141, 0.108374, 0.108484, 0.108453
0.962260, 18.012798, 18.102704, 5.959364, 5.463541, 2.707131, 2.842208, 2.579511, 2.370770, 2.510978, 2.328281, 2.272027, 3.634605, 3.757840, 2.462448, 2.498879, 2.471444, 1.299474, 1.270581, 1.285683, 1.292870, 1.306685, 1.268857, 1.278529; 1.260362, 1.312137, 1.322655, 1.195529, 1.176563, 1.187628, 1.193858, 1.199376, 1.209255, 1.203460, 1.211157, 1.214079, 1.247306, 1.250251, 1.267199, 1.270822, 1.261542, 1.238667, 1.246552, 1.235653, 1.243358, 1.531106, 1.538151, 0.835712, 0.849517, 0.836920, 0.846135
1.609438, 23.025851, 2.600063, 2.536466, 2.550415, 2.719063, 2.765586, 2.768460, 2.812813, 2.252408, 2.235492, 2.177361, 1.784567, 1.763477, 1.413515, 1.412710, 1.411750, 1.411956, 1.410626; 1.410348, 1.411171, 1.411532, 1.428162, 1.426554, 1.425076, 1.428194, 1.427165, 1.425920, 1.425545, 1.424170, 1.424310, 1.427734, 1.426253, 1.422082, 1.422155, 1.421602, 1.421529, 1.417956, 1.416047, 1.415647, 1.457085, 1.457156, 1.457952, 1.457699, 1.455417, 1.455523, 1.453223, 1.452877, 1.464066, 1.464042, 1.463741
0.002013, 0.000153; 0.000087, 0.004743, 0.004723, 0.004720, 0.004731, 0.004726, 0.047864, 0.064974, 0.065634, 0.065333, 0.065138, 0.064804, 0.002271, 0.002258, 0.002232, 0.002261, 0.002210, 0.002200, 0.002191, 0.001644, 0.001622, 0.001606, 0.001648, 0.001632, 0.001618, 0.001604, 0.001639, 0.001626, 0.001613, 0.001458, 0.000968, 0.000913, 0.000911, 0.000952, 0.000936, 0.000973, 0.000959, 0.000996, 0.000982, 0.000969, 0.000486, 0.000513, 0.000494, 0.000001, 0.000000, 0.000001, 0.000001, 0.000002, 0.000001
0.093878, 0.103659; 3.859194, 1.474040, 0.472195, 0.516758, 4.739992, 4.912580, 5.023745, 4.562496, 3.812883, 3.737035, 3.672393, 3.553827, 1.834429, 0.406249, 0.413313, 0.395553, 0.401900, 0.407811, 0.413607, 0.398991, 0.384433, 0.388748, 0.377952, 0.386044, 0.390025, 0.394553, 0.384737, 0.387689, 0.391149, 0.394502, 0.385825, 0.388962, 0.380181, 0.375017, 0.379574, 0.371479, 0.374065, 0.367391, 0.369822, 0.373086, 0.374711, 0.701424, 0.664066, 0.666700, 0.636936, 0.640117, 0.643200, 0.645772, 0.610401
0.000000, 0.000000, 0.000000, 0.000000, 0.000000, 0.000000, 0.000992, 0.000808, 0.000852, 0.000415, 0.006835, 0.006846, 0.006797, 0.006142, 0.003417, 0.003136, 0.003116, 0.002383; 0.002115, 0.002082, 0.002063, 0.001476, 0.001472, 0.001470, 0.001468, 0.001461, 0.001448, 0.000962, 0.000887, 0.000516, 0.000515, 0.000513, 0.000513, 0.000512, 0.000511, 0.000471, 0.000473, 0.000471, 0.000471, 0.000471, 0.000467, 0.000466, 0.000461, 0.000461, 0.000457, 0.000456, 0.000439, 0.000437, 0.000436, 0.000423, 0.000422
0.001209, 0.000009; 0.002440, 0.004621, 0.001191, 0.000398, 0.000660, 0.337338, 0.317868, 0.314829, 0.315902, 0.317373, 0.315405, 0.316201, 0.317153, 0.317251, 0.313699, 0.313949, 0.317545, 0.316693, 0.105717, 0.106836, 0.104317, 0.055306, 0.147850, 0.146750, 0.088340, 0.088157, 0.086626, 0.084192, 0.059262, 0.059362, 0.059112, 0.059221, 0.059321, 0.062504, 0.047684, 0.050206, 0.050477, 0.050013, 0.043973, 0.044055, 0.043071, 0.043157, 0.043292, 0.042975, 0.043106, 0.043238, 0.043363, 0.043098, 0.043222
0.000722, 0.146695, 0.146296; 0.034838, 0.394598, 0.380701, 0.379700, 0.378962, 0.375548, 0.372448, 0.322444, 0.301310, 0.302370, 0.295945, 0.298722, 0.288357, 0.291126, 0.135140, 0.137031, 0.122980, 0.008615, 0.008740, 0.008204, 0.013560, 0.013880, 0.013966, 0.014288, 0.015355, 0.015686, 0.004364, 0.004486, 0.004016, 0.004114, 0.004212, 0.004314, 0.004384, 0.004477, 0.004776, 0.004868, 0.004599, 0.004729, 0.004812, 0.004894, 0.004650, 0.004726, 0.005277, 0.006883, 0.006651, 0.006725, 0.006799, 0.006872
0.038786, 0.045002; 0.032943, 0.032943, 0.023247, 0.023275, 0.023201, 0.023227, 0.023247, 0.023263, 0.023219, 0.023234, 0.023247, 0.023221, 0.023233, 0.023244, 0.023268, 0.023439, 0.023452, 0.023465, 0.023476, 0.023446, 0.023457, 0.023467, 0.023538, 0.023551, 0.023564, 0.023577, 0.023545, 0.023556, 0.023567, 0.023578, 0.023550, 0.023560, 0.023570, 0.023545, 0.023555, 0.023564, 0.023572, 0.023550, 0.023558, 0.023566, 0.023574, 0.023553, 0.023561, 0.023568, 0.023551, 0.023558, 0.023565, 0.023572, 0.023554
0.000000, 0.051293, 0.041029, 0.025810, 0.025257, 0.025171, 0.005745, 0.005744, 0.003811, 0.003796, 0.005659, 0.005798, 0.005591, 0.004712, 0.003879, 0.003115, 0.003220, 0.003260, 0.003265, 0.003278; 0.004545, 0.018249, 0.017869, 0.017989, 0.019544, 0.019265, 0.019096, 0.020616, 0.020634, 0.030466, 0.030035, 0.030998, 0.031029, 0.031157, 0.031257, 0.031134, 0.031165, 0.028834, 0.026449, 0.026564, 0.026538, 0.025107, 0.021805, 0.021823, 0.022405, 0.021599, 0.021572, 0.037738, 0.037705, 0.037583, 0.037576
0.222184, 18.170496, 18.165946, 2.515282, 2.521764, 2.521667, 1.383979, 1.390808, 1.392526, 1.392778, 1.375388, 1.340370, 1.339899, 1.342295, 1.343846, 1.345015, 1.343255, 1.343929, 1.350150, 1.355834, 1.356255, 1.358423, 1.361226, 1.362143, 1.360953, 1.355379, 1.359878, 1.364980, 1.368359, 1.357691, 1.358626, 1.359788, 1.358401, 1.358477, 1.358999, 1.357996, 1.358313, 1.358473, 1.360958; 1.361207, 1.360245, 1.397630, 1.394972, 1.389465, 1.308060, 1.298742, 1.299060, 1.299574, 1.291609, 1.291554, 1.291793
0.011588, 0.150677, 0.049990; 0.014077, 0.007074, 0.026517, 0.026618, 0.022077, 0.013193, 0.009745, 0.009776, 0.009318, 0.008997, 0.008940, 0.010548, 0.010776, 0.010506, 0.010192, 0.010026, 0.009782, 0.011030, 0.010871, 0.010700, 0.010549, 0.010440, 0.011036, 0.010917, 0.010950, 0.010832, 0.010828, 0.010821, 0.011210, 0.011674, 0.011595, 0.011521, 0.011456, 0.013893, 0.015198, 0.015152, 0.033802, 0.033770, 0.033735, 0.033849, 0.033305, 0.029958, 0.029939, 0.029896, 0.029881, 0.029903, 0.029576, 0.030010
0.356675, 1.386294, 0.599199, 0.599033, 0.599223, 0.599104, 0.599020; 0.599092, 0.598163, 0.598148, 0.589645, 0.584728, 0.225404, 0.225207, 0.225044, 0.225786, 0.225605, 0.217197, 0.220182, 0.220192, 0.270923, 0.271427, 0.274973, 0.237146, 0.237403, 0.237650, 0.237513, 0.237725, 0.239394, 0.228280, 0.203774, 0.202189, 0.202753, 0.197262, 0.196592, 0.196899, 0.196894, 0.192296, 0.192572, 0.192118, 0.192383, 0.192637, 0.193419, 0.193660, 0.193774, 0.194005, 0.194227, 0.177894, 0.178057, 0.178215, 0.177942
0.310793, 3.699128, 0.226713, 0.374072, 0.310704, 0.310594, 0.243654, 0.245985, 0.250071, 0.244062, 0.244894, 0.230909, 0.718247, 0.737342, 0.743456, 0.733937, 0.750908, 0.724740, 0.866516, 0.872866, 0.835067; 0.790965, 0.762081, 0.775166, 0.786280, 0.776696, 0.786719, 0.777885, 0.782145, 1.054188, 1.056097, 1.052417, 1.084174, 1.088134, 1.077885, 0.989146, 1.000395, 1.007939, 1.017003, 1.015068, 0.994345, 1.003039, 0.960857, 0.958404, 0.962486, 0.682046, 0.663844, 0.642954, 0.645310, 0.654170, 0.652195
0.355954, 0.877144, 0.151656, 0.089028, 0.089784, 0.090173, 0.089045, 0.091024, 0.012799, 0.037476, 0.049442, 0.046736; 0.038673, 0.037165, 0.042020, 0.039467, 0.037257, 0.042805, 0.098272, 0.098348, 0.100690, 0.097881, 0.096214, 0.093817, 0.092996, 0.097012, 0.094778, 0.110559, 0.110255, 0.109318, 0.112948, 0.111138, 0.112372, 0.115886, 0.113885, 0.114433, 0.112525, 0.115707, 0.113883, 0.113127, 0.094965, 0.093541, 0.112432, 0.107264, 0.110166, 0.113487, 0.112282, 0.119793, 0.114464, 0.113451, 0.112641
0.019027, 0.019027, 0.019027, 0.014912, 0.014341, 0.014060, 0.013818; 0.014966, 0.014711, 0.018702, 0.018683, 0.018685, 0.018749, 0.018760, 0.018758, 0.018745, 0.018733, 0.018724, 0.018749, 0.018739, 0.018732, 0.018722, 0.018761, 0.018758, 0.018757, 0.018750, 0.018745, 0.018737, 0.018788, 0.018784, 0.018778, 0.018900, 0.018898, 0.018898, 0.018895, 0.018894, 0.018892, 0.018901, 0.018900, 0.018898, 0.018922, 0.018921, 0.018925, 0.018924, 0.018923, 0.018921, 0.018927, 0.019243, 0.019236, 0.019229, 0.019244
1.411216, 2.392716, 2.391935; 2.423753, 2.422144, 2.505514, 1.605143, 2.089087, 2.084909, 1.442080, 1.414683, 1.411253, 1.410251, 1.409503, 1.381529, 1.380254, 1.393582, 1.393017, 1.392512, 1.236647, 1.238264, 1.238167, 1.239424, 1.239105, 1.238836, 1.252554, 1.253435, 1.253849, 1.234295, 1.233290, 1.233355, 1.214114, 1.214166, 2.141642, 2.139350, 2.137190, 2.147042, 2.144704, 2.142618, 2.140595, 2.137937, 2.052588, 2.060006, 2.058321, 0.975123, 0.974577, 0.974058, 0.820769, 0.854498, 0.855664, 0.855035
0.023011, 1.647404, 0.214045, 0.020784, 0.020602, 0.024279, 0.023401; 0.023264, 0.023102, 0.023014, 0.022902, 0.022938, 0.023984, 0.023579, 0.023560, 0.023538, 0.024016, 0.024047, 0.024810, 0.024776, 0.024760, 0.024827, 0.021606, 0.035504, 0.035363, 0.035233, 0.035909, 0.035957, 0.035782, 0.035625, 0.035712, 0.033560, 0.033492, 0.033646, 0.033414, 0.099254, 0.100165, 0.101247, 0.101505, 0.102236, 0.094936, 0.094918, 0.076388, 0.075254, 0.074901, 0.076167, 0.076745, 0.077341, 0.077882, 0.077503, 0.078343
0.000491, 1.556250; 0.714721, 0.604927, 0.059547, 0.059428, 0.304307, 0.307870, 0.260946, 0.064116, 0.063114, 0.063116, 0.063111, 0.063370, 0.056923, 0.057355, 0.057176, 0.052351, 0.052604, 0.053431, 0.053313, 0.053446, 0.053595, 0.053353, 0.053578, 0.053477, 0.053381, 0.003471, 0.003246, 0.002964, 0.003578, 0.003245, 0.003681, 0.003427, 0.003987, 0.003730, 0.004482, 0.005029, 0.004781, 0.004912, 0.006858, 0.006575, 0.006325, 0.006840, 0.006630, 0.006381, 0.006912, 0.009350, 0.009129, 0.008639, 0.008402
0.672724, 1.871493; 0.041095, 0.926805, 0.894221, 0.713619, 0.681013, 0.704710, 0.829645, 0.858667, 0.844342, 0.597920, 0.618580, 0.512151, 0.468587, 0.394453, 0.388340, 0.382261, 0.376861, 0.398731, 0.393975, 0.365579, 0.361196, 0.353925, 0.350346, 0.353643, 0.353927, 0.357075, 0.551610, 0.555288, 0.550263, 0.525647, 0.520839, 0.525375, 0.520839, 0.550628, 0.544056, 0.545346, 0.542104, 0.553832, 0.547007, 0.551249, 0.548120, 0.551105, 0.585992, 0.685670, 0.683001, 0.684434, 0.516734, 0.326062, 0.404291
0.007624, 0.001793; 0.002195, 0.003274, 0.003274, 0.017156, 0.544592, 0.020365, 0.015356, 0.019461, 0.030062, 0.032790, 0.036007, 0.038363, 0.040534, 0.037406, 0.038744, 0.046497, 0.135232, 0.133403, 0.134889, 0.133243, 0.134347, 0.135574, 0.134109, 0.140089, 0.138876, 0.139693, 0.139773, 0.140644, 0.139642, 0.140464, 0.139528, 0.140305, 0.141024, 0.140162, 0.081636, 0.079899, 0.081018, 0.079734, 0.080801, 0.079582, 0.082340, 0.081235, 0.082153, 0.083029, 0.081982, 0.082810, 0.081811, 0.082622, 0.081811
0.312992, 13.362837, 1.347669, 1.309796, 3.727378, 3.785933, 2.524490, 2.438451, 2.448054; 2.439332, 2.582557, 2.576417, 2.552480, 2.356403, 2.364915, 2.430004, 2.418324, 2.407411, 2.480674, 2.483605, 2.543862, 2.425041, 2.321514, 2.322459, 2.300764, 2.073458, 2.065751, 2.060918, 2.046398, 2.079042, 2.075117, 2.081418, 2.007759, 2.026435, 2.007357, 2.032147, 2.029503, 2.034912, 1.975431, 1.995444, 2.003732, 1.985338, 1.990293, 1.988352, 2.002597, 2.004177, 2.001571, 2.020831, 2.024889, 1.978552, 1.975330
0.369447, 0.657276, 0.052152; 0.052156, 0.052156, 0.052981, 0.058954, 0.058538, 0.058223, 0.059908, 0.064139, 0.066343, 0.065847, 0.065677, 0.070292, 0.070049, 0.069883, 0.069408, 0.068747, 0.068381, 0.103666, 0.173359, 0.175850, 0.173771, 0.170108, 0.177250, 0.172685, 0.202501, 0.200641, 0.199022, 0.241175, 0.249588, 0.246427, 0.239015, 0.237503, 0.236058, 0.242493, 0.250186, 0.248798, 0.247437, 0.246212, 0.244962, 0.250489, 0.249306, 0.255378, 0.254211, 0.253116, 0.257654, 0.252626, 0.254939, 0.265629
0.267756, 0.493895, 0.067178, 0.067222; 0.042987, 0.044470, 0.040633, 0.045108, 0.493196, 0.000848, 0.000770, 0.001425, 0.001291, 0.070319, 0.045947, 0.006866, 0.006686, 0.018186, 0.017939, 0.019757, 0.025283, 0.025105, 0.032538, 0.032384, 0.032125, 0.035023, 0.036754, 0.036596, 0.036325, 0.042072, 0.041834, 0.041607, 0.068761, 0.069577, 0.069357, 0.000202, 0.000219, 0.000459, 0.000437, 0.000609, 0.000586, 0.000622, 0.000597, 0.000697, 0.000939, 0.000946, 0.000920, 0.000895, 0.001085, 0.000188, 0.000120
0.094545, 0.023513, 0.054475; 0.060158, 0.059261, 0.057386, 0.057017, 0.056762, 0.065175, 0.065559, 0.065311, 0.065311, 0.065311, 0.065311, 0.065311, 0.065311, 0.065311, 0.065311, 0.065312, 0.065312, 0.065313, 0.065313, 0.065312, 0.065312, 0.065312, 0.065313, 0.066559, 0.067619, 0.067660, 0.067719, 0.067759, 0.067586, 0.067621, 0.067656, 0.067690, 0.067724, 0.067580, 0.067601, 0.067621, 0.067651, 0.067609, 0.067524, 0.067410, 0.067432, 0.067456, 0.067479, 0.067497, 0.067397, 0.067334, 0.067353, 0.067373
0.046710, 0.052579, 0.052783, 0.069879, 0.094829; 0.094824, 0.048078, 0.047935, 0.047938, 0.047929, 0.047937, 0.048025, 0.048035, 0.048033, 0.048034, 0.048030, 0.048033, 0.048031, 0.048032, 0.048029, 0.048027, 0.048033, 0.043561, 0.043656, 0.043424, 0.043350, 0.043283, 0.042964, 0.057564, 0.057379, 0.057519, 0.057480, 0.057552, 0.057307, 0.057275, 0.057382, 0.057107, 0.056958, 0.056926, 0.056727, 0.056783, 0.053701, 0.053664, 0.048403, 0.048634, 0.048391, 0.048573, 0.048677, 0.056169, 0.056529, 0.055904
0.134393, 0.630364, 0.630365; 0.003779, 0.029269, 0.018529, 0.049948, 0.348788, 0.324010, 0.310651, 0.264650, 0.251281, 0.055306, 0.049586, 0.058290, 0.056461, 0.115422, 0.177418, 0.182881, 0.183190, 0.184263, 0.177213, 0.185231, 0.019328, 0.023247, 0.021802, 0.022023, 0.020983, 0.027147, 0.030118, 0.029004, 0.029358, 0.025013, 0.016454, 0.018021, 0.047565, 0.047706, 0.046651, 0.052609, 0.051406, 0.050268, 0.055671, 0.058187, 0.059928, 0.059226, 0.058131, 0.073028, 0.073900, 0.056385, 0.055363, 0.038221
0.063379, 0.208017, 0.190906; 0.185715, 0.184221, 0.156930, 0.133763, 0.133164, 0.074981, 0.075259, 0.072727, 0.076101, 0.063314, 0.063403, 0.042689, 0.042489, 0.047008, 0.047020, 0.046994, 0.045033, 0.045016, 0.045148, 0.044908, 0.044865, 0.044868, 0.044428, 0.044523, 0.045015, 0.049715, 0.049663, 0.049716, 0.050563, 0.050619, 0.050621, 0.050671, 0.050570, 0.050617, 0.050512, 0.050633, 0.050582, 0.052980, 0.053065, 0.052983, 0.052746, 0.052813, 0.052799, 0.052842, 0.052882, 0.052425, 0.059091, 0.059110
0.438335, 0.001877; 0.021774, 0.064425, 0.029033, 0.062593, 0.760860, 0.853606, 0.656591, 0.010958, 0.009060, 0.011454, 0.279479, 0.256426, 0.282589, 0.300484, 0.290464, 0.260238, 0.249669, 0.211341, 0.202166, 0.197676, 0.188817, 0.196892, 0.194242, 0.195825, 0.188317, 0.195056, 0.188117, 0.192597, 0.308022, 0.317817, 0.333655, 0.295857, 0.284372, 0.293006, 0.284220, 0.296622, 0.315469, 0.321946, 0.323014, 0.329843, 0.321806, 0.329850, 0.322235, 0.329494, 0.328843, 0.335416, 0.353550, 0.360013, 0.353370
0.000210, 0.241705; 1.527543, 0.241896, 0.328831, 0.528107, 0.526850, 0.527652, 0.133776, 0.134034, 0.111165, 0.115471, 0.095802, 0.086465, 0.058155, 0.060582, 0.060497, 0.058443, 0.060230, 0.062443, 0.058760, 0.043073, 0.043879, 0.044586, 0.030546, 0.024018, 0.024781, 0.025406, 0.031483, 0.032026, 0.032359, 0.030818, 0.029013, 0.024541, 0.024731, 0.043135, 0.042918, 0.043521, 0.020145, 0.001006, 0.001298, 0.001367, 0.001137, 0.001976, 0.002004, 0.002105, 0.002530, 0.002707, 0.002797, 0.002898, 0.000771
0.111993, 0.201274, 0.112208, 0.107469; 0.143256, 0.139086, 0.136635, 0.130259, 0.125503, 0.117531, 0.104372, 0.072411, 0.071991, 0.072061, 0.072091, 0.072124, 0.072403, 0.072445, 0.072545, 0.072398, 0.074095, 0.074151, 0.073034, 0.078975, 0.081582, 0.077132, 0.077227, 0.077872, 0.076970, 0.077065, 0.078989, 0.077495, 0.082743, 0.082695, 0.081896, 0.088107, 0.091473, 0.092877, 0.092689, 0.094532, 0.094780, 0.123465, 0.152419, 0.151307, 0.144485, 0.144837, 0.145462, 0.139812, 0.139786, 0.178768, 0.174075
0.144282, 0.326146, 0.318485, 0.053842; 0.095537, 0.083362, 0.081992, 0.075930, 0.469540, 0.443596, 0.055062, 0.002626, 0.002622, 0.003068, 0.000677, 0.002368, 0.001949, 0.001704, 0.001321, 0.032053, 0.039112, 0.036655, 0.036953, 0.035440, 0.067676, 0.066791, 0.095528, 0.102101, 0.094208, 0.093533, 0.088791, 0.087295, 0.092934, 0.091432, 0.090933, 0.089550, 0.089518, 0.088271, 0.092977, 0.093500, 0.092317, 0.103563, 0.102748, 0.106919, 0.105001, 0.112256, 0.111667, 0.111494, 0.110358, 0.115149, 0.114517
0.073504, 0.106045, 0.070373, 0.072347, 0.072535, 0.071712, 0.122232; 0.122716, 0.114971, 0.115228, 0.116050, 0.116025, 0.099943, 0.100040, 0.098642, 0.098891, 0.098887, 0.098114, 0.098033, 0.095655, 0.095590, 0.096866, 0.097093, 0.097852, 0.097801, 0.098643, 0.098624, 0.096499, 0.096618, 0.096573, 0.096660, 0.096634, 0.096810, 0.096790, 0.095848, 0.095850, 0.095835, 0.094831, 0.094636, 0.094596, 0.094494, 0.094412, 0.094499, 0.096838, 0.096776, 0.091366, 0.091308, 0.091215, 0.091297, 0.091239, 0.091197
0.090059, 0.079396, 0.048022, 0.048076, 0.059786, 0.058234, 0.058214; 0.058388, 0.057999, 0.057732, 0.057632, 0.057628, 0.049889, 0.045834, 0.040139, 0.040051, 0.039327, 0.039249, 0.038112, 0.038100, 0.039430, 0.039374, 0.037115, 0.036718, 0.036708, 0.037208, 0.037167, 0.037157, 0.038676, 0.041778, 0.041757, 0.040971, 0.039800, 0.039000, 0.039139, 0.049455, 0.049645, 0.049558, 0.049370, 0.049554, 0.049466, 0.049384, 0.049415, 0.049355, 0.049706, 0.049628, 0.049561, 0.049710, 0.049675, 0.064723, 0.064739
0.035429, 0.035429, 0.035411, 0.203863, 0.035947; 0.035803, 0.032386, 0.027482, 0.033527, 0.036713, 0.036659, 0.036535, 0.036908, 0.037017, 0.036884, 0.037181, 0.036743, 0.036813, 0.036890, 0.036984, 0.037209, 0.136279, 0.136518, 0.137134, 0.136385, 0.136968, 0.137829, 0.137155, 0.121929, 0.121255, 0.121331, 0.120547, 0.121292, 0.121909, 0.121154, 0.121162, 0.120325, 0.120966, 0.121386, 0.120758, 0.118452, 0.119469, 0.119493, 0.119617, 0.119069, 0.119568, 0.119007, 0.119088, 0.119505, 0.119579, 0.113494
0.042578, 2.501461, 0.042612, 0.013540, 0.035737, 0.029321; 0.029840, 0.035283, 0.036383, 0.014299, 0.013832, 0.013833, 0.014866, 0.023545, 0.023302, 0.023252, 0.023234, 0.023450, 0.023740, 0.023715, 0.023755, 0.024128, 0.026723, 0.026747, 0.026784, 0.027296, 0.027330, 0.027951, 0.028099, 0.029129, 0.029522, 0.029490, 0.029485, 0.031026, 0.030964, 0.032065, 0.039567, 0.039560, 0.039548, 0.038337, 0.038307, 0.042022, 0.042002, 0.041985, 0.000055, 0.000901, 0.000896, 0.000697, 0.000764, 0.000829, 0.000238
0.061284, 0.016943, 0.016950, 0.016944; 0.016943, 0.018692, 0.018663, 0.018276, 0.018215, 0.018159, 0.018107, 0.014014, 0.014273, 0.006823, 0.006574, 0.006268, 0.006007, 0.005781, 0.005585, 0.007505, 0.005362, 0.005181, 0.005020, 0.016473, 0.016239, 0.016507, 0.017203, 0.017087, 0.016978, 0.078675, 0.083076, 0.082912, 0.082757, 0.083765, 0.083597, 0.083438, 0.077306, 0.073668, 0.074103, 0.073969, 0.073842, 0.074682, 0.074543, 0.072119, 0.087122, 0.086999, 0.086834, 0.086733, 0.087457, 0.087777, 0.087587
3.886531, 0.124364, 0.124364, 0.124364, 0.124364, 0.436323, 0.460773, 0.389555, 0.389563, 0.389333, 0.399913; 0.389485, 0.382472, 0.508238, 0.508090, 0.317552, 0.313074, 0.312745, 0.312452, 0.311965, 0.317142, 0.327311, 0.289491, 0.262339, 0.267632, 0.267534, 0.267383, 0.264152, 0.264079, 0.264004, 0.263940, 0.263882, 0.263834, 0.247128, 0.275134, 0.243133, 0.242324, 0.242087, 0.269029, 0.268441, 0.264565, 0.264365, 0.264192, 0.264026, 0.254529, 0.254399, 0.260217, 0.260096, 0.259439, 0.259326, 0.288104
0.001598, 0.001598; 0.001598, 0.027695, 0.027708, 0.023810, 0.018409, 0.018511, 0.016107, 0.015508, 0.012175, 0.012163, 0.012140, 0.012296, 0.013131, 0.010241, 0.010206, 0.010372, 0.008941, 0.008985, 0.008968, 0.009059, 0.009136, 0.009295, 0.009381, 0.009745, 0.009696, 0.009781, 0.009680, 0.009751, 0.009639, 0.009640, 0.007684, 0.007708, 0.006951, 0.007631, 0.007606, 0.007582, 0.007579, 0.007556, 0.007498, 0.007495, 0.008998, 0.009061, 0.009128, 0.009093, 0.009152, 0.009119, 0.009279, 0.009389, 0.009354
0.013289, 0.001504; 0.043656, 0.040788, 0.000098, 0.067547, 0.070998, 0.088857, 0.084457, 0.077675, 0.078914, 0.076599, 0.077465, 0.078107, 0.077759, 0.075928, 0.074886, 0.078977, 0.084729, 0.034112, 0.034981, 0.033375, 0.036716, 0.041690, 0.048540, 0.049070, 0.050353, 0.058260, 0.058962, 0.082313, 0.081202, 0.086628, 0.093404, 0.092428, 0.087128, 0.089835, 0.094575, 0.095132, 0.108438, 0.157817, 0.147524, 0.133472, 0.128456, 0.129160, 0.126069, 0.127070, 0.088426, 0.088320, 0.088239, 0.046020, 0.030991
0.012914, 0.056867, 0.056771; 0.303395, 0.031503, 0.052472, 0.051683, 0.021536, 0.020123, 0.010859, 0.010159, 0.011904, 1.897943, 1.734198, 1.073513, 1.082922, 0.668556, 0.675267, 0.350345, 0.232216, 0.196763, 0.197864, 0.199745, 0.201460, 0.423910, 0.416542, 0.418150, 0.419462, 0.424149, 0.262498, 0.261865, 0.244294, 0.243691, 0.126363, 0.127659, 0.127481, 0.127287, 0.127114, 0.127662, 0.106309, 0.118546, 0.118526, 0.215660, 0.215884, 0.216099, 0.216301, 0.216404, 0.215735, 0.215933, 0.215842, 0.216007
0.130990, 0.101358; 0.042334, 0.042332, 0.042325, 0.042439, 0.042396, 0.042404, 0.042415, 0.042694, 0.042642, 0.044685, 0.044799, 0.046341, 0.041035, 0.041175, 0.041227, 0.041077, 0.041155, 0.041271, 0.041372, 0.041109, 0.041297, 0.014871, 0.014664, 0.014985, 0.021314, 0.021445, 0.027141, 0.026384, 0.026554, 0.026695, 0.026848, 0.027119, 0.027308, 0.026818, 0.026477, 0.026651, 0.024556, 0.024156, 0.024320, 0.024497, 0.024632, 0.027135, 0.027252, 0.028046, 0.027767, 0.030185, 0.037420, 0.037512, 0.038239
0.004643, 0.043805, 0.038247, 1.335946, 0.261377; 0.279159, 0.279206, 0.279782, 0.152887, 0.142434, 0.078161, 0.080306, 0.069328, 0.071953, 0.069379, 0.065696, 0.015343, 0.008466, 0.007310, 0.005469, 0.005333, 0.006285, 0.001989, 0.001822, 0.001740, 0.002390, 0.002889, 0.002671, 0.002701, 0.002518, 0.002383, 0.001869, 0.001718, 0.001753, 0.002010, 0.002033, 0.002058, 0.003155, 0.003337, 0.004137, 0.005379, 0.005652, 0.005889, 0.016271, 0.012783, 0.013354, 0.012820, 0.012575, 0.012346, 0.013093, 0.017229
10.476620, 10.476620, 10.476620, 10.476620, 3.912127, 3.664420, 3.466506, 3.287237, 3.369895, 2.430623, 2.494841, 2.712897, 2.971342, 2.885302, 2.828518, 2.261982, 2.254897, 2.302254, 2.488492, 2.690447, 2.696129, 3.251507, 3.278610, 3.255356, 3.269576, 3.247838, 3.303671, 3.234710, 3.246594, 3.329042, 3.338049, 3.352149, 3.374559, 3.387060, 3.373151, 3.381280, 2.874941, 2.868042, 2.862812, 2.842449, 2.858041, 2.840048, 2.813413, 2.288443; 2.294390, 2.288893, 2.283652, 2.282782, 2.291079, 2.280995, 2.285085
0.313595, 0.465504, 0.227003; 0.227003, 0.227003, 0.227003, 0.221557, 0.221554, 0.221466, 0.442925, 0.438758, 0.434819, 0.430188, 0.324047, 0.312545, 0.317914, 0.231907, 0.231756, 0.231901, 0.231810, 0.231813, 0.231900, 0.231620, 0.231615, 0.231593, 0.231550, 0.231513, 0.231499, 0.222664, 0.222822, 0.223901, 0.224025, 0.223909, 0.223916, 0.224027, 0.224020, 0.223918, 0.223911, 0.224013, 0.223919, 0.223338, 0.223428, 0.230730, 0.230813, 0.230817, 0.230710, 0.230658, 0.230169, 0.230179, 0.230085, 0.228801
0.033841, 0.033841, 0.033841, 0.033841, 0.060176, 0.060176; 0.060205, 0.060183, 0.060169, 0.060166, 0.054483, 0.051456, 0.051845, 0.051855, 0.051865, 0.051873, 0.051881, 0.051783, 0.051795, 0.049207, 0.049193, 0.049224, 0.049200, 0.049200, 0.049199, 0.049151, 0.049151, 0.049150, 0.049153, 0.049149, 0.049148, 0.049148, 0.049147, 0.049980, 0.049968, 0.049969, 0.048415, 0.048415, 0.048415, 0.048415, 0.048410, 0.048364, 0.047565, 0.047563, 0.041191, 0.041192, 0.041287, 0.041288, 0.042164, 0.042165, 0.042155
0.056619, 0.064118, 1.098014, 1.115735, 0.121785, 0.140728, 0.169748; 0.129985, 0.149309, 0.168173, 0.165506, 0.182332, 0.191119, 0.206509, 0.203526, 0.184437, 0.197984, 0.210582, 0.197102, 0.195359, 0.187263, 0.194961, 0.089750, 0.086036, 0.089760, 0.093245, 0.089783, 0.093105, 0.083375, 0.054883, 0.021347, 0.013569, 0.013474, 0.013376, 0.013256, 0.013621, 0.013957, 0.012769, 0.012691, 0.012707, 0.012546, 0.013147, 0.013037, 0.012528, 0.015668, 0.015441, 0.015280, 0.013529, 0.013400, 0.013253, 0.013372
0.510826, 0.385662; 0.385742, 0.205311, 0.331655, 0.352079, 0.369558, 0.344977, 0.360076, 0.344947, 0.433759, 0.392029, 0.386323, 0.386507, 0.389965, 0.404743, 0.541112, 0.525499, 0.525705, 0.522601, 0.523706, 0.554148, 0.460369, 0.481628, 0.477380, 0.479349, 0.473949, 0.476315, 0.474317, 0.434245, 0.434797, 0.434320, 0.434848, 0.326121, 0.324809, 0.323643, 0.325418, 0.324298, 0.325898, 0.119036, 0.119672, 0.167472, 0.168845, 0.166929, 0.168254, 0.169542, 0.175446, 0.176714, 0.174930, 0.176332, 0.177517
0.008477, 0.000350; 0.000356, 0.000360, 0.000360, 0.011863, 0.011862, 0.011863, 0.011894, 0.006951, 0.007252, 0.007147, 0.006486, 0.002739, 0.002729, 0.002721, 0.002713, 0.002733, 0.002829, 0.002693, 0.003400, 0.003420, 0.003569, 0.003562, 0.003091, 0.003123, 0.003120, 0.009222, 0.009276, 0.009257, 0.010023, 0.006211, 0.008526, 0.008508, 0.008497, 0.008024, 0.007998, 0.007974, 0.007064, 0.007143, 0.007172, 0.007155, 0.007253, 0.007292, 0.007278, 0.007264, 0.009251, 0.009019, 0.009018, 0.010260, 0.012184
0.101943, 0.036038, 0.036038; 0.035813, 0.035775, 0.053421, 0.053361, 0.058837, 0.056520, 0.049110, 0.050200, 0.049942, 0.050068, 0.045572, 0.045506, 0.045626, 0.045559, 0.045589, 0.045391, 0.063824, 0.063867, 0.063767, 0.025135, 0.025000, 0.024879, 0.025015, 0.020379, 0.071102, 0.071660, 0.070956, 0.058185, 0.055537, 0.056310, 0.055725, 0.056491, 0.055903, 0.057655, 0.057669, 0.058329, 0.057860, 0.057880, 0.057439, 0.057744, 0.057326, 0.057891, 0.058175, 0.056677, 0.056190, 0.056516, 0.056994, 0.058091
0.032499, 0.103423, 0.062708, 0.032514, 0.032537, 0.032183; 0.032282, 0.032283, 0.032283, 0.032283, 0.032299, 0.032300, 0.032460, 0.032505, 0.032508, 0.032510, 0.032513, 0.032492, 0.032495, 0.032497, 0.032499, 0.032502, 0.032504, 0.052852, 0.052860, 0.052861, 0.051073, 0.051089, 0.062912, 0.063095, 0.063267, 0.062878, 0.062929, 0.040754, 0.040801, 0.040847, 0.040892, 0.040935, 0.041033, 0.040618, 0.040659, 0.040699, 0.040729, 0.040766, 0.040797, 0.040833, 0.040849, 0.040883, 0.040916, 0.040948, 0.040626
0.203197, 0.311606, 0.311606; 0.769590, 0.768702, 0.771437, 0.771951, 0.769944, 0.312205, 0.312202, 0.312204, 0.267268, 0.230082, 0.253089, 0.275828, 0.297665, 0.315386, 0.322801, 0.320501, 0.326707, 0.264251, 0.228617, 0.235443, 0.241878, 0.247960, 0.181479, 0.187099, 0.168521, 0.126036, 0.107781, 0.108500, 0.113419, 0.074023, 0.068861, 0.087088, 0.082666, 0.079318, 0.074569, 0.090978, 0.087218, 0.082944, 0.086282, 0.126293, 0.121810, 0.117504, 0.113369, 0.407445, 0.423244, 0.418747, 0.414335, 0.410026
0.356675, 0.430783; 0.499304, 0.496425, 0.289718, 0.366187, 0.357401, 0.362900, 0.361796, 0.372737, 0.547097, 0.519420, 0.376218, 0.382882, 0.388455, 0.376650, 1.507979, 1.520656, 1.493816, 1.505666, 1.501343, 1.477717, 1.488045, 1.497690, 1.477167, 1.355315, 1.445403, 1.435942, 1.479347, 1.479302, 1.447845, 1.453882, 1.413441, 1.395435, 1.401093, 1.210188, 1.214127, 1.204499, 1.208137, 1.211594, 1.199690, 1.203755, 1.206873, 1.199654, 1.202952, 1.205108, 1.198368, 1.201462, 1.195608, 1.192096, 1.193963
1.003110, 0.525870, 0.525870, 0.525867, 0.356256, 0.454279, 0.438220, 0.448781; 0.445489, 0.492465, 0.493982, 0.490900, 0.491848, 0.500941, 0.501435, 0.501756, 0.501840, 0.501858, 0.508145, 0.498243, 0.498263, 0.498179, 0.498395, 0.499888, 0.500328, 0.500313, 0.501099, 0.501056, 0.501214, 0.501343, 0.502344, 0.502304, 0.503635, 0.503889, 0.520067, 0.554109, 0.551281, 0.548298, 0.548178, 0.548620, 0.548898, 0.547320, 0.547488, 0.546708, 0.546878, 0.547202, 0.547543, 0.543408, 0.543747, 0.543418, 0.542618
0.000469, 0.114011; 0.114011, 0.113864, 0.083250, 0.080760, 0.081916, 0.070728, 0.055797, 0.056742, 0.053620, 0.051266, 0.049572, 0.050141, 0.050758, 0.049342, 0.046371, 0.044351, 0.038303, 0.034788, 0.035283, 0.034214, 0.034686, 0.035132, 0.030242, 0.028501, 0.027349, 0.026981, 0.025489, 0.025657, 0.024143, 0.024260, 0.024402, 0.024520, 0.019156, 0.019280, 0.019397, 0.019145, 0.019259, 0.019496, 0.018127, 0.017499, 0.011790, 0.010531, 0.010475, 0.010530, 0.010415, 0.010463, 0.010502, 0.010410, 0.010450
0.081020, 0.179760; 1.061576, 0.186239, 0.243437, 0.279884, 0.073143, 0.084688, 0.083144, 0.071993, 0.068911, 0.024232, 0.025121, 0.023442, 0.022988, 0.018550, 0.018772, 0.018207, 0.015721, 0.015905, 0.015917, 0.020237, 0.020493, 0.020779, 0.026985, 0.021076, 0.021333, 0.021593, 0.020878, 0.021581, 0.021813, 0.033264, 0.032867, 0.032886, 0.033881, 0.034254, 0.034404, 0.036865, 0.037004, 0.037271, 0.033361, 0.033487, 0.033327, 0.033008, 0.038320, 0.038481, 0.038128, 0.038217, 0.038472, 0.048792, 0.051016
0.079989, 0.004938, 0.019757; 0.073025, 0.029608, 0.039974, 0.044075, 0.040497, 0.040681, 0.037082, 0.027393, 0.024994, 0.009592, 0.026638, 0.019941, 0.019906, 0.019836, 0.019673, 0.019566, 0.019452, 0.020958, 0.029346, 0.029312, 0.029170, 0.024844, 0.024430, 0.024479, 0.024480, 0.021129, 0.021213, 0.021262, 0.021752, 0.022919, 0.022939, 0.023043, 0.023064, 0.022888, 0.022923, 0.022268, 0.022308, 0.022582, 0.022612, 0.022206, 0.022190, 0.021094, 0.021125, 0.020994, 0.020860, 0.020646, 0.019322, 0.019351
0.005189, 1.028719; 1.028719, 0.934573, 0.003420, 0.039600, 0.036921, 0.039623, 0.037408, 0.032337, 0.033130, 0.029459, 0.022006, 0.022062, 0.022044, 0.021865, 0.020045, 0.029537, 0.029701, 0.044626, 0.042916, 0.046016, 0.046367, 0.042827, 0.041049, 0.041023, 0.040834, 0.038421, 0.037847, 0.038800, 0.039007, 0.037237, 0.036728, 0.036912, 0.034811, 0.034391, 0.042843, 0.040516, 0.040696, 0.040340, 0.043527, 0.043743, 0.043944, 0.043980, 0.041740, 0.041720, 0.040412, 0.040285, 0.040443, 0.040592, 0.040190
0.567374, 0.955363, 1.140592, 0.644621, 0.456499; 0.456839, 0.456823, 0.456649, 0.456718, 0.456689, 0.456645, 0.456627, 0.456949, 0.457016, 0.457006, 0.551661, 0.549269, 0.553307, 0.553627, 0.553114, 0.551840, 0.555680, 0.553742, 0.550743, 0.547603, 0.546638, 0.544516, 0.543958, 0.543491, 0.545779, 0.544340, 0.543601, 0.538450, 0.538146, 0.536185, 0.535359, 0.534923, 0.534552, 0.534651, 0.534321, 0.533845, 0.533107, 0.532358, 0.531592, 0.533532, 0.533315, 0.534604, 0.532166, 0.533212, 0.471000, 0.471263
0.010139, 0.010139, 0.261066, 0.010158, 0.010148, 0.010145; 0.010144, 0.010113, 0.010112, 0.010112, 0.010131, 0.010131, 0.009724, 0.009728, 0.009645, 0.009639, 0.010720, 0.070669, 0.070490, 0.069367, 0.067151, 0.067200, 0.066952, 0.067008, 0.066032, 0.066078, 0.066113, 0.066141, 0.065666, 0.064607, 0.064619, 0.064279, 0.059164, 0.056917, 0.056953, 0.056849, 0.056929, 0.056169, 0.056195, 0.065337, 0.065393, 0.064882, 0.064911, 0.064956, 0.064989, 0.065278, 0.065310, 0.065347, 0.065371, 0.064067, 0.052610
0.075515, 0.117475, 0.041254, 0.040952; 0.041761, 0.041530, 0.041830, 0.044474, 0.044320, 0.044935, 0.068216, 0.072006, 0.069205, 0.071369, 0.068962, 0.072126, 0.071648, 0.069714, 0.071443, 0.069638, 0.061080, 0.060575, 0.044164, 0.044149, 0.044138, 0.046195, 0.046240, 0.041656, 0.041649, 0.041685, 0.041677, 0.041672, 0.041698, 0.041692, 0.041687, 0.041682, 0.041662, 0.041657, 0.041679, 0.041677, 0.041674, 0.041670, 0.041666, 0.041685, 0.041678, 0.041674, 0.041890, 0.041887, 0.041882, 0.041879, 0.041897
3.711988, 0.371331, 2.175668, 2.259271, 2.339393, 2.363371, 2.580726, 2.581597, 2.585136, 2.585137, 2.586921; 2.576369, 2.577479, 2.579804, 2.594328, 2.595310, 2.622448, 2.623562, 2.624229, 2.624539, 2.636971, 2.637247, 2.637494, 2.652215, 2.664711, 1.089141, 1.090886, 1.102212, 1.105463, 1.118212, 1.118789, 1.112282, 1.140853, 1.143519, 1.146332, 1.176458, 1.203683, 1.203552, 1.203450, 1.245190, 1.246971, 1.253791, 1.258255, 1.260767, 1.082285, 1.083852, 1.084182, 1.084395, 1.084402, 1.084441, 1.084771
0.202269, 0.088729, 0.244498, 0.244489; 0.244445, 0.244494, 0.253263, 0.186491, 0.151633, 0.155637, 0.139781, 0.139829, 0.140307, 0.140723, 0.149024, 0.135291, 0.134860, 0.134479, 0.134926, 0.143049, 0.142765, 0.142179, 0.143276, 0.146240, 0.146304, 0.145798, 0.146088, 0.145716, 0.145496, 0.144116, 0.144323, 0.143797, 0.144135, 0.143646, 0.143820, 0.143396, 0.143606, 0.143764, 0.143787, 0.141665, 0.159679, 0.159372, 0.161011, 0.161840, 0.161537, 0.160063, 0.160664, 0.161405, 0.161133, 0.160858, 0.164966
0.056692, 0.007635; 0.231544, 0.012945, 0.010329, 0.108462, 0.185625, 0.191456, 0.187534, 0.187220, 0.211731, 0.212085, 0.211228, 0.211957, 0.211094, 0.211721, 0.263234, 0.263810, 0.263016, 0.263726, 0.264322, 0.262804, 0.261339, 0.260605, 0.261099, 0.260936, 0.239404, 0.237844, 0.238991, 0.244442, 0.230266, 0.228607, 0.230061, 0.228532, 0.229858, 0.232115, 0.232368, 0.233487, 0.232175, 0.229841, 0.228560, 0.203529, 0.201606, 0.202705, 0.200982, 0.202539, 0.201573, 0.203012, 0.201487, 0.202850, 0.202928
0.018250, 0.033315, 0.003829; 0.040220, 0.040713, 0.000270, 0.000275, 0.000259, 0.004068, 0.001167, 0.002180, 0.001973, 0.002569, 0.002642, 0.001605, 0.028424, 0.033415, 0.137403, 0.188682, 0.177608, 0.123251, 0.124417, 0.121269, 0.088492, 0.088173, 0.087850, 0.088217, 0.084399, 0.084646, 0.075164, 0.075284, 0.074300, 0.074379, 0.074676, 0.068080, 0.066796, 0.066701, 0.086022, 0.072249, 0.070033, 0.070084, 0.068844, 0.069041, 0.069885, 0.069784, 0.079569, 0.082477, 0.055435, 0.054684, 0.054455, 0.049918
0.014136, 0.122444, 0.014658, 0.014658, 0.009979, 0.012821; 0.002391, 0.000832, 0.000816, 0.000815, 0.000793, 0.000788, 0.000783, 0.000779, 0.000775, 0.001096, 0.000296, 0.000273, 0.000027, 0.007601, 0.006106, 0.008771, 0.008960, 0.008918, 0.009426, 0.009494, 0.000907, 0.000900, 0.001511, 0.001198, 0.001241, 0.001291, 0.001959, 0.001651, 0.001643, 0.001575, 0.001574, 0.000000, 0.000000, 0.000004, 0.000001, 0.000006, 0.000049, 0.000050, 0.000049, 0.000024, 0.000025, 0.000002, 0.000024, 0.000024, 0.000030
0.422986, 0.767166, 0.596066, 0.739994; 0.386488, 0.367344, 0.963213, 0.970069, 0.976102, 0.965638, 0.893652, 0.885219, 0.882860, 0.883230, 1.447700, 1.433361, 1.431863, 1.431734, 1.420140, 1.425820, 1.443685, 1.432335, 1.432592, 1.415470, 1.406618, 1.397577, 1.398346, 1.398490, 1.410480, 1.405625, 1.408327, 1.402855, 1.403055, 1.390562, 1.384321, 1.374479, 1.374554, 1.368198, 1.285395, 1.272672, 1.270969, 1.271599, 1.264451, 1.269428, 1.258185, 1.244781, 1.209023, 1.189895, 1.184103, 1.178588, 1.182963
0.011588, 0.078883, 0.060195; 0.063396, 0.010216, 0.011253, 0.011703, 0.007694, 0.008423, 0.004871, 0.006675, 0.005487, 0.010470, 0.010410, 0.010650, 0.010620, 0.009950, 0.009942, 0.009927, 0.009886, 0.010310, 0.010274, 0.013047, 0.013317, 0.013316, 0.013403, 0.013395, 0.013365, 0.013348, 0.013332, 0.013314, 0.013392, 0.013389, 0.014320, 0.014310, 0.014259, 0.014461, 0.014482, 0.014468, 0.014456, 0.014410, 0.014399, 0.008821, 0.008820, 0.008824, 0.008772, 0.008717, 0.004241, 0.004301, 0.004317, 0.004467
0.015708, 4.467002, 0.170769; 0.015942, 0.016328, 0.016282, 0.016231, 0.016308, 0.016272, 0.198148, 0.202990, 0.149496, 0.142111, 0.146025, 0.102476, 0.105849, 0.108300, 0.111202, 0.113912, 0.116450, 0.091912, 0.092730, 0.061204, 0.064319, 0.066319, 0.059885, 0.061266, 0.062595, 0.063149, 0.057328, 0.056196, 0.064063, 0.065323, 0.053493, 0.054607, 0.055687, 0.051643, 0.052679, 0.053684, 0.045908, 0.046796, 0.047654, 0.043706, 0.044556, 0.045402, 0.046202, 0.046090, 0.045570, 0.045837, 0.046582, 0.045680
0.319657, 1.516105, 1.516104, 0.194689, 0.187825, 0.183063, 0.183011, 0.183496, 0.182810, 0.182282; 0.180842, 0.181164, 0.181313, 0.182084, 0.181821, 0.182044, 0.182066, 0.181899, 0.181984, 0.182099, 0.180641, 0.179330, 0.179657, 0.178985, 0.179069, 0.178971, 0.214159, 0.215946, 0.215996, 0.215802, 0.219163, 0.219222, 0.219388, 0.219035, 0.219089, 0.219143, 0.219292, 0.218605, 0.218646, 0.218691, 0.218732, 0.231089, 0.231068, 0.230740, 0.230813, 0.230766, 0.230535, 0.230486, 0.230150, 0.230264, 0.230217
0.002013, 1.586904; 0.514742, 0.167842, 0.159874, 0.038449, 0.035474, 0.036395, 0.037073, 0.036303, 0.014975, 0.254322, 0.253432, 0.255639, 0.254813, 0.216420, 0.215207, 0.218413, 0.217226, 0.216162, 0.215207, 0.217806, 0.216862, 0.215999, 0.218238, 0.214615, 0.213826, 0.212759, 0.214640, 0.213917, 0.205921, 0.146547, 0.148225, 0.146998, 0.146419, 0.146784, 0.136338, 0.135795, 0.135283, 0.136649, 0.136128, 0.135643, 0.135035, 0.136346, 0.135887, 0.135450, 0.136601, 0.136331, 0.135914, 0.135517, 0.137530
0.112301, 0.236087, 0.544871, 0.533519, 0.273890, 0.270400, 0.282826, 0.289601, 0.290451, 0.288433, 0.287791, 0.286950, 0.284568, 0.298062; 0.259712, 0.155988, 0.156580, 0.156399, 0.157014, 0.156394, 0.156351, 0.170136, 0.170415, 0.185052, 0.186025, 0.187076, 0.186436, 0.185930, 0.193476, 0.192803, 0.192295, 0.191689, 0.191013, 0.190548, 0.191492, 0.190500, 0.191503, 0.191091, 0.198053, 0.197601, 0.197199, 0.196548, 0.198253, 0.197884, 0.197498, 0.197191, 0.196820, 0.196614, 0.197551, 0.197226, 0.201188
1.051499, 1.490944, 2.322717, 2.322717, 1.062093, 1.041574; 1.195072, 1.111244, 1.080321, 1.058185, 0.981241, 0.990876, 0.988237, 0.991033, 0.980304, 0.974777, 0.980112, 0.983070, 0.983694, 0.980096, 0.873069, 0.872606, 0.873508, 0.871712, 0.895758, 0.895351, 0.895036, 0.893109, 0.894708, 0.895841, 0.895633, 0.886374, 0.883650, 0.893794, 0.894160, 0.834015, 0.834819, 0.834316, 0.832211, 0.833294, 0.831760, 0.826956, 0.826932, 0.823046, 0.883792, 0.885516, 0.885327, 0.861815, 0.862540, 0.859718, 0.859643
0.000000, 0.000000, 0.000000, 0.000000, 0.000000, 0.000000, 0.000000, -0.000000, 0.000000, 0.000000, 0.000000, -0.000000, 0.000000, 0.000000, -0.000000, 0.000031, 0.000028, 0.000028; 0.000028, 0.000028, 0.000025, 0.000025, 0.000025, 0.000023, 0.000021, 0.000021, 0.000021, 0.000021, 0.000020, 0.000020, 0.000020, 0.000020, 0.000019, 0.000019, 0.000018, 0.000018, 0.000018, 0.000018, 0.000018, 0.000018, 0.000018, 0.000018, 0.000017, 0.000017, 0.000017, 0.000016, 0.000016, 0.000014, 0.000014, 0.000014, 0.000014
0.157281, 0.063955, 0.153511, 0.152164, 0.154113; 0.153853, 0.154184, 0.154300, 0.154375, 0.145239, 0.158209, 0.158318, 0.158025, 0.158146, 0.158029, 0.158381, 0.158496, 0.158618, 0.158724, 0.158467, 0.158421, 0.159580, 0.159770, 0.159913, 0.160042, 0.160081, 0.156438, 0.156484, 0.156776, 0.155975, 0.155954, 0.155093, 0.154968, 0.155091, 0.155421, 0.155240, 0.157598, 0.178143, 0.178198, 0.178547, 0.178048, 0.174388, 0.172999, 0.173302, 0.174112, 0.178837, 0.179079, 0.179582, 0.182023, 0.181841, 0.179910
0.527063, 0.093495, 0.114732; 0.114450, 0.102909, 0.095113, 0.112082, 0.111994, 0.112079, 0.110793, 0.110740, 0.110725, 0.110658, 0.110647, 0.110616, 0.112229, 0.112210, 0.112222, 0.112205, 0.095169, 0.095153, 0.095072, 0.095126, 0.095115, 0.095991, 0.096074, 0.095997, 0.095985, 0.091615, 0.091472, 0.091506, 0.091505, 0.091418, 0.091415, 0.091447, 0.091455, 0.091483, 0.091489, 0.090998, 0.091008, 0.091020, 0.091034, 0.091055, 0.091047, 0.090953, 0.090413, 0.103350, 0.103312, 0.103497, 0.112762, 0.112762
0.190795, 0.207198, 0.207131, 0.207153; 0.194892, 0.182188, 0.181312, 0.181098, 0.181106, 0.181113, 0.118405, 0.118223, 0.118790, 0.123305, 0.123202, 0.132248, 0.132455, 0.132385, 0.132289, 0.132450, 0.132602, 0.133083, 0.176225, 0.176301, 0.176876, 0.176983, 0.176890, 0.176149, 0.176294, 0.175663, 0.175606, 0.175524, 0.175601, 0.175529, 0.175477, 0.175608, 0.175706, 0.169878, 0.169274, 0.169183, 0.162344, 0.162393, 0.162314, 0.162259, 0.162453, 0.162533, 0.160986, 0.160930, 0.160995, 0.161052, 0.160998
0.118364, 1.560727, 0.097975, 0.097975, 0.097975, 0.096166, 0.096130; 0.096230, 0.096184, 0.097013, 0.098657, 0.098495, 0.098656, 0.098413, 0.098303, 0.099243, 0.099594, 0.099524, 0.099595, 0.099531, 0.098973, 0.096033, 0.095983, 0.096095, 0.096045, 0.117000, 0.117155, 0.119033, 0.116187, 0.115994, 0.115550, 0.116021, 0.115925, 0.115987, 0.120031, 0.119972, 0.119960, 0.119899, 0.114844, 0.114818, 0.111491, 0.110250, 0.110250, 0.084178, 0.083764, 0.083415, 0.082825, 0.082858, 0.082844, 0.079937, 0.079983
