1.047934, 1.244810, 1.244809, 1.244809; 1.244804, 1.245713, 1.248599, 1.246035, 1.377970, 1.383333, 1.383523, 1.379057, 1.379602, 1.376195, 1.376879, 1.380124, 1.380464, 1.380784, 1.378240, 1.377732, 1.380064, 1.380288, 1.378820, 1.379112, 1.380341, 1.373439, 1.373545, 1.375022, 1.794102, 1.791187, 1.791007, 1.790793, 1.865722, 1.866396, 1.864958, 1.866452, 1.868367, 1.868417, 1.711902, 1.719576, 1.720864, 1.722179, 1.722400, 1.302179, 1.302381, 1.304181, 1.304943, 1.305973, 1.305738, 1.304533, 1.301248
0.414255, 1.301558; 0.665570, 0.665570, 0.665581, 0.653219, 0.652969, 0.656270, 0.196219, 0.195607, 0.195134, 0.196050, 0.993999, 0.994153, 0.994146, 0.993829, 0.993962, 0.994081, 0.993829, 0.993876, 0.993980, 0.993762, 0.987401, 0.987674, 0.987097, 0.986238, 0.986504, 0.985946, 0.986207, 0.986447, 0.985030, 0.985265, 0.985286, 0.984822, 0.985042, 0.985246, 0.985438, 0.985023, 0.983480, 0.983681, 0.983250, 0.980895, 0.974660, 0.973985, 0.974213, 0.974511, 0.973877, 0.974172, 0.974453, 0.959138, 0.959095
42.310991, 60.704825, 44.790929, 44.462842, 44.556390, 41.533937, 41.694111, 24.160328, 24.214469, 24.193544, 24.178215, 24.194204, 24.181133, 22.256383, 22.284822, 22.267364, 22.306991, 22.293597, 21.269987, 20.934433, 20.928856, 20.922599, 20.922245, 21.089404; 46.605703, 46.676621, 46.747135, 46.527677, 46.591038, 46.650684, 46.706793, 46.725385, 46.700987, 46.684238, 46.689072, 46.818818, 46.858860, 46.758516, 46.303417, 46.302617, 46.305550, 46.339081, 46.376752, 46.338342, 45.436334, 45.413670, 45.445666, 45.534781, 45.298426, 45.329672, 45.353144
0.891925, 1.236766; 1.236767, 0.077960, 0.100871, 1.083915, 1.078774, 1.080774, 1.081910, 1.083396, 0.994379, 0.997686, 0.997654, 1.025300, 0.992946, 0.992310, 0.992675, 0.991675, 0.992059, 0.991533, 0.991821, 0.963616, 0.964023, 0.964365, 0.967073, 0.967571, 0.998156, 0.999158, 1.000409, 1.001246, 0.985988, 0.885031, 1.049181, 1.054180, 1.058418, 1.045620, 1.050224, 0.931580, 0.928896, 0.952944, 0.936010, 0.938793, 0.935113, 0.930664, 0.932990, 0.945382, 0.925804, 0.928009, 0.930032, 0.932207, 0.967167
22.048413, 3.047913, 5.243303, 12.552590, 9.893547, 10.999332, 9.570185, 7.611544, 7.889455; 5.512124, 5.517979, 5.694134, 5.597515, 5.719907, 4.224724, 4.234062, 4.237047, 4.247083, 4.030894, 4.036287, 4.043168, 4.047454, 4.052318, 4.055832, 3.624708, 3.606330, 3.473887, 3.479812, 3.485171, 3.490381, 3.366764, 3.372489, 3.236984, 3.246330, 3.252891, 2.982371, 2.996891, 2.817715, 2.820111, 2.830575, 2.832325, 2.841876, 2.844773, 2.853391, 2.835384, 2.842710, 2.845832, 2.851844, 2.854780, 2.446499, 2.247401
1.880050, 2.359623; 1.880050, 0.642024, 0.644485, 0.645473, 1.736019, 1.709669, 1.714566, 1.718701, 1.712226, 1.715664, 1.718701, 1.713591, 1.720737, 1.722854, 1.719117, 1.720980, 1.722467, 1.723985, 1.725417, 1.723051, 1.724350, 1.725630, 1.724074, 1.725207, 1.726294, 1.717225, 1.718104, 1.717483, 1.718537, 1.719319, 1.717984, 1.713935, 1.658087, 1.656439, 1.657394, 1.658288, 1.656758, 1.657596, 1.656185, 1.657036, 1.657813, 1.656489, 1.657759, 1.658471, 1.124140, 1.122006, 1.119078, 1.122123, 1.120118
0.000000, 0.000000, 0.000000, 0.000000, 0.000000, 0.000000, 0.000000, 0.000000, 0.000000, 0.000000, 0.000000, 0.000000, 0.000000, 0.000000, 0.000000, 0.000000, 0.000000, 0.000000; 0.000000, 0.000000, 0.000000, 0.000000, 0.000000, 0.000000, 0.000000, 0.000000, 0.000000, 0.000000, 0.000000, 0.000000, 0.000000, 0.000000, 0.000000, 0.000000, 0.000000, 0.000000, 0.000000, 0.000000, 0.000000, 0.000000, 0.000000, 0.000000, 0.000000, 0.000000, 0.000000, 0.000000, 0.000000, 0.000000, 0.000000, 0.000000, 0.000000
46.051702, 46.051702, 46.051702, 46.051702, 26.021502, 26.020372, 26.305295, 26.335388, 26.552127, 26.596098, 26.601717; 25.968027, 25.956116, 26.049963, 26.043851, 26.035138, 26.320472, 26.318685, 26.354383, 26.366366, 26.362237, 26.361713, 26.358045, 26.348923, 26.351118, 26.506164, 26.501581, 26.357465, 26.375167, 26.373841, 26.372564, 26.401799, 26.408010, 26.082001, 26.081989, 26.092650, 26.131894, 26.129184, 26.137860, 26.107772, 26.105798, 25.416212, 25.413138, 25.438584, 25.491830, 25.488622, 25.540251, 25.681984, 25.680255, 25.679578, 25.679543
0.295538, 0.523797; 0.522637, 0.522219, 0.521891, 0.522418, 0.522285, 0.522114, 0.522759, 0.522814, 0.363117, 0.348384, 0.355906, 0.361787, 0.367018, 0.464388, 0.467235, 0.469231, 0.509202, 0.511165, 0.512864, 0.509202, 0.510902, 0.512402, 0.667897, 0.671042, 0.674552, 0.666681, 0.644496, 0.647217, 0.641569, 0.644179, 0.646666, 0.641534, 0.643926, 0.644732, 0.646803, 0.642043, 0.644166, 0.646199, 0.664969, 0.666784, 0.635791, 0.632412, 0.633959, 0.634680, 0.631564, 0.601309, 0.602953, 0.599495, 0.485581
1.001783, 1.235976, 1.235976, 1.235976, 1.235976, 1.236089; 1.236024, 1.034345, 0.868353, 0.876318, 0.873118, 0.872799, 0.886703, 0.886428, 0.886261, 0.889384, 0.889226, 0.889145, 0.916266, 0.919702, 0.919205, 0.917415, 0.916225, 0.916292, 0.916356, 0.916347, 0.913382, 0.926851, 0.937221, 0.979287, 0.981142, 0.979906, 0.948382, 0.950590, 0.950486, 0.951823, 0.951158, 0.952345, 0.978085, 0.977395, 0.978211, 0.976994, 0.985773, 1.000151, 1.000992, 1.000494, 1.033800, 1.034499, 1.035489, 1.037804, 1.037369
73.659210, 78.300042, 79.817765, 64.181957, 81.136014, 77.337012, 77.224756, 76.781055, 44.834083, 44.957315, 43.046697, 42.940912, 44.245425, 47.914069, 45.850172, 45.847234, 45.896699, 43.719402, 43.836640, 43.843510, 43.939911, 43.945535, 44.495199, 44.527218; 58.311468, 58.237256, 58.299330, 45.486281, 42.857446, 42.930530, 42.962403, 43.036674, 43.104566, 43.159593, 43.219434, 43.474166, 44.368045, 44.625068, 44.622643, 44.683936, 44.691572, 44.625451, 44.670657, 44.617440, 44.661034, 42.846035, 42.890569, 41.333530, 41.393018, 41.410597, 41.462730
214.689979, 46.051702, 66.572934, 82.695773, 143.696818, 144.346812, 143.624334, 143.043334, 180.021966, 178.623734, 177.071571, 182.005230, 180.556592, 180.636155, 162.384116, 161.312190, 160.823436, 160.579957, 160.365578; 160.019859, 184.852923, 184.773223, 184.543563, 184.489779, 186.347258, 186.705754, 186.649682, 186.576007, 188.105051, 188.033804, 192.294099, 192.778844, 192.625051, 193.960370, 200.904376, 200.728509, 200.650090, 201.188786, 203.942116, 203.864218, 204.663961, 204.662088, 204.557696, 204.478706, 204.384270, 204.390170, 204.716711, 204.668921, 205.024394, 204.936722, 204.855679
0.143212, 0.039222; 0.029462, 0.214172, 0.213728, 0.213651, 0.213891, 0.213791, 0.733844, 0.865154, 0.869908, 0.867747, 0.866339, 0.863925, 0.152206, 0.151788, 0.150892, 0.151888, 0.150146, 0.149796, 0.149489, 0.129297, 0.128412, 0.127775, 0.129426, 0.128801, 0.128223, 0.127671, 0.129092, 0.128564, 0.128057, 0.121694, 0.098960, 0.096111, 0.095985, 0.098119, 0.097319, 0.099243, 0.098485, 0.100420, 0.099702, 0.099013, 0.070002, 0.071867, 0.070523, 0.003778, 0.002193, 0.002571, 0.002941, 0.004547, 0.003623
1.314212, 2.182296; 6.915202, 4.152131, 2.557717, 2.653381, 7.882314, 8.071146, 8.192701, 7.687940, 6.864118, 6.780380, 6.708938, 6.577702, 4.605848, 2.406136, 2.423026, 2.380232, 2.395652, 2.409886, 2.423727, 2.388604, 2.352858, 2.363535, 2.336687, 2.356854, 2.366682, 2.377790, 2.353612, 2.360922, 2.369447, 2.377665, 2.356309, 2.364063, 2.342269, 2.329311, 2.340751, 2.320371, 2.326911, 2.309982, 2.316170, 2.324438, 2.328540, 3.008145, 2.940787, 2.945599, 2.890632, 2.896571, 2.902311, 2.907088, 2.840479
0.000000, 0.000000, 0.000000, 0.000000, 0.000000, 0.000000, 43.893077, 43.279470, 43.436621, 41.281210, 45.417604, 45.476135, 45.391067, 45.136577, 43.420791, 43.199948, 43.212362, 42.437362; 42.036474, 42.017636, 42.014352, 41.032118, 41.043644, 41.056564, 41.075930, 41.077276, 41.063202, 39.849281, 39.618257, 38.003183, 37.792016, 37.797677, 37.809047, 37.822049, 37.829673, 37.594457, 37.586795, 37.587242, 37.597283, 37.606939, 37.593277, 37.596603, 37.548271, 37.555771, 37.539240, 37.546047, 37.439561, 37.434213, 37.435859, 37.348792, 37.353870
0.111406, 0.009899; 0.157667, 0.216035, 0.110582, 0.064167, 0.082507, 1.721114, 1.672045, 1.664260, 1.667015, 1.670780, 1.665740, 1.667781, 1.670219, 1.670469, 1.661358, 1.662000, 1.671222, 1.669042, 0.985649, 0.990621, 0.979384, 0.722705, 1.157078, 1.152955, 0.904537, 0.903641, 0.896097, 0.883959, 0.747075, 0.747680, 0.746167, 0.746827, 0.747430, 0.766411, 0.672998, 0.689882, 0.691673, 0.688606, 0.647272, 0.647852, 0.640847, 0.641462, 0.642425, 0.640161, 0.641100, 0.642038, 0.642937, 0.641038, 0.641929
0.093351, 1.585421, 1.582836; 0.618462, 1.927467, 1.895167, 1.892820, 1.891087, 1.883045, 1.875715, 1.752998, 1.698281, 1.701069, 1.684083, 1.691448, 1.663777, 1.671218, 1.169391, 1.176978, 1.119169, 0.315835, 0.318055, 0.308427, 0.393460, 0.397910, 0.399104, 0.403514, 0.417783, 0.422104, 0.226674, 0.229737, 0.217633, 0.220218, 0.222762, 0.225386, 0.227170, 0.229517, 0.236888, 0.239112, 0.232550, 0.235748, 0.237762, 0.239744, 0.233820, 0.235668, 0.248739, 0.283160, 0.278465, 0.279982, 0.281474, 0.282934
0.742668, 0.795311; 0.688601, 0.688601, 0.585287, 0.585617, 0.584746, 0.585053, 0.585287, 0.585469, 0.584961, 0.585138, 0.585287, 0.584976, 0.585126, 0.585251, 0.585528, 0.587542, 0.587703, 0.587849, 0.587982, 0.587625, 0.587754, 0.587872, 0.588702, 0.588863, 0.589015, 0.589160, 0.588784, 0.588921, 0.589052, 0.589177, 0.588846, 0.588966, 0.589081, 0.588785, 0.588902, 0.589009, 0.589111, 0.588843, 0.588942, 0.589037, 0.589130, 0.588887, 0.588977, 0.589064, 0.588859, 0.588943, 0.589025, 0.589104, 0.588895
0.000000, 74.427163, 73.544154, 71.705118, 71.619027, 71.605562, 65.715444, 65.714716, 64.076160, 64.059587, 65.655018, 65.752429, 65.607292, 64.923984, 64.146820, 63.269483, 63.375299, 63.425776, 63.430732, 63.447711; 64.591940, 70.325365, 70.241393, 70.267799, 70.598912, 70.541329, 70.506074, 70.811675, 70.815037, 72.366203, 72.309576, 72.469254, 72.473318, 72.489579, 72.503222, 72.487440, 72.491495, 72.182891, 71.840003, 71.860388, 71.856493, 71.636217, 71.075505, 71.078980, 71.182135, 71.034810, 71.029878, 73.301928, 73.298556, 73.285816, 73.285271
229.786267, 216.531179, 219.128120, 99.913521, 99.946593, 99.947035, 223.247390, 222.710306, 222.577948, 222.588716, 224.221619, 227.975019, 228.035365, 227.811471, 227.668972, 227.481222, 227.593423, 227.532792, 226.883382, 226.284762, 226.257820, 226.041968, 225.750121, 225.670773, 225.804809, 226.481937, 226.130850, 226.013176, 225.635467, 226.786367, 226.697487, 226.574330, 226.730536, 226.721681, 226.661166, 226.763116, 226.730068, 226.712436, 226.435792; 226.418741, 226.536218, 225.754311, 226.151644, 226.029861, 234.457599, 234.240853, 234.182742, 234.117656, 235.304465, 235.305548, 235.253373
0.390887, 1.600725, 0.852048; 0.432696, 0.302666, 0.604603, 0.605830, 0.548437, 0.418267, 0.357218, 0.357811, 0.349015, 0.342738, 0.341603, 0.372232, 0.376383, 0.371460, 0.365644, 0.362540, 0.357920, 0.380982, 0.378109, 0.375008, 0.372250, 0.370241, 0.381085, 0.378948, 0.379539, 0.377398, 0.377326, 0.377202, 0.384196, 0.392406, 0.391020, 0.389720, 0.388572, 0.429736, 0.450426, 0.449703, 0.688669, 0.688319, 0.687933, 0.689182, 0.683189, 0.645381, 0.645169, 0.644671, 0.644494, 0.644752, 0.640962, 0.645988
62.238790, 66.130611, 63.873213, 63.872368, 63.873339, 63.872733, 63.872301; 63.872669, 63.867920, 63.867840, 63.826221, 63.801756, 61.088957, 61.086387, 61.084268, 61.093942, 61.091598, 60.980324, 61.024291, 61.024434, 61.541452, 61.545866, 61.587435, 61.132152, 61.134647, 61.137060, 61.137824, 61.139809, 61.160647, 61.025459, 60.717261, 60.695835, 60.703396, 60.627784, 60.619319, 60.623475, 60.622974, 60.532112, 60.536212, 60.529925, 60.533853, 60.537606, 60.546645, 60.550184, 60.551487, 60.554885, 60.558147, 60.313448, 60.316019, 60.318508, 60.314582
19.296535, 39.262824, 19.000023, 19.480918, 19.296260, 19.295916, 72.458882, 72.938237, 73.738542, 72.646294, 72.852855, 72.168329, 74.485554, 74.678503, 74.113477, 74.386826, 74.576067, 73.857619, 73.387299, 72.965564, 72.999057; 72.932793, 72.428601, 72.499781, 72.198667, 72.369969, 72.096916, 72.256136, 71.971651, 70.790961, 70.502477, 70.618481, 70.920187, 70.677134, 70.751006, 71.223075, 72.148077, 72.218162, 72.035066, 72.110558, 72.302562, 72.131969, 71.994475, 72.076819, 71.905504, 70.090833, 69.850554, 69.724126, 69.785967, 69.644790, 69.702715
19.301022, 20.416584, 18.622412, 17.807584, 17.875053, 17.893033, 17.811271, 17.925825, 3.320324, 4.061165, 4.025223, 4.100044; 1.422853, 1.420536, 1.438161, 1.423776, 1.411367, 1.446792, 2.042707, 2.149530, 2.177991, 2.165167, 1.225930, 1.205663, 1.199947, 1.218692, 1.200688, 1.407627, 1.440286, 1.432848, 1.463769, 1.457397, 1.462013, 1.491940, 1.475039, 1.477910, 1.461522, 1.488981, 1.473448, 1.465870, 1.485645, 1.471809, 1.082798, 1.860236, 1.961061, 1.964375, 1.960032, 2.148173, 2.086949, 2.082483, 2.077177
0.880704, 0.880704, 0.880703, 0.862377, 0.857026, 0.853462, 0.849344; 0.862807, 0.860634, 0.879808, 0.879755, 0.879759, 0.879940, 0.879049, 0.878743, 0.878747, 0.878746, 0.878721, 0.878718, 0.878725, 0.878707, 0.878706, 0.878755, 0.878762, 0.878815, 0.878813, 0.878803, 0.878793, 0.878980, 0.878971, 0.878971, 0.879789, 0.879792, 0.879807, 0.879810, 0.879808, 0.879810, 0.879812, 0.879811, 0.879814, 0.879998, 0.879997, 0.879998, 0.879998, 0.879996, 0.879996, 0.880002, 0.884044, 0.883974, 0.883908, 0.884105
3.967898, 5.177736, 5.176821; 5.214077, 5.212194, 5.309477, 4.220287, 4.817842, 4.812825, 4.008735, 3.972500, 3.967947, 3.966616, 3.965623, 3.928350, 3.926645, 3.944438, 3.943686, 3.943012, 3.731116, 3.733360, 3.733225, 3.734968, 3.734526, 3.734153, 3.753145, 3.754363, 3.754934, 3.727850, 3.726454, 3.726544, 3.699737, 3.699810, 4.880776, 4.878037, 4.875456, 4.887225, 4.884433, 4.881942, 4.879525, 4.876348, 4.773951, 4.782884, 4.780856, 3.352011, 3.351181, 3.350391, 3.108328, 3.163204, 3.165082, 3.164069
1.043171, 39.872733, 2.954673, 1.173394, 0.882364, 1.210483, 1.140073; 1.166965, 1.152508, 1.143118, 1.094063, 1.092846, 1.127213, 1.094620, 1.091785, 1.088774, 1.096799, 1.100329, 1.120890, 1.118930, 1.117787, 1.122765, 1.019296, 1.330191, 1.327111, 1.324228, 1.337717, 1.340014, 1.336285, 1.332754, 1.334950, 1.284170, 1.282618, 1.287898, 1.283007, 2.426334, 2.435323, 2.445937, 2.448471, 2.455578, 2.382492, 2.382370, 2.174983, 2.161149, 2.156577, 2.171316, 2.178447, 2.185496, 2.192204, 2.187420, 2.196708
0.069063, 3.860800; 2.491013, 2.282781, 0.816091, 0.815212, 2.070512, 2.085480, 1.884556, 0.849312, 0.842117, 0.842129, 0.842097, 0.843959, 0.796541, 0.799783, 0.798437, 0.761535, 0.763504, 0.769914, 0.769005, 0.770032, 0.771182, 0.769316, 0.771054, 0.770273, 0.769534, 0.186998, 0.180746, 0.172628, 0.189904, 0.180718, 0.192672, 0.185814, 0.200629, 0.193964, 0.212928, 0.225770, 0.220025, 0.223072, 0.264440, 0.258820, 0.253754, 0.264095, 0.259929, 0.254883, 0.265496, 0.309888, 0.306110, 0.297582, 0.293372
5.806138, 7.540740; 2.890867, 6.264894, 6.210883, 5.886786, 5.822746, 5.869488, 6.100203, 6.150576, 6.125847, 5.649458, 5.694037, 5.451605, 5.341608, 5.135021, 5.116675, 5.098205, 5.081599, 5.147728, 5.133595, 5.046291, 5.032341, 5.008895, 4.997215, 5.007977, 5.008903, 5.019098, 5.545396, 5.553886, 5.542277, 5.484262, 5.472700, 5.483610, 5.472700, 5.543122, 5.527830, 5.530843, 5.523262, 5.550531, 5.534714, 5.544562, 5.537303, 5.544227, 5.623224, 5.832017, 5.826709, 5.829562, 5.462765, 4.915306, 5.164085
0.251268, 0.123426; 0.136663, 0.167097, 0.167099, 0.375768, 2.165466, 0.409111, 0.355666, 0.400002, 0.496246, 0.518088, 0.542702, 0.560037, 0.575541, 0.553064, 0.562785, 0.616101, 1.049357, 1.042192, 1.048015, 1.041565, 1.045894, 1.050691, 1.044961, 1.068157, 1.063491, 1.066637, 1.066944, 1.070287, 1.066442, 1.069597, 1.066002, 1.068989, 1.071742, 1.068439, 0.815097, 0.806404, 0.812011, 0.805575, 0.810929, 0.804805, 0.818592, 0.813097, 0.817665, 0.822000, 0.816814, 0.820917, 0.815964, 0.819988, 0.815965
26.309827, 59.832679, 24.970630, 25.138183, 28.840842, 29.029903, 27.215564, 26.969683, 27.025245; 27.102895, 27.521195, 26.977581, 26.871348, 25.221780, 25.243554, 24.348089, 24.361443, 24.358425, 24.499914, 24.529821, 24.648620, 24.325500, 23.760524, 23.789335, 23.755934, 23.374308, 23.259481, 23.253195, 23.366869, 23.415400, 23.418035, 23.452121, 23.246957, 23.168411, 23.154840, 23.199571, 23.206773, 23.232486, 23.065507, 23.105690, 23.151642, 23.040255, 23.061892, 23.113098, 23.080138, 23.051723, 23.054284, 23.090196, 23.107113, 22.977496, 22.994936
1.808635, 2.516381, 0.649404; 0.649433, 0.649427, 0.654615, 0.691063, 0.688584, 0.686702, 0.696721, 0.721302, 0.733802, 0.731009, 0.730044, 0.755721, 0.754392, 0.753476, 0.750864, 0.747215, 0.745190, 0.921926, 1.203997, 1.213049, 1.205498, 1.192099, 1.218112, 1.201535, 1.306735, 1.300372, 1.294812, 1.434096, 1.460684, 1.450737, 1.427211, 1.422376, 1.417743, 1.438285, 1.462561, 1.458203, 1.453919, 1.450058, 1.446109, 1.463512, 1.459800, 1.478779, 1.475143, 1.471729, 1.485847, 1.470198, 1.477412, 1.510425
1.686399, 2.433613, 0.790620, 0.790893; 0.594970, 0.605040, 0.578625, 0.609322, 2.431464, 0.085402, 0.081322, 0.110824, 0.105455, 0.759181, 0.614906, 0.244808, 0.241522, 0.401729, 0.398929, 0.419133, 0.475658, 0.473936, 0.541701, 0.540369, 0.538134, 0.562711, 0.576943, 0.575660, 0.573445, 0.618854, 0.617030, 0.615292, 0.800399, 0.805399, 0.804056, 0.041497, 0.043191, 0.062729, 0.061234, 0.072323, 0.070938, 0.073056, 0.071605, 0.077372, 0.089848, 0.090185, 0.088927, 0.087721, 0.096617, 0.040099, 0.032059
2.050612, 1.198524, 1.671499; 1.735567, 1.725747, 1.704882, 1.700724, 1.697827, 1.788594, 1.792535, 1.789997, 1.789996, 1.789994, 1.789993, 1.789997, 1.789997, 1.789996, 1.789997, 1.790007, 1.790006, 1.790009, 1.790008, 1.790008, 1.790007, 1.790007, 1.790009, 1.802707, 1.813363, 1.813780, 1.814365, 1.814762, 1.813033, 1.813384, 1.813733, 1.814080, 1.814416, 1.812975, 1.813183, 1.813389, 1.813685, 1.813262, 1.812418, 1.811273, 1.811494, 1.811733, 1.811968, 1.812141, 1.811140, 1.810511, 1.810703, 1.810904
1.473536, 1.463267, 1.464556, 1.572568, 1.967161; 1.967077, 1.575677, 1.573532, 1.573569, 1.573443, 1.573554, 1.574832, 1.574981, 1.574946, 1.574956, 1.574906, 1.574938, 1.574911, 1.574922, 1.574881, 1.574858, 1.574939, 1.502392, 1.504063, 1.499975, 1.498662, 1.497472, 1.491734, 1.695008, 1.691827, 1.694068, 1.693417, 1.693791, 1.690938, 1.690387, 1.692233, 1.690967, 1.689518, 1.688976, 1.686634, 1.685972, 1.649356, 1.648790, 1.338353, 1.345766, 1.337149, 1.343339, 1.346018, 1.554089, 1.562060, 1.546500
1.098729, 2.656874, 2.656877; 0.175049, 0.497079, 0.393845, 0.653955, 1.862526, 1.785238, 1.742789, 1.591716, 1.546160, 0.689311, 0.651508, 0.708321, 0.696722, 1.013131, 1.276296, 1.297552, 1.298748, 1.302888, 1.275492, 1.306618, 0.402384, 0.441995, 0.427786, 0.429990, 0.419539, 0.478349, 0.504396, 0.494774, 0.497852, 0.458787, 0.370808, 0.388324, 0.637674, 0.638652, 0.631327, 0.671719, 0.663745, 0.656114, 0.691658, 0.707671, 0.718566, 0.714189, 0.707317, 0.796362, 0.801306, 0.696233, 0.689678, 0.569838
0.998615, 1.967303, 1.872916; 1.843639, 1.835153, 1.562548, 1.426157, 1.421378, 1.040461, 1.042141, 1.026036, 1.047964, 0.949467, 0.949450, 0.766445, 0.764460, 0.789643, 0.790547, 0.789668, 0.780909, 0.780174, 0.780906, 0.779511, 0.778943, 0.778449, 0.775111, 0.775623, 0.785234, 0.821056, 0.820723, 0.821773, 0.828422, 0.828599, 0.829165, 0.829218, 0.828881, 0.828932, 0.828488, 0.829249, 0.828951, 0.849047, 0.849322, 0.849051, 0.848072, 0.848428, 0.849192, 0.849277, 0.849341, 0.845825, 0.898463, 0.898408
2.644398, 0.260036; 0.761984, 1.223330, 0.866209, 1.208474, 3.283162, 3.438020, 3.096900, 0.557408, 0.510411, 0.568886, 2.219082, 2.145467, 2.228712, 2.282847, 2.252795, 2.157925, 2.123088, 1.988097, 1.953462, 1.936138, 1.901192, 1.933090, 1.922715, 1.928922, 1.899191, 1.925912, 1.898388, 1.916231, 2.305037, 2.333361, 2.378019, 2.269051, 2.234201, 2.260481, 2.233734, 2.271339, 2.326622, 2.345136, 2.348168, 2.367394, 2.344740, 2.367414, 2.345958, 2.366417, 2.364593, 2.382902, 2.432268, 2.449479, 2.431785
0.046919, 1.892745; 3.800892, 1.464422, 1.699088, 2.146529, 2.143965, 2.145602, 1.102344, 1.103360, 1.008941, 1.027444, 0.939667, 0.894673, 0.739789, 0.754450, 0.753941, 0.741542, 0.752340, 0.765481, 0.743472, 0.640359, 0.646096, 0.651091, 0.542523, 0.482927, 0.490304, 0.496256, 0.550509, 0.555076, 0.557856, 0.544856, 0.529187, 0.488000, 0.489827, 0.640802, 0.639244, 0.643556, 0.443445, 0.101578, 0.115263, 0.118245, 0.107925, 0.141919, 0.142911, 0.146433, 0.160367, 0.165826, 0.168519, 0.171491, 0.089020
20.964578, 21.704245, 20.966986, 20.912804; 21.273114, 21.224911, 21.202117, 21.141727, 21.094509, 21.011949, 20.862360, 20.496557, 20.490550, 20.491523, 20.492027, 20.492526, 20.496182, 20.496760, 20.498072, 20.496212, 20.521440, 20.521608, 20.507054, 20.578501, 20.601452, 20.550918, 20.552114, 20.559180, 20.544570, 20.545748, 20.567957, 20.551025, 20.609257, 20.608788, 20.600338, 20.663763, 20.710560, 20.729834, 20.727217, 20.752020, 20.755308, 21.087234, 21.321424, 21.312071, 21.253865, 21.257006, 21.263072, 21.208827, 21.208313, 21.469409, 21.439613
1.482406, 2.553035, 2.518063, 0.945614; 1.220589, 1.148294, 1.140341, 1.101928, 3.137873, 3.028905, 0.947680, 0.203514, 0.203040, 0.216775, 0.102614, 0.194611, 0.176508, 0.164682, 0.145374, 0.664673, 0.727642, 0.703560, 0.711788, 0.695415, 1.033714, 1.026611, 1.188975, 1.226925, 1.177226, 1.184227, 1.154652, 1.146649, 1.181392, 1.173687, 1.167929, 1.160634, 1.160706, 1.154175, 1.183127, 1.192496, 1.186185, 1.281170, 1.276225, 1.302091, 1.290341, 1.334070, 1.330135, 1.328308, 1.322050, 1.352150, 1.348231
2.459363, 2.233137, 2.306196, 2.386965, 2.384447, 2.387393, 1.986605; 2.148431, 2.214666, 2.211618, 2.244377, 2.261030, 2.308205, 2.315479, 2.331341, 2.328854, 2.335586, 2.304604, 2.308939, 2.325366, 2.330357, 2.347870, 2.345820, 2.339738, 2.343259, 2.333074, 2.335895, 2.343121, 2.341822, 2.344478, 2.475773, 2.476832, 2.474092, 2.476482, 2.465178, 2.464814, 2.465816, 2.466860, 2.467436, 2.468320, 2.463651, 2.464446, 2.464154, 2.463277, 2.463888, 2.390227, 2.390524, 2.390308, 2.391148, 2.391401, 2.391671
2.610911, 2.610911, 2.037499, 2.038829, 2.281225, 2.252487, 2.251355; 2.254155, 2.250896, 2.245412, 2.243752, 2.243370, 2.089483, 2.003520, 1.843944, 1.843297, 1.820367, 1.817709, 1.790543, 1.790088, 1.829180, 1.827474, 1.752589, 1.743285, 1.742959, 1.752612, 1.751885, 1.751573, 1.791566, 1.869258, 1.868714, 1.855051, 1.829715, 1.810972, 1.817932, 2.088226, 2.092532, 2.090542, 2.085878, 2.090169, 2.088164, 2.086270, 2.086838, 2.085363, 2.095333, 2.093636, 2.092157, 2.095611, 2.094851, 2.388495, 2.388771
1.312326, 1.312326, 1.312054, 2.972096, 1.326139; 1.321150, 1.261934, 1.127148, 1.219841, 1.256174, 1.260045, 1.261032, 1.262390, 1.260842, 1.261483, 1.262813, 1.260175, 1.261657, 1.260514, 1.263187, 1.264096, 2.636198, 2.638650, 2.644764, 2.637273, 2.643121, 2.651740, 2.645021, 2.490822, 2.483511, 2.484367, 2.475863, 2.483991, 2.490658, 2.482469, 2.482575, 2.473463, 2.480454, 2.484942, 2.478110, 2.452833, 2.464112, 2.464394, 2.465751, 2.459708, 2.465226, 2.459023, 2.459929, 2.464534, 2.464967, 2.397094
0.998529, 21.079941, 0.998986, 0.531754, 0.904433, 0.809824; 0.817762, 0.897954, 0.913585, 0.547526, 0.537877, 0.537899, 0.559094, 0.717516, 0.713455, 0.712606, 0.712315, 0.715936, 0.720778, 0.720360, 0.721018, 0.727216, 0.769289, 0.769675, 0.770267, 0.778364, 0.778893, 0.788634, 0.790943, 0.806889, 0.812907, 0.812411, 0.812346, 0.835683, 0.834746, 0.851160, 0.957856, 0.957755, 0.957597, 0.940918, 0.940491, 0.991099, 0.990825, 0.990596, 0.031846, 0.130484, 0.130135, 0.114555, 0.120023, 0.125070, 0.066515
0.928058, 0.465435, 0.465539, 0.465449; 0.465441, 0.490078, 0.489680, 0.484312, 0.483464, 0.482680, 0.481956, 0.390704, 0.394176, 0.290259, 0.284769, 0.277868, 0.271848, 0.266560, 0.261877, 0.304850, 0.256450, 0.251983, 0.247940, 0.458621, 0.455196, 0.459119, 0.469176, 0.467504, 0.465940, 1.066728, 1.099935, 1.098705, 1.097550, 1.105077, 1.103825, 1.102639, 1.056260, 1.028104, 1.031496, 1.030454, 1.029460, 1.036003, 1.034921, 1.015961, 1.129904, 1.129000, 1.127784, 1.127041, 1.132365, 1.134706, 1.133315
21.575191, 1.493779, 1.493779, 1.493779, 1.493779, 3.364106, 3.498176, 3.105335, 3.105383, 3.104098, 3.162946; 3.104949, 3.065832, 3.756577, 3.755773, 2.698787, 2.673078, 2.671182, 2.669498, 2.666702, 2.696433, 2.754618, 2.536646, 2.377100, 2.408434, 2.407857, 2.406965, 2.387846, 2.387413, 2.386970, 2.386594, 2.386251, 2.385964, 2.286361, 2.452647, 2.262349, 2.257474, 2.256044, 2.416682, 2.413215, 2.390294, 2.389109, 2.388087, 2.387101, 2.330645, 2.329872, 2.364509, 2.363786, 2.359883, 2.359211, 2.528565
0.120065, 0.120065; 0.120065, 0.520993, 0.521121, 0.481685, 0.421731, 0.422923, 0.393695, 0.386094, 0.341036, 0.340860, 0.340522, 0.342767, 0.354492, 0.312156, 0.311610, 0.314182, 0.291261, 0.291981, 0.291704, 0.293206, 0.294472, 0.297086, 0.298485, 0.304341, 0.303549, 0.304909, 0.303299, 0.304439, 0.302642, 0.302659, 0.269618, 0.270034, 0.256193, 0.268659, 0.268214, 0.267782, 0.267733, 0.267307, 0.266260, 0.266210, 0.292201, 0.293246, 0.294338, 0.293775, 0.294743, 0.294205, 0.296823, 0.298608, 0.298034
0.342015, 0.113756; 0.630247, 0.608375, 0.028928, 0.792073, 0.813189, 0.916050, 0.891593, 0.852814, 0.860002, 0.846531, 0.851590, 0.855325, 0.853301, 0.842592, 0.836448, 0.860370, 0.893119, 0.554568, 0.561824, 0.548340, 0.576085, 0.615333, 0.666047, 0.669835, 0.678922, 0.732782, 0.737403, 0.879485, 0.873156, 0.903726, 0.940793, 0.935524, 0.906504, 0.921414, 0.947078, 0.950062, 1.019237, 1.250367, 1.204838, 1.140651, 1.117108, 1.120434, 1.105774, 1.110536, 0.913678, 0.913090, 0.912648, 0.647788, 0.527746
0.441510, 1.116634, 1.115552; 1.861923, 0.800506, 1.066278, 1.057089, 0.650000, 0.626547, 0.450564, 0.434977, 0.473028, 4.413446, 4.204643, 3.301339, 3.315255, 2.646750, 2.658804, 1.983796, 1.655130, 1.538515, 1.542311, 1.548767, 1.554623, 2.158139, 2.141441, 2.145099, 2.148078, 2.158677, 1.746934, 1.745077, 1.692513, 1.690671, 1.264193, 1.269957, 1.269168, 1.268307, 1.267539, 1.269970, 1.170242, 1.228682, 1.228590, 1.602042, 1.602774, 1.603477, 1.604138, 1.604474, 1.602286, 1.602934, 1.602637, 1.603177
1.699985, 1.532931; 1.064011, 1.063997, 1.063920, 1.065154, 1.064687, 1.064772, 1.064885, 1.067894, 1.067335, 1.088976, 1.090158, 1.106056, 1.049846, 1.051385, 1.051962, 1.050316, 1.051174, 1.052440, 1.053551, 1.050670, 1.052728, 0.670071, 0.665815, 0.672399, 0.787806, 0.789958, 0.876872, 0.866005, 0.868468, 0.870488, 0.872696, 0.876561, 0.879239, 0.872262, 0.867355, 0.869862, 0.838956, 0.832880, 0.835384, 0.838062, 0.840107, 0.876784, 0.878449, 0.889617, 0.885723, 0.918784, 1.008884, 1.009962, 1.018373
0.325453, 1.086159, 1.027568, 5.661606, 2.809055; 2.944144, 3.010456, 3.044235, 1.937118, 1.768345, 0.965001, 1.003331, 0.953917, 0.993701, 0.999521, 0.887818, 0.547842, 0.514697, 0.500820, 0.435259, 0.427799, 0.469626, 0.257985, 0.248254, 0.241417, 0.274589, 0.302267, 0.290930, 0.297528, 0.287252, 0.278818, 0.249216, 0.241784, 0.245116, 0.263891, 0.265359, 0.266658, 0.286594, 0.298628, 0.335650, 0.387775, 0.397828, 0.403775, 0.676523, 0.621311, 0.634420, 0.618804, 0.612684, 0.606890, 0.626407, 0.717250
200.591860, 200.591860, 200.591860, 200.591860, 239.088528, 240.645539, 235.081895, 238.943150, 238.706343, 254.812915, 254.169930, 252.636861, 250.573174, 251.995227, 252.035752, 258.452182, 258.489766, 258.093965, 256.681532, 255.172355, 254.881801, 250.709212, 250.447206, 250.603445, 250.487249, 250.631357, 256.677469, 256.979452, 256.924190, 256.286089, 256.194314, 256.098513, 255.906131, 255.818967, 255.904013, 255.822688, 249.272559, 249.619031, 249.371837, 249.280813, 249.317168, 249.427779, 249.840785, 259.992186; 259.928511, 259.926954, 259.923568, 259.980385, 259.876294, 259.952157, 259.881308
3.292868, 3.896403, 2.828841; 2.828839, 2.828840, 2.828840, 2.807034, 2.807021, 2.806668, 3.984420, 3.966273, 3.955072, 3.934839, 3.484303, 3.415927, 3.444385, 2.951804, 2.951070, 2.950666, 2.949507, 2.951456, 2.950346, 2.948347, 2.950036, 2.951504, 2.948939, 2.948052, 2.949319, 2.908355, 2.908106, 2.922024, 2.921604, 2.920509, 2.921156, 2.920792, 2.921836, 2.920859, 2.921821, 2.921499, 2.920604, 2.918832, 2.918524, 3.039691, 3.041037, 3.040281, 3.039376, 3.040000, 3.030326, 3.029684, 3.028795, 3.023744
2.290295, 2.290295, 2.290302, 2.290312, 2.750122, 2.750123; 2.750530, 2.750227, 2.750023, 2.749990, 2.667354, 2.620373, 2.626533, 2.626697, 2.626849, 2.626979, 2.627097, 2.625552, 2.625738, 2.583955, 2.583733, 2.584243, 2.583854, 2.583847, 2.583832, 2.583039, 2.583033, 2.583029, 2.583078, 2.582998, 2.582986, 2.582982, 2.582978, 2.596621, 2.596432, 2.596451, 2.570810, 2.570808, 2.570806, 2.570815, 2.570731, 2.569960, 2.556497, 2.556464, 2.441946, 2.441961, 2.443779, 2.443794, 2.460333, 2.460352, 2.460159
0.970365, 1.518870, 4.818382, 4.899685, 1.917154, 2.029099, 2.190373; 1.961640, 2.092124, 2.196022, 2.155948, 2.244559, 2.190000, 2.257247, 2.248826, 2.151503, 2.210800, 2.264901, 2.191707, 2.190735, 2.207663, 2.243636, 1.726764, 1.694812, 1.722472, 1.746294, 1.717248, 1.739873, 1.681814, 1.430693, 0.997405, 0.839118, 0.837571, 0.834637, 0.827586, 0.843204, 0.860593, 0.819043, 0.818284, 0.816670, 0.808451, 0.813955, 0.808115, 0.795251, 0.853757, 0.852735, 0.852635, 0.818720, 0.814493, 0.813302, 0.811166
22.620386, 22.272079; 22.272329, 21.547034, 22.092596, 22.163151, 22.220865, 22.139015, 22.189845, 22.138914, 22.415292, 22.291841, 22.274141, 22.274716, 22.285464, 22.330536, 22.694448, 22.656672, 22.657178, 22.649567, 22.652280, 22.725365, 22.489125, 22.545728, 22.534577, 22.539754, 22.525513, 22.531767, 22.526485, 22.416673, 22.418239, 22.416886, 22.418381, 22.072852, 22.068130, 22.063917, 22.070324, 22.066286, 22.072050, 20.957626, 20.963283, 21.323814, 21.332689, 21.320288, 21.328877, 21.337164, 21.374434, 21.382288, 21.371224, 21.379925, 21.387236
0.287718, 0.057122; 0.057566, 0.057889, 0.057898, 0.341702, 0.341693, 0.341714, 0.342168, 0.260020, 0.265693, 0.263732, 0.251002, 0.162097, 0.161810, 0.161556, 0.161330, 0.161921, 0.164769, 0.160706, 0.180838, 0.181367, 0.185326, 0.185147, 0.172332, 0.173223, 0.173148, 0.300370, 0.301268, 0.300956, 0.313445, 0.245531, 0.288570, 0.288246, 0.288063, 0.279760, 0.279309, 0.278879, 0.262157, 0.263652, 0.264199, 0.263883, 0.265715, 0.266439, 0.266173, 0.265917, 0.300859, 0.296979, 0.296950, 0.317207, 0.346421
1.435852, 0.834168, 0.834168; 0.831472, 0.831018, 1.009282, 1.008674, 1.066282, 1.053243, 0.988046, 1.000521, 0.996971, 0.999302, 0.955874, 0.955825, 0.956494, 0.956361, 0.956188, 0.954589, 1.132277, 1.132940, 1.131812, 0.641333, 0.634547, 0.628214, 0.634671, 0.547667, 1.197987, 1.202779, 1.196739, 1.083004, 1.057861, 1.065265, 1.059655, 1.066990, 1.061381, 1.077959, 1.078035, 1.084261, 1.079830, 1.080131, 1.075974, 1.078853, 1.074903, 1.080230, 1.082900, 1.068489, 1.063826, 1.066892, 1.071384, 1.081680
2.182446, 3.134455, 2.699044, 2.182782, 2.183289, 2.175239; 2.177512, 2.177516, 2.177519, 2.177537, 2.177883, 2.177917, 2.181563, 2.182583, 2.182640, 2.182696, 2.182747, 2.182282, 2.182343, 2.182390, 2.182441, 2.182504, 2.182548, 2.558531, 2.558644, 2.558659, 2.530904, 2.531150, 2.701757, 2.704173, 2.706457, 2.701299, 2.701979, 2.353105, 2.354006, 2.354875, 2.355714, 2.356524, 2.358366, 2.350538, 2.351315, 2.352072, 2.352630, 2.353343, 2.353925, 2.354595, 2.354903, 2.355541, 2.356161, 2.356766, 2.350690
1.327477, 1.675784, 1.675784; 2.844351, 2.842300, 2.848613, 2.849797, 2.845168, 1.677570, 1.677560, 1.677567, 1.517867, 1.400520, 1.473929, 1.543958, 1.609165, 1.660779, 1.682056, 1.675476, 1.693195, 1.508596, 1.395749, 1.417875, 1.438504, 1.457799, 1.234878, 1.254898, 1.187699, 1.020756, 0.941448, 0.944684, 0.966547, 0.782361, 0.753838, 0.850709, 0.828136, 0.810675, 0.785321, 0.870142, 0.851367, 0.829574, 0.846637, 1.031991, 1.012666, 0.993814, 0.975419, 1.948364, 1.991174, 1.979041, 1.967096, 1.955393
22.178553, 22.406812; 22.591330, 22.583988, 21.935357, 22.209913, 22.180973, 22.199153, 22.195522, 22.231118, 22.708711, 22.641734, 22.242265, 22.263364, 22.280780, 22.243642, 24.283627, 24.299879, 24.265401, 24.280656, 24.275097, 24.244592, 24.257954, 24.270394, 24.243880, 24.082940, 24.202522, 24.190126, 24.246704, 24.246645, 24.205717, 24.213602, 24.160498, 24.136632, 24.144147, 23.882016, 23.887624, 23.873901, 23.879093, 23.884019, 23.867025, 23.872838, 23.877289, 23.866974, 23.871690, 23.874770, 23.865132, 23.869559, 23.861178, 23.856139, 23.858818
66.729128, 63.915718, 63.915718, 63.915707, 63.106925, 63.625538, 63.552755, 63.601002; 63.586126, 63.786365, 63.792447, 63.779165, 63.783010, 63.819475, 63.821427, 63.822676, 63.823013, 63.823087, 63.847793, 63.807386, 63.807442, 63.807087, 63.807941, 63.813981, 63.815756, 63.815724, 63.818870, 63.818688, 63.819308, 63.819820, 63.823837, 63.823688, 63.829022, 63.830023, 63.893460, 64.366713, 64.331442, 64.292536, 64.290536, 64.295393, 64.298957, 64.277478, 64.278624, 64.267497, 64.269223, 64.273228, 64.277190, 64.226731, 64.230896, 64.225219, 64.213528
0.066277, 1.119938; 1.119938, 1.119141, 0.942780, 0.927384, 0.934554, 0.863281, 0.760362, 0.767197, 0.744429, 0.726877, 0.714037, 0.718370, 0.723043, 0.712275, 0.689235, 0.673202, 0.623157, 0.592465, 0.596870, 0.587322, 0.591551, 0.595522, 0.550613, 0.533852, 0.522494, 0.518820, 0.503697, 0.505419, 0.489696, 0.490932, 0.492416, 0.493656, 0.434401, 0.435849, 0.437217, 0.434277, 0.435613, 0.438368, 0.422189, 0.414588, 0.338427, 0.319402, 0.318542, 0.319390, 0.317596, 0.318356, 0.318955, 0.317525, 0.318156
1.184873, 1.664446; 3.509398, 1.689333, 1.888998, 2.001568, 1.133290, 1.207849, 1.198252, 1.125480, 1.104171, 0.691576, 0.703053, 0.681169, 0.675088, 0.611663, 0.615023, 0.606406, 0.566542, 0.569612, 0.569818, 0.636707, 0.640400, 0.644495, 0.726393, 0.648721, 0.652336, 0.655975, 0.645906, 0.655812, 0.659035, 0.798694, 0.794369, 0.794575, 0.805351, 0.809334, 0.810931, 0.836565, 0.837984, 0.840695, 0.799742, 0.801101, 0.799376, 0.795908, 0.851246, 0.852848, 0.849328, 0.850214, 0.852759, 0.948257, 0.967204
1.744940, 0.535102, 0.990579; 1.685081, 1.174416, 1.328181, 1.381562, 1.335185, 1.337640, 1.288271, 1.137041, 1.094258, 0.722664, 1.123842, 0.994510, 0.993762, 0.992269, 0.988771, 0.986491, 0.984030, 1.015799, 1.170094, 1.169522, 1.167169, 1.091488, 1.083808, 1.084725, 1.084739, 1.019310, 1.021017, 1.022029, 1.031964, 1.055031, 1.055420, 1.057434, 1.057841, 1.054436, 1.055116, 1.042265, 1.043039, 1.048450, 1.049046, 1.041024, 1.040708, 1.018595, 1.019225, 1.016531, 1.013774, 1.009340, 0.981213, 0.981841
0.245711, 3.078924; 3.078924, 2.930288, 0.200319, 0.654944, 0.633505, 0.655121, 0.637467, 0.594776, 0.601681, 0.568920, 0.494826, 0.495430, 0.495234, 0.493308, 0.473159, 0.569641, 0.571152, 0.693119, 0.680409, 0.703260, 0.705796, 0.679741, 0.666208, 0.666010, 0.664551, 0.645609, 0.641012, 0.648623, 0.650263, 0.636079, 0.631931, 0.633432, 0.616028, 0.612478, 0.679861, 0.662091, 0.663481, 0.660723, 0.684979, 0.686588, 0.688087, 0.688354, 0.671506, 0.671349, 0.661279, 0.660293, 0.661519, 0.662678, 0.659551
5.134363, 5.849390, 7.176442, 5.619285, 4.349989; 4.352319, 4.351487, 4.356211, 4.354470, 4.356936, 4.356966, 4.357543, 4.356725, 4.355671, 4.356189, 4.350090, 4.351511, 4.348916, 4.347902, 4.348480, 4.348505, 4.347827, 4.348779, 4.381173, 4.379559, 4.400906, 4.401873, 4.400137, 4.398415, 4.399674, 4.400013, 4.402977, 4.400429, 4.403262, 4.402144, 4.410060, 4.412861, 4.415809, 4.414861, 4.416197, 4.415381, 4.440578, 4.440788, 4.506953, 4.506367, 4.504360, 4.505412, 4.502103, 4.499743, 4.439057, 4.438966
0.553939, 0.553939, 4.138696, 0.554508, 0.554211, 0.554125; 0.554088, 0.553168, 0.553155, 0.553145, 0.553708, 0.553705, 0.541594, 0.541722, 0.539209, 0.539029, 0.570870, 1.686286, 1.683612, 1.666867, 1.633605, 1.634336, 1.630600, 1.631441, 1.616691, 1.617387, 1.617921, 1.618346, 1.611143, 1.595062, 1.595232, 1.590052, 1.511163, 1.475925, 1.476495, 1.474840, 1.476116, 1.464093, 1.464506, 1.606154, 1.607003, 1.599237, 1.599688, 1.600370, 1.600876, 1.605264, 1.605744, 1.606308, 1.606671, 1.586819, 1.407220
1.242713, 1.571217, 0.985551, 0.983650; 0.999447, 0.996180, 1.000759, 1.030346, 1.028317, 1.033965, 1.141259, 1.155270, 1.145228, 1.156082, 1.147306, 1.157984, 1.156738, 1.149773, 1.160861, 1.154282, 1.195344, 1.189466, 1.024989, 1.025398, 1.025757, 1.051983, 1.052726, 0.992992, 0.993072, 0.993122, 0.993232, 0.993298, 0.993455, 0.993509, 0.993284, 0.993337, 0.993007, 0.993059, 0.993197, 0.993261, 0.993308, 0.993127, 0.993172, 0.993286, 0.993299, 0.993135, 0.995795, 0.995836, 0.995668, 0.995707, 0.995832
21.521651, 3.090920, 13.071044, 13.530909, 13.971626, 14.103516, 15.299088, 15.303879, 15.323347, 15.323352, 15.333164; 15.275121, 15.281229, 15.294017, 15.373909, 15.379311, 15.528581, 15.534710, 15.538379, 15.540085, 15.608466, 15.609988, 15.611343, 15.692315, 15.761055, 7.093539, 7.103143, 7.165506, 7.183402, 7.253593, 7.256772, 7.220945, 7.378232, 7.392907, 7.408393, 7.574214, 7.724057, 7.723334, 7.722770, 7.952478, 7.962278, 7.999805, 8.024370, 8.038192, 7.055786, 7.064412, 7.066230, 7.067403, 7.067443, 7.067658, 7.069474
2.448687, 1.639078, 2.773686, 2.773722; 2.773047, 2.773471, 2.837551, 2.309990, 2.330645, 2.354807, 2.335596, 2.334337, 2.337708, 2.340532, 2.369328, 2.191717, 2.188942, 2.184906, 2.202813, 2.226830, 2.223389, 2.220506, 2.248969, 2.030906, 2.027437, 2.027279, 2.031302, 2.032954, 2.031256, 2.016480, 2.019582, 2.019262, 2.018059, 2.023180, 2.025981, 2.026688, 2.025289, 2.023729, 2.024763, 2.035382, 2.323370, 2.322185, 2.332176, 2.335121, 2.333993, 2.328846, 2.331104, 2.333716, 2.332690, 2.331636, 2.360431
0.704871, 0.273597; 1.400380, 0.342532, 0.306561, 0.966399, 1.256198, 1.275396, 1.262514, 1.261480, 1.340033, 1.341135, 1.338466, 1.340736, 1.338048, 1.340003, 1.492033, 1.493649, 1.491420, 1.493415, 1.495085, 1.490824, 1.486704, 1.484632, 1.486028, 1.485567, 1.423636, 1.419051, 1.422423, 1.438354, 1.396565, 1.391597, 1.395950, 1.391370, 1.395344, 1.402084, 1.402836, 1.406163, 1.402261, 1.395294, 1.391454, 1.314261, 1.308147, 1.311646, 1.306155, 1.311118, 1.308043, 1.312618, 1.307768, 1.312106, 1.312354
0.511932, 0.678986, 0.241857; 0.741042, 0.745232, 0.065612, 0.066123, 0.064271, 0.264669, 0.135203, 0.183736, 0.174956, 0.199100, 0.201829, 0.158106, 0.630512, 0.679938, 1.295690, 1.492358, 1.452771, 1.234151, 1.239370, 1.225214, 1.063118, 1.061385, 1.059624, 1.061622, 1.040573, 1.041949, 0.987271, 0.987984, 0.982093, 0.982567, 0.984354, 0.943774, 0.935611, 0.935008, 1.049589, 0.969668, 0.956014, 0.956331, 0.948582, 0.949820, 0.955092, 0.954464, 1.013137, 1.029765, 0.859135, 0.853774, 0.852133, 0.818737
0.638108, 2.288789, 0.650876, 0.650876, 0.528446, 0.605071; 0.249202, 0.144904, 0.143487, 0.143398, 0.141471, 0.140955, 0.140526, 0.140131, 0.139802, 0.166862, 0.083788, 0.080582, 0.025818, 0.456865, 0.406756, 0.493124, 0.498790, 0.497528, 0.512528, 0.514505, 0.151458, 0.150837, 0.196737, 0.174593, 0.177834, 0.181474, 0.224831, 0.205871, 0.205346, 0.200936, 0.200854, 0.003236, 0.002959, 0.009827, 0.005485, 0.012017, 0.034476, 0.034557, 0.034276, 0.024118, 0.024453, 0.006681, 0.024412, 0.024160, 0.027016
23.300363, 25.146657, 23.140663, 23.714958; 23.220603, 23.128665, 24.753039, 24.822666, 24.872406, 24.824497, 24.874822, 24.829112, 24.800371, 24.798182, 24.154730, 24.226550, 24.185123, 24.203607, 24.260897, 24.228118, 24.165873, 24.218275, 24.233393, 24.197808, 24.241640, 24.386731, 24.363446, 24.374884, 24.286574, 24.321059, 24.305559, 24.334209, 24.344168, 24.316956, 24.345373, 24.271585, 24.280842, 24.307330, 24.255074, 24.271464, 24.259818, 24.266868, 24.284222, 24.276313, 24.213340, 24.225067, 24.213278, 24.188389, 24.202765, 24.216354, 24.211101
0.390887, 1.098633, 0.944140; 0.971759, 0.366092, 0.384960, 0.392913, 0.316070, 0.331233, 0.249794, 0.293740, 0.265564, 0.370788, 0.369684, 0.374099, 0.373539, 0.361113, 0.360952, 0.360677, 0.359904, 0.367837, 0.367169, 0.415851, 0.420318, 0.420307, 0.421727, 0.421605, 0.421109, 0.420833, 0.420571, 0.420270, 0.421553, 0.421503, 0.436601, 0.436441, 0.435622, 0.438845, 0.439176, 0.438946, 0.438762, 0.438032, 0.437859, 0.339247, 0.339215, 0.339300, 0.338267, 0.337156, 0.232680, 0.234356, 0.234803, 0.238967
0.449599, 21.740849, 1.684036; 0.453105, 0.458825, 0.458139, 0.457396, 0.458518, 0.457989, 1.378892, 1.394576, 1.208463, 1.180126, 1.195241, 1.012383, 1.027890, 1.038995, 1.051969, 1.063917, 1.074972, 0.961931, 0.965946, 0.794119, 0.812974, 0.824819, 0.785982, 0.794502, 0.802603, 0.805950, 0.769917, 0.762681, 0.811442, 0.818945, 0.745082, 0.752393, 0.759404, 0.732753, 0.739681, 0.746338, 0.692940, 0.699271, 0.705328, 0.676937, 0.683161, 0.689301, 0.695040, 0.694240, 0.690508, 0.692430, 0.697750, 0.691303
2.604927, 9.094930, 9.094925, 3.282162, 3.301846, 3.159721, 3.157076, 3.175829, 3.150677, 3.133236; 3.078030, 3.091007, 3.082695, 3.111967, 3.101334, 3.109555, 3.102585, 3.095671, 3.098312, 3.092101, 3.027094, 2.955776, 2.973149, 2.934779, 2.938698, 2.934013, 2.842394, 2.844691, 2.845539, 2.842135, 3.016017, 3.017781, 3.023918, 3.011900, 3.013463, 3.015097, 3.020591, 3.009665, 3.015161, 3.016501, 3.021148, 2.953177, 2.941955, 2.939801, 2.944071, 2.945649, 2.920976, 2.922520, 2.919142, 2.922629, 2.923998
0.143212, 3.899840; 2.105391, 1.470919, 1.430073, 0.653040, 0.625763, 0.634309, 0.640547, 0.633467, 0.376555, 1.882133, 1.878130, 1.888046, 1.884338, 1.708014, 1.702301, 1.717373, 1.711799, 1.706799, 1.702303, 1.714522, 1.710089, 1.706031, 1.716549, 1.699513, 1.695792, 1.690750, 1.699629, 1.696221, 1.658276, 1.360212, 1.369124, 1.362613, 1.359535, 1.361473, 1.305234, 1.302268, 1.299469, 1.306926, 1.304085, 1.301439, 1.298114, 1.305277, 1.302770, 1.300383, 1.306669, 1.305192, 1.302918, 1.300750, 1.311721
5.991859, 6.384902, 12.679798, 12.353935, 7.009922, 6.992133, 8.572930, 8.597959, 8.619414, 8.512073, 8.497392, 8.487265, 8.443088, 8.493063; 7.440562, 6.726089, 6.726840, 6.726331, 6.727944, 6.727758, 6.729436, 6.601459, 6.597314, 6.401187, 6.386326, 6.368228, 6.377221, 6.384489, 6.324309, 6.326753, 6.330728, 6.334892, 6.336456, 6.339423, 6.334643, 6.335585, 6.326682, 6.329806, 6.394098, 6.399441, 6.403553, 6.404953, 6.377041, 6.381090, 6.385447, 6.387125, 6.391532, 6.394469, 6.370852, 6.374562, 6.323504
65.725146, 66.764917, 69.011406, 69.011406, 65.829996, 65.751826; 66.280167, 66.007490, 65.895865, 65.815337, 65.507932, 65.440625, 65.452659, 65.462975, 65.588741, 65.570529, 65.588559, 65.605070, 65.607422, 65.595949, 65.071366, 65.067409, 65.070081, 65.066245, 65.165299, 65.162536, 65.160369, 65.152814, 65.160695, 65.165181, 65.163509, 65.114851, 65.100953, 65.136063, 65.139007, 64.768340, 64.776304, 64.772665, 64.763186, 64.773958, 64.764466, 64.729141, 64.727324, 64.697534, 65.216764, 65.231108, 65.228175, 64.796856, 64.800584, 64.785415, 64.785176
0.000000, 0.000000, 0.000000, 0.000000, 0.000000, 0.000000, 0.000000, 0.000000, 0.000000, 0.000000, 0.000000, 0.000000, 0.000000, 0.000000, 0.000000, 12.636887, 12.550653, 12.547997; 12.560152, 12.538611, 12.428913, 12.425584, 12.423898, 12.359470, 12.243998, 12.243404, 12.242824, 12.236890, 12.208205, 12.194136, 12.199458, 12.197982, 12.139838, 12.138814, 12.125608, 12.123723, 12.112284, 12.101748, 12.100299, 12.099530, 12.098832, 12.076512, 12.047430, 12.024984, 12.024384, 11.989372, 11.978962, 11.856509, 11.855610, 11.854999, 11.826733
21.865363, 20.641588, 21.830406, 21.817730, 21.834156; 21.831539, 21.834555, 21.835769, 21.836570, 21.747660, 21.829159, 21.831338, 21.827114, 21.829607, 21.829286, 21.831446, 21.833459, 21.835400, 21.837109, 21.833759, 21.834080, 21.842194, 21.844442, 21.846338, 21.848065, 21.848955, 21.815310, 21.819403, 21.819439, 21.812785, 21.812946, 21.804937, 21.802584, 21.804342, 21.807305, 21.805201, 21.816807, 21.978260, 21.977307, 21.979078, 21.974792, 21.946453, 21.932222, 21.934940, 21.928610, 21.962440, 21.963525, 21.968402, 21.995088, 21.980279, 21.965994
3.450521, 1.172259, 1.386277; 1.383282, 1.308052, 1.279739, 1.377984, 1.377605, 1.378077, 1.371986, 1.371742, 1.371693, 1.371383, 1.371343, 1.371166, 1.365448, 1.365266, 1.365154, 1.365005, 1.290090, 1.289994, 1.289804, 1.290003, 1.289928, 1.294718, 1.294938, 1.294711, 1.294632, 1.257754, 1.257419, 1.257563, 1.257603, 1.257148, 1.257121, 1.257252, 1.257310, 1.257428, 1.257479, 1.252809, 1.252892, 1.253035, 1.253149, 1.253217, 1.252601, 1.252215, 1.241934, 1.615362, 1.614838, 1.617070, 1.449292, 1.446331
2.909630, 3.150792, 3.150283, 3.150451; 2.940693, 2.477149, 2.499840, 2.495234, 2.475954, 2.490093, 2.329716, 2.324171, 2.330156, 2.372726, 2.369059, 2.278676, 2.287856, 2.286815, 2.290173, 2.290423, 2.286725, 2.285688, 2.713883, 2.714297, 2.719392, 2.720318, 2.719303, 2.715662, 2.717203, 2.658247, 2.656881, 2.656853, 2.657374, 2.655867, 2.656126, 2.635607, 2.637038, 2.550066, 2.547032, 2.546246, 2.522613, 2.523273, 2.522577, 2.521483, 2.524054, 2.525130, 2.500865, 2.499747, 2.500705, 2.500930, 2.499846
2.651735, 22.157360, 3.293640, 3.293640, 3.293640, 3.213603, 3.208058; 3.220801, 3.215837, 3.133896, 3.162513, 3.159419, 3.158925, 3.154346, 3.152228, 3.155523, 3.166105, 3.164410, 3.163900, 3.162425, 3.132227, 2.988316, 2.986013, 2.988270, 2.986017, 3.366447, 3.368989, 3.351691, 3.303917, 3.297860, 3.289799, 3.301363, 3.299104, 3.300640, 3.374355, 3.372867, 3.372909, 3.371384, 3.287809, 3.286835, 3.215320, 3.208174, 3.208348, 2.723498, 2.716222, 2.707799, 2.693539, 2.694599, 2.694037, 2.619518, 2.621039
