0.633770, 0.384718, 0.239397; 0.184669, 0.143174, 0.126331, 0.105970, 0.109581, 0.099417, 0.088259, 0.081649, 0.073965, 0.069286, 0.063670, 0.060095, 0.055827, 0.052127, 0.049754, 0.047346, 0.045368, 0.042920, 0.041373, 0.039331, 0.037508, 0.038904, 0.037305, 0.036210, 0.049891, 0.048431, 0.046688, 0.045070, 0.052886, 0.051317, 0.050231, 0.048785, 0.047681, 0.046318, 0.053664, 0.053244, 0.051894, 0.050753, 0.049521, 0.140543, 0.137686, 0.139102, 0.137081, 0.136617, 0.133462, 0.132411, 0.132544
0.000000; 0.013348, 0.008501, 0.006236, 0.005317, 0.004354, 0.005069, 0.194945, 0.181007, 0.168951, 0.143445, 3.078365, 2.928968, 2.793645, 2.462948, 2.366375, 2.277094, 2.052457, 1.985027, 1.921818, 1.759319, 1.716123, 1.668668, 1.545574, 1.507987, 1.471225, 1.374796, 1.344166, 1.314878, 1.238240, 1.213355, 1.189598, 1.125814, 1.105204, 1.085341, 1.066182, 1.014652, 0.999296, 0.983035, 0.939161, 0.926209, 0.917073, 0.879221, 0.866650, 0.854394, 0.821447, 0.810424, 0.799696, 0.777745, 0.768094
1.223947, 0.622109, 0.384216, 0.295295, 1.741484, 1.630199, 1.470328, 1.347373, 1.179387, 1.057582, 0.998197, 0.899180, 0.837568, 0.801986, 0.738476, 0.728663, 0.678614, 0.662879, 0.592381, 0.566772, 0.541074, 0.521925, 0.523576; 0.513394, 0.493043, 0.472401, 0.490267, 0.471376, 0.454013, 0.437939, 0.428108, 0.416789, 0.412770, 0.405857, 0.398138, 0.386570, 0.368406, 0.358292, 0.348703, 0.341627, 0.333460, 0.325156, 0.323228, 0.315779, 0.309640, 0.302559, 0.296714, 0.297890, 0.291475, 0.286009
0.016363; 0.010659, 0.022147, 0.015376, 0.068289, 0.063500, 0.052264, 0.044423, 0.038660, 0.058658, 0.053058, 0.047923, 0.106338, 0.110354, 0.102048, 0.094766, 0.091490, 0.085587, 0.080464, 0.075871, 0.077230, 0.073159, 0.069494, 0.068678, 0.065509, 0.065997, 0.063268, 0.061854, 0.059455, 0.058766, 0.095131, 0.100390, 0.098087, 0.094962, 0.093444, 0.090414, 0.107325, 0.105276, 0.115852, 0.116485, 0.113375, 0.111553, 0.138676, 0.135040, 0.132252, 0.133653, 0.130385, 0.127397, 0.124422, 0.124908
0.000031, 0.000063, 0.001858, 0.009024, 0.727567, 0.722704, 0.573984, 0.561533; 0.227836, 0.209765, 0.205578, 0.191580, 0.188881, 0.208693, 0.235734, 0.220942, 0.215541, 0.220194, 0.215623, 0.203537, 0.199807, 0.189458, 0.186812, 0.206312, 0.211295, 0.222772, 0.219121, 0.209379, 0.206157, 0.218654, 0.215507, 0.190835, 0.183852, 0.181192, 0.196761, 0.196261, 0.215932, 0.213574, 0.206108, 0.204639, 0.197835, 0.195978, 0.189764, 0.206905, 0.200781, 0.198697, 0.193088, 0.191180, 0.213647, 0.244072
0.000000; 0.000002, 0.027658, 0.022321, 0.015753, 0.124018, 0.094238, 0.088485, 0.083412, 0.068451, 0.065369, 0.062559, 0.053749, 0.052235, 0.050417, 0.044611, 0.043273, 0.039315, 0.038268, 0.037279, 0.034051, 0.033264, 0.032518, 0.030071, 0.029456, 0.028867, 0.026995, 0.026502, 0.024966, 0.024556, 0.024151, 0.022765, 0.022514, 0.023383, 0.022160, 0.021844, 0.021536, 0.020494, 0.020222, 0.019302, 0.019061, 0.018825, 0.018025, 0.017857, 0.017650, 0.036251, 0.036040, 0.035857, 0.034248, 0.034060
0.413776, 0.259892, 0.175848, 0.255851, 0.239414, 0.325514, 0.274573, 0.355418, 0.334298, 0.308080, 0.278899, 0.277481, 0.423115, 0.432540, 0.473487, 0.448782, 0.486024; 0.486589, 0.616919, 0.583292, 0.596795, 0.635310, 0.605949, 0.581857, 0.579359, 0.596420, 0.730432, 0.757933, 0.744980, 0.731292, 0.733601, 0.717317, 0.698819, 0.691632, 0.679698, 0.675453, 0.657238, 0.659517, 0.641254, 0.627551, 0.647284, 0.641369, 0.628193, 0.623245, 0.608283, 0.596075, 0.774765, 0.757100, 0.753314, 0.794875
0.012293, 0.411593, 0.582422, 0.640010, 0.523297, 0.572986, 0.505591, 0.545686, 0.506235, 0.458109; 0.431369, 0.395431, 0.403010, 0.375204, 0.350526, 0.434853, 0.410945, 0.403806, 0.388820, 0.369471, 0.353057, 0.337002, 0.326433, 0.314404, 0.351629, 0.339002, 0.419498, 0.411934, 0.397621, 0.384257, 0.382859, 0.373442, 0.410804, 0.399772, 0.393312, 0.397959, 0.387937, 0.381702, 0.372364, 0.363057, 0.369628, 0.361099, 0.362264, 0.373024, 0.364808, 0.412676, 0.462246, 0.453259, 0.445028, 0.437345
0.346349; 0.186989, 0.121659, 0.090390, 0.073873, 0.063508, 0.053954, 0.064113, 0.065090, 0.072272, 0.065343, 0.060025, 0.055594, 0.051859, 0.133503, 0.127921, 0.121916, 0.114049, 0.109267, 0.104913, 0.097756, 0.094219, 0.090958, 0.092276, 0.089545, 0.086943, 0.082124, 0.097300, 0.094812, 0.089956, 0.087817, 0.085780, 0.081790, 0.080008, 0.078525, 0.076917, 0.073735, 0.072292, 0.070912, 0.069416, 0.068151, 0.086876, 0.084168, 0.082559, 0.081590, 0.079210, 0.082680, 0.081183, 0.079070, 0.100167
0.016088, 0.010141, 0.126117, 0.101065, 0.077668; 0.169546, 0.315166, 0.470966, 0.435548, 0.391677, 0.360791, 0.358614, 0.334884, 0.308935, 0.293024, 0.277096, 0.259503, 0.297580, 0.289602, 0.276153, 0.263003, 0.252466, 0.240961, 0.230468, 0.222584, 0.215600, 0.235714, 0.252261, 0.383131, 0.371789, 0.359811, 0.413595, 0.403726, 0.392204, 0.382362, 0.371165, 0.362249, 0.363699, 0.353823, 0.346153, 0.336769, 0.340244, 0.353514, 0.346385, 0.338290, 0.339986, 0.333504, 0.328567, 0.323181, 0.316363
0.027902, 0.059756, 0.048149, 0.027400, 0.024952, 0.033578, 0.032301, 0.029101, 0.027885, 0.022123, 0.021490, 0.093041, 0.092783, 0.160652, 0.152250, 0.144139, 0.155500, 0.145069, 0.138604, 0.131250, 0.126021, 0.119549, 0.115203; 0.111732, 0.114396, 0.110844, 0.107999, 0.109419, 0.106378, 0.104638, 0.101275, 0.098741, 0.096407, 0.094197, 0.091377, 0.091853, 0.091101, 0.091169, 0.089016, 0.087490, 0.084155, 0.082516, 0.081242, 0.079742, 0.175285, 0.173665, 0.196090, 0.194272, 0.188347, 0.186284
0.019666, 0.024633, 0.023587, 0.022835, 0.037762, 0.035014, 0.033640, 0.025193, 0.024983, 0.023479, 0.026338, 0.042736, 0.039520, 0.391726, 0.387548, 0.384410, 0.378263, 0.371151; 0.368465, 0.302752, 0.296399, 0.296776, 0.293076, 0.298345, 0.258468, 0.255764, 0.252131, 0.248209, 0.243791, 0.239221, 0.212854, 0.211151, 0.210465, 0.201696, 0.197640, 0.194838, 0.193953, 0.200027, 0.198768, 0.190856, 0.189988, 0.186639, 0.185250, 0.183078, 0.180959, 0.168597, 0.167794, 0.168040, 0.165623, 0.164148
0.000540; 0.000283, 0.001479, 0.001092, 0.000865, 0.000740, 0.000628, 0.004063, 0.009922, 0.009655, 0.008535, 0.007648, 0.007543, 0.070500, 0.064892, 0.060186, 0.058487, 0.054616, 0.051197, 0.048181, 0.053881, 0.051125, 0.048619, 0.047315, 0.045154, 0.043185, 0.041386, 0.040435, 0.038847, 0.037383, 0.037577, 0.037244, 0.036168, 0.035012, 0.034337, 0.033262, 0.032383, 0.031432, 0.030889, 0.030022, 0.029201, 0.031201, 0.030687, 0.029947, 0.033404, 0.032939, 0.032150, 0.031399, 0.030704, 0.030289
0.000000; 0.000005, 0.001060, 0.001344, 0.001126, 0.108775, 0.108271, 0.104263, 0.100792, 0.082901, 0.080753, 0.078507, 0.063629, 0.169241, 0.465500, 0.443106, 0.401130, 0.384205, 0.368722, 0.354612, 0.327147, 0.331936, 0.321149, 0.299967, 0.292394, 0.283830, 0.276034, 0.260052, 0.253431, 0.246983, 0.240882, 0.228633, 0.223358, 0.226238, 0.217627, 0.213597, 0.216304, 0.211836, 0.203310, 0.199331, 0.195727, 0.192261, 0.338076, 0.354196, 0.349193, 0.343306, 0.338449, 0.333738, 0.329281, 0.328961
0.150700, 0.086206, 0.074635, 0.072773, 0.089567, 0.085575, 0.094717, 0.081873, 0.154180, 0.138499, 0.125065, 0.124827, 0.126149, 0.208438, 0.210368, 0.197230, 0.241197; 0.270932, 0.258583, 0.246187, 0.325554, 0.309858, 0.295376, 0.282085, 0.270888, 0.261883, 0.378162, 0.394092, 0.652196, 0.640577, 0.620019, 0.599539, 0.579929, 0.562432, 0.591907, 0.587126, 0.571790, 0.555457, 0.540011, 0.529417, 0.516404, 0.520893, 0.507747, 0.499176, 0.487192, 0.494030, 0.484582, 0.474417, 0.478605, 0.468417
0.003836; 0.003022, 0.001811, 0.002259, 0.002092, 0.001630, 0.027492, 0.029094, 0.025383, 0.023022, 0.021782, 0.019754, 0.018321, 0.020016, 0.018725, 0.021066, 0.019949, 0.020138, 0.018767, 0.047099, 0.044628, 0.043115, 0.087137, 0.140851, 0.136142, 0.170822, 0.165667, 0.161946, 0.160920, 0.277514, 0.268620, 0.260185, 0.252305, 0.244905, 0.243476, 0.274143, 0.270620, 0.263559, 0.256976, 0.282921, 0.276382, 0.273709, 0.267478, 0.261363, 0.255683, 0.250210, 0.244840, 0.239703, 0.234934, 0.230191
0.000213, 0.000106; 0.000884, 0.131712, 0.116478, 0.103475, 0.072077, 0.067066, 0.062967, 0.062277, 0.051397, 0.048844, 0.047231, 0.044963, 0.039088, 0.037523, 0.057509, 0.055140, 0.052011, 0.493218, 0.470030, 0.501929, 0.494885, 0.475422, 0.458931, 0.442815, 0.446258, 0.431885, 0.560675, 0.544126, 0.522902, 0.508576, 0.495462, 0.482596, 0.465836, 0.454408, 0.444612, 0.434270, 0.419230, 0.411130, 0.402256, 0.393808, 0.381644, 0.373973, 0.377232, 0.404576, 0.392859, 0.385655, 0.378726, 0.372065
0.000019; 1.407978, 0.967393, 8.853887, 6.913339, 6.157465, 5.150368, 4.426944, 3.881998, 3.631496, 3.256168, 2.951296, 2.804789, 2.575501, 2.380932, 2.214399, 2.132522, 1.997534, 1.878655, 1.773159, 1.719013, 1.630222, 1.550172, 1.509372, 1.440532, 1.377714, 1.320159, 1.289878, 1.239274, 1.192501, 1.149139, 1.126120, 1.087360, 1.051192, 1.031909, 0.999274, 0.968637, 0.939828, 0.924381, 0.898101, 0.873279, 0.849795, 0.837143, 0.815534, 0.795014, 0.783963, 0.764980, 0.746896, 0.729650, 0.720305
0.114374, 0.071130, 0.074814, 0.057323, 0.055824, 0.194940, 0.163136, 0.211130, 0.185909, 0.193190, 0.172535, 0.165206, 0.182265, 0.207100, 0.213779, 0.198333, 0.185393, 0.175932, 0.166991; 0.164792, 0.221233, 0.216333, 0.206225, 0.205819, 0.200969, 0.195452, 0.196443, 0.189608, 0.269335, 0.270795, 0.273157, 0.263697, 0.256138, 0.248001, 0.244403, 0.236855, 0.248264, 0.262695, 0.255487, 0.252253, 0.259411, 0.290551, 0.283052, 0.281395, 0.284695, 0.278290, 0.600334, 0.586260, 0.574189, 0.561006
0.000000, 0.000005, 9.733069, 5.662067, 4.810140, 4.106420, 3.768371, 3.459374, 3.184510, 2.518824, 2.366299, 2.169387, 2.060008, 1.993773, 1.943173, 1.824578, 1.768290, 1.722112, 1.648525, 1.593170, 1.559853, 1.527054, 1.499794, 1.418419, 1.284596, 1.242748, 1.232562, 1.194298, 1.169852, 1.151615, 1.134288, 1.092875, 1.074420, 1.061967, 1.021325, 1.010645, 0.999579, 0.975558; 0.964220, 0.932566, 1.006932, 0.949326, 0.939848, 0.929578, 0.909542, 0.892944, 0.877040, 0.833437, 0.819065, 0.803445
0.056237, 0.056386; 0.047116, 0.035102, 0.047078, 0.043002, 0.036501, 0.124145, 0.121589, 0.174409, 0.166574, 0.163515, 0.173750, 0.169309, 0.158195, 0.153660, 0.143433, 0.144317, 0.135861, 0.179666, 0.169854, 0.161069, 0.153153, 0.150804, 0.148559, 0.143515, 0.137774, 0.132265, 0.146253, 0.158013, 0.158578, 0.154935, 0.149773, 0.152128, 0.154987, 0.168201, 0.167834, 0.162975, 0.223098, 0.217090, 0.211394, 0.208492, 0.206745, 0.228262, 0.222717, 0.217652, 0.215802, 0.210990, 0.208977, 0.206000
0.000629, 0.187692, 0.122435, 0.089436, 0.071321, 0.060385; 0.053390, 0.171397, 0.154590, 0.138905, 0.129682, 0.392096, 0.366553, 0.344151, 0.314363, 0.297733, 0.302427, 0.293001, 0.279557, 0.307487, 0.295465, 0.288523, 0.396111, 0.382569, 0.369934, 0.347281, 0.336821, 0.324661, 0.342555, 0.526194, 0.514063, 0.497303, 0.561636, 0.544226, 0.528324, 0.515927, 0.582516, 0.566092, 0.552222, 0.537395, 0.523394, 0.522228, 0.509160, 0.500522, 0.488511, 0.477100, 0.564897, 0.552315, 0.540311, 0.529207
0.001327, 0.001922, 0.002077, 1.027315, 0.505178, 0.495758, 0.436564, 0.366549, 0.350111, 0.332720, 0.324827, 0.537854, 0.516479, 0.504440, 0.465308, 0.446031, 0.456129, 0.540318, 0.532093, 0.512969; 0.509776, 0.510201, 0.499014, 0.490692, 0.465195, 0.458158, 0.435891, 0.432272, 0.610033, 0.608117, 0.585830, 0.549489, 0.545784, 0.529798, 0.455224, 0.452487, 0.445009, 0.441234, 0.429579, 0.408315, 0.404980, 0.406953, 0.398653, 0.395888, 0.517494, 0.518032, 0.522689, 0.515828, 0.512439, 0.501543
0.000658, 1.713365, 2.001111, 1.792747, 1.072849, 1.001762, 0.733977, 0.701055, 0.854467, 0.713055, 0.689592; 0.689846, 0.671950, 0.570117, 0.555619, 0.542295, 0.477960, 0.621585, 0.624043, 0.621293, 0.608186, 0.581699, 0.571211, 0.565169, 0.519955, 0.511412, 0.581455, 0.550708, 0.544486, 0.510172, 0.507111, 0.503113, 0.474573, 0.467389, 0.461235, 0.454501, 0.431124, 0.425169, 0.420818, 0.438033, 0.432454, 0.439363, 0.456970, 0.467102, 0.452684, 0.447477, 0.475497, 0.476258, 0.471183, 0.467065
0.058562, 0.027787, 0.023577, 0.018581, 0.015171, 0.013245; 0.013757, 0.012344, 0.210086, 0.195695, 0.186960, 0.160285, 0.152086, 0.142180, 0.135547, 0.129520, 0.122228, 0.110272, 0.106466, 0.101496, 0.098086, 0.090309, 0.087677, 0.087402, 0.084953, 0.082058, 0.079906, 0.081367, 0.078873, 0.076967, 0.137780, 0.135118, 0.131824, 0.129420, 0.126395, 0.124168, 0.116898, 0.114419, 0.112760, 0.139592, 0.136747, 0.131285, 0.129131, 0.126659, 0.124662, 0.119535, 0.119391, 0.117601, 0.115868, 0.114001
0.006153, 0.003078; 0.003292, 0.002218, 0.001834, 0.002040, 0.006189, 0.005369, 0.008638, 0.049160, 0.044978, 0.041429, 0.038398, 0.035968, 0.033730, 0.058264, 0.055007, 0.052096, 0.060102, 0.056413, 0.053963, 0.051765, 0.049625, 0.047659, 0.049226, 0.047564, 0.045959, 0.045623, 0.044180, 0.042794, 0.041318, 0.040101, 0.110400, 0.107051, 0.103901, 0.101431, 0.098604, 0.095944, 0.093405, 0.091006, 0.089720, 0.087894, 0.085781, 0.119771, 0.117044, 0.114440, 0.209538, 0.223006, 0.219156, 0.215314
0.007977, 0.083478, 0.283962, 0.584607, 0.490679, 0.670345; 0.485296, 0.446779, 0.411889, 0.720466, 0.671158, 0.566573, 0.845106, 0.815186, 0.799569, 0.757134, 0.697692, 0.665262, 0.639924, 0.611798, 0.566032, 0.581392, 0.634547, 0.611398, 0.589177, 0.557781, 0.541230, 0.526242, 0.510146, 0.497354, 0.497332, 0.483217, 0.472091, 0.466484, 0.520659, 0.512830, 0.501912, 0.493882, 0.483958, 0.463574, 0.458023, 0.566042, 0.568543, 0.551233, 0.544270, 0.534361, 0.525969, 0.516312, 0.502263, 0.509035
0.000004; 0.000005, 0.000003, 0.005853, 0.005634, 0.013492, 0.011082, 0.010706, 0.214343, 0.240594, 0.211423, 0.209671, 0.187500, 0.174448, 0.172911, 0.157961, 0.218349, 0.214942, 0.201694, 0.188484, 0.185971, 0.182500, 0.172096, 0.170058, 0.160998, 0.152824, 0.290606, 0.281591, 0.272785, 0.262248, 0.255115, 0.257012, 0.249943, 0.241190, 0.234866, 0.240338, 0.233199, 0.227646, 0.223812, 0.230739, 0.225414, 0.220442, 0.214745, 0.210608, 0.206207, 0.201194, 0.219626, 0.215609, 0.212435, 0.208448
0.008079; 0.148139, 0.639684, 0.479582, 0.455034, 0.387076, 0.326742, 0.343319, 0.320684, 0.294088, 0.350816, 0.338878, 0.364652, 0.364912, 0.397158, 0.377462, 0.359190, 0.343517, 0.327833, 0.315000, 0.317665, 0.306567, 0.304418, 0.294421, 0.280267, 0.273032, 0.260903, 0.329663, 0.317610, 0.308299, 0.310737, 0.302428, 0.291991, 0.284638, 0.283235, 0.277779, 0.270025, 0.264250, 0.260227, 0.256186, 0.249259, 0.244359, 0.237712, 0.244352, 0.265111, 0.260389, 0.254186, 0.303786, 0.559837, 0.611305
0.000000; 0.000000, 0.000357, 0.000880, 0.001465, 0.020333, 0.066976, 0.061047, 0.052839, 0.061186, 0.055010, 0.049648, 0.052509, 0.048487, 0.045827, 0.042807, 0.044146, 0.207076, 0.192732, 0.185729, 0.174120, 0.168508, 0.163168, 0.154111, 0.170495, 0.161767, 0.157460, 0.155130, 0.151198, 0.144589, 0.141163, 0.135389, 0.132378, 0.129536, 0.124646, 0.154094, 0.149609, 0.146137, 0.141890, 0.138758, 0.134925, 0.139118, 0.135552, 0.132742, 0.130061, 0.126921, 0.124474, 0.121600, 0.119340, 0.116771
0.129224, 0.403606, 0.320036, 15.025281, 13.950560, 13.122788, 10.831899, 10.269858; 9.741593, 9.296815, 8.885954, 8.355033, 5.942706, 5.774516, 5.643496, 5.488195, 5.282172, 5.148714, 5.018692, 4.899363, 3.959446, 3.984749, 3.889160, 3.673265, 3.630051, 3.586745, 3.523190, 3.494080, 3.438318, 3.356493, 3.299898, 2.878851, 2.850563, 2.811707, 2.774974, 2.721371, 2.683421, 2.400867, 2.378638, 2.361041, 2.284809, 2.258020, 2.222739, 2.207336, 2.184936, 2.161685, 2.139811, 2.116692, 1.940444, 1.915681
0.000014, 1.300193; 0.317308, 0.282797, 0.256046, 0.241641, 0.221302, 0.204164, 0.140273, 0.144093, 0.138359, 0.131631, 0.125693, 0.102175, 0.098554, 0.095212, 0.091970, 0.091093, 0.088173, 0.098874, 0.128726, 0.127289, 0.123068, 0.125450, 0.116909, 0.115485, 0.124888, 0.121245, 0.117878, 0.132927, 0.125425, 0.123348, 0.124955, 0.121889, 0.118968, 0.113350, 0.117269, 0.114680, 0.112177, 0.109876, 0.107594, 0.103402, 0.101431, 0.107140, 0.105158, 0.103186, 0.099687, 0.099004, 0.100668, 0.102859
0.000028, 0.000030, 0.000020; 0.000023, 0.000019, 0.000016, 0.000014, 0.056937, 0.081865, 0.073851, 0.066016, 0.060700, 0.086579, 0.087016, 0.144230, 0.135551, 0.146494, 0.138587, 0.129837, 0.135777, 0.129654, 0.132096, 0.126641, 0.121506, 0.120174, 0.114797, 0.110778, 0.106930, 0.113068, 0.109390, 0.105941, 0.123524, 0.119147, 0.115767, 0.185958, 0.181158, 0.190902, 0.186212, 0.183447, 0.179147, 0.174916, 0.171038, 0.168224, 0.166366, 0.163104, 0.159778, 0.156586, 0.152192, 0.153213, 0.150879
0.021082, 0.043098; 0.035931, 0.024962, 0.020101, 0.016365, 0.013809, 0.267518, 3.793136, 3.384868, 3.039575, 2.758219, 2.524546, 2.441491, 2.256580, 2.097937, 1.960688, 1.846906, 1.739601, 1.699741, 1.608422, 1.526418, 1.452372, 1.385179, 1.359793, 1.330384, 1.277979, 1.227299, 1.180529, 1.137065, 1.119312, 1.080159, 1.043888, 1.009762, 0.977848, 0.964710, 0.940293, 0.917075, 0.890897, 0.896626, 0.922509, 0.911868, 0.889265, 0.866725, 0.845301, 0.827394, 0.818890, 0.838200, 0.819663, 0.801382
0.000000, 0.000000, 0.000001, 0.000388; 0.000280, 0.276883, 0.221923, 0.203445, 0.177198, 0.162478, 0.426105, 0.410891, 0.376194, 0.363143, 0.320721, 0.312013, 0.291749, 0.283900, 0.257447, 0.243493, 0.236114, 0.235878, 0.230716, 0.213608, 0.204233, 0.195648, 0.183414, 0.221926, 0.217903, 0.212877, 0.205323, 0.194843, 0.191097, 0.184991, 0.182246, 0.186460, 0.183917, 0.178643, 0.175788, 0.169653, 0.171835, 0.167379, 0.257044, 0.248693, 0.241363, 0.238839, 0.236366, 0.270243, 0.263085, 0.259146
0.043037, 0.021518; 0.043425, 0.058608, 0.046606, 0.050868, 0.102139, 0.093228, 0.082288, 0.127368, 0.120413, 0.129613, 0.120044, 0.133608, 0.124050, 0.211832, 0.559876, 0.541167, 0.512041, 0.494705, 0.471049, 0.460755, 0.579224, 0.574690, 0.560430, 0.545447, 0.526024, 0.536672, 0.517897, 0.504506, 0.492848, 0.483996, 0.486283, 0.471875, 0.547689, 0.535924, 0.521606, 0.518649, 0.505130, 0.492334, 0.498694, 0.488824, 0.485089, 0.474768, 0.464005, 0.486936, 0.480402, 0.483145, 0.472950, 0.481033
0.239086, 0.103251; 0.083691, 0.063561, 0.165888, 0.166370, 0.139659, 0.710281, 0.647602, 0.591970, 0.553442, 0.628305, 0.576051, 1.012973, 0.964882, 0.956066, 0.893040, 0.846319, 0.811988, 0.773838, 0.741138, 0.709711, 0.681347, 0.654521, 0.636505, 0.614953, 0.621657, 0.695350, 0.675504, 0.650291, 0.639434, 0.622635, 0.601047, 0.585363, 0.565382, 0.551467, 0.536809, 0.525076, 0.514059, 0.518150, 0.507236, 0.492949, 0.485190, 0.475772, 0.466469, 0.457492, 0.448867, 0.442783, 0.482284, 0.473636
0.052330; 0.055556, 0.030448, 0.028168, 0.022990, 0.073933, 0.067209, 0.071421, 0.385086, 0.347148, 0.317125, 0.435147, 0.448916, 0.532526, 0.543101, 0.513453, 0.527768, 0.494725, 0.527129, 0.502269, 0.498550, 0.476284, 0.455208, 0.439808, 0.430043, 0.413816, 0.398451, 0.384510, 0.372952, 0.423865, 0.411693, 0.410759, 0.435038, 0.423057, 0.412894, 0.400480, 0.403166, 0.405587, 0.397700, 0.391364, 0.383771, 0.373589, 0.369218, 0.359878, 0.352811, 0.370566, 0.363802, 0.369536, 0.363193, 0.354901
0.000037; 0.002017, 0.004141, 0.003540, 0.241204, 0.193869, 0.168578, 0.239101, 0.214184, 0.202578, 0.183425, 0.181030, 0.169691, 0.174439, 0.161855, 0.153533, 0.148846, 0.140853, 0.132905, 0.133108, 0.173640, 0.166729, 0.160407, 0.160762, 0.163404, 0.157539, 0.152259, 0.151024, 0.146583, 0.142589, 0.163310, 0.157958, 0.158616, 0.154702, 0.173728, 0.177757, 0.173928, 0.205460, 0.432209, 0.431619, 0.422828, 0.418966, 0.412222, 0.404998, 0.397194, 0.390667, 0.383741, 0.377164, 0.370758, 0.387906
0.076649, 0.080219, 0.056263; 0.097591, 0.088955, 0.071705, 0.063004, 0.058700, 0.055853, 0.061342, 0.126560, 0.125310, 0.112985, 0.105412, 0.096587, 0.091531, 0.084818, 0.079193, 0.075977, 0.075791, 0.071480, 0.071634, 0.072379, 0.070495, 0.078308, 0.074645, 0.075036, 0.075038, 0.071839, 0.073150, 0.074389, 0.075828, 0.073570, 0.072876, 0.074704, 0.083715, 0.082734, 0.081013, 0.087234, 0.084736, 0.120489, 0.124743, 0.123329, 0.127479, 0.125314, 0.123362, 0.124820, 0.122239, 0.127930, 0.125935
0.016200, 0.015499, 0.027289; 0.023307, 0.016493, 0.016125, 0.012575, 0.106254, 0.085029, 0.144737, 0.228912, 0.211842, 0.201761, 0.216167, 0.198743, 0.185301, 0.174350, 0.167656, 0.219252, 0.209616, 0.197160, 0.192378, 0.184021, 0.247293, 0.241005, 0.280244, 0.272165, 0.262443, 0.271786, 0.261998, 0.251846, 0.245196, 0.236422, 0.231996, 0.223970, 0.220917, 0.213672, 0.208947, 0.205341, 0.199151, 0.213634, 0.207687, 0.203835, 0.198701, 0.205561, 0.200478, 0.196482, 0.193228, 0.196927, 0.194538
0.006690, 0.008508, 0.010652, 0.007513, 0.006769, 0.128201; 0.109800, 0.109167, 0.105695, 0.092760, 0.081700, 0.140934, 0.125765, 0.118713, 0.115914, 0.106099, 0.101526, 0.094029, 0.100506, 0.094078, 0.089996, 0.088193, 0.092108, 0.087044, 0.093777, 0.089290, 0.086916, 0.085015, 0.081460, 0.149257, 0.143548, 0.142562, 0.138665, 0.138053, 0.135890, 0.131362, 0.132055, 0.130667, 0.126790, 0.123871, 0.120607, 0.118624, 0.123070, 0.119876, 0.144770, 0.141188, 0.137979, 0.136080, 0.132918, 0.129947
1.677285, 1.288036, 0.860396, 0.788601, 0.621087, 0.507802; 0.438384, 0.386417, 0.341495, 0.305904, 0.276182, 0.296969, 0.280409, 0.299041, 0.277544, 0.264538, 0.248432, 0.239993, 0.226912, 0.226520, 0.214951, 0.219776, 0.210510, 0.201012, 0.193043, 0.185353, 0.177973, 0.176783, 0.173454, 0.167183, 0.163995, 0.162024, 0.158507, 0.153945, 0.215351, 0.212406, 0.205426, 0.199544, 0.195723, 0.189766, 0.184172, 0.181298, 0.176187, 0.174327, 0.169604, 0.165129, 0.162494, 0.158570, 0.171553, 0.168857
0.000014, 0.000008, 0.006735, 0.477976; 0.385723, 0.363588, 0.415026, 0.508126, 0.474494, 0.432191, 0.396184, 0.363308, 0.336945, 0.314427, 0.293631, 0.272916, 0.255871, 0.242465, 0.231142, 0.219674, 1.329429, 1.274869, 1.246571, 1.170067, 1.142382, 1.128490, 1.066081, 1.134262, 1.083222, 1.050486, 1.003724, 0.982853, 0.965685, 0.924161, 0.900594, 0.867452, 0.851868, 0.839155, 0.808552, 0.809333, 0.812517, 0.795662, 0.786633, 0.761540, 0.750026, 0.726062, 0.712337, 0.703762, 0.688111, 0.711169
0.000002, 0.002564, 0.020041, 0.088436, 0.088579; 0.086060, 0.135312, 0.139515, 0.857062, 0.772458, 0.698389, 0.674550, 0.762098, 0.706692, 0.658723, 0.615702, 0.604543, 0.580523, 0.547624, 0.520426, 0.507344, 0.583197, 0.557913, 0.535349, 0.534035, 0.514164, 0.498670, 0.493491, 0.519083, 0.504837, 0.487665, 0.471672, 0.466564, 0.452742, 0.492060, 0.528856, 0.514422, 0.500598, 0.494079, 0.481337, 0.498106, 0.485923, 0.476293, 1.628924, 1.861013, 1.824384, 1.790969, 1.765759, 1.748375, 1.710694
0.006357, 0.003180, 0.015765; 0.032427, 0.025662, 0.020945, 0.017709, 0.015333, 0.013524, 0.012094, 0.041385, 0.038058, 0.059784, 0.055544, 0.051738, 0.048423, 0.045510, 0.042929, 0.043517, 0.043809, 0.041665, 0.039722, 0.049077, 0.046961, 0.095824, 0.095254, 0.091569, 0.090590, 0.228930, 0.237765, 0.229546, 0.221879, 0.218383, 0.211422, 0.204892, 0.201500, 0.197327, 0.193501, 0.188193, 0.183170, 0.180816, 0.176173, 0.176209, 0.219464, 0.214168, 0.209206, 0.204408, 0.202518, 0.198586, 0.194266
0.000000, 0.002852, 0.028766, 0.022204, 0.110417, 0.105109, 0.097721, 0.085510, 0.076034, 0.072536; 0.072441, 0.066145, 0.120619, 0.111491, 0.133934, 0.126583, 0.118871, 0.112046, 0.106025, 0.103689, 0.104553, 0.110629, 0.116986, 0.115560, 0.110836, 0.106509, 0.103833, 0.100052, 0.096539, 0.093262, 0.090216, 0.087352, 0.093703, 0.106975, 0.119818, 0.116847, 0.113672, 0.129630, 0.126461, 0.125150, 0.122068, 0.119132, 0.116335, 0.118499, 0.115838, 0.117283, 0.114762, 0.112617, 0.110297, 0.127661
0.000017; 0.003297, 0.285614, 0.214622, 0.223682, 0.209944, 0.181446, 0.181307, 0.161075, 0.158472, 0.147986, 0.135564, 0.126262, 0.404965, 0.385496, 0.361907, 0.357647, 0.341484, 0.331367, 0.316429, 0.301577, 0.292890, 0.284478, 0.272851, 0.264822, 0.254511, 0.245310, 0.236887, 0.228929, 0.226583, 0.221505, 0.241910, 0.234824, 0.229346, 0.233711, 0.227109, 0.220913, 0.215921, 0.210312, 0.211052, 0.205908, 0.205763, 0.201226, 0.197081, 0.192579, 0.188603, 0.184473, 0.181505, 0.178678, 0.175008
0.234527; 0.191514, 0.121394, 0.116011, 0.172536, 0.149579, 0.144994, 0.121722, 0.111958, 0.102502, 0.090430, 0.084017, 0.078606, 0.075873, 0.069095, 0.065686, 0.066127, 0.063346, 0.071010, 0.067826, 0.063968, 0.062974, 0.062037, 0.061795, 0.059485, 0.057595, 0.058584, 0.056748, 0.061293, 0.058937, 0.058453, 0.058353, 0.056361, 0.055214, 0.054291, 0.057760, 0.057513, 0.060469, 0.071474, 0.072118, 0.076842, 0.075374, 0.074067, 0.072446, 0.074540, 0.077856, 0.076097, 0.074405, 0.077452, 0.080153
0.000026, 0.000013; 0.000025, 0.000623, 0.004230, 0.003420, 0.003688, 0.003121, 0.002912, 0.002581, 0.002523, 0.029267, 0.027721, 0.029670, 0.027742, 0.031278, 0.029450, 0.039266, 0.047327, 0.057702, 0.054947, 0.052343, 0.049978, 0.090020, 0.086765, 0.083376, 0.080266, 0.077888, 0.098078, 0.095063, 0.095923, 0.093165, 0.134254, 0.129636, 0.126177, 0.122913, 0.119807, 0.115956, 0.126551, 0.127786, 0.124910, 0.156454, 0.153201, 0.150084, 0.147094, 0.144276, 0.140121, 0.137508, 0.135097, 0.132677
0.000000; 0.007713, 2.223334, 1.539209, 1.177191, 1.112225, 0.965516, 0.816226, 0.708488, 0.686844, 0.618013, 0.554789, 0.556277, 0.560914, 0.514730, 0.477525, 0.469040, 0.436418, 0.407703, 0.382581, 0.377007, 0.384509, 0.636973, 0.631221, 0.600200, 0.633953, 0.604645, 0.629355, 0.622497, 0.597454, 0.574752, 0.575301, 0.577256, 0.556265, 0.550761, 0.541123, 0.523016, 0.548405, 0.543821, 0.526743, 0.515018, 0.499803, 0.598669, 0.581698, 0.594712, 0.590437, 0.691831, 0.714003, 0.695906, 0.695984
0.009905, 0.005432, 0.020521, 0.111499; 0.100856, 0.085481, 0.073694, 0.177882, 0.165042, 0.307004, 0.278823, 0.251600, 0.232397, 0.222931, 0.212916, 0.282539, 0.304316, 0.302420, 0.294413, 0.280122, 0.272689, 0.351493, 0.341855, 0.328026, 0.364083, 0.353328, 0.344128, 0.328053, 0.319359, 0.308933, 0.306786, 0.310300, 0.303524, 0.299641, 0.300313, 0.293943, 0.376985, 0.375627, 0.375863, 0.375366, 0.369618, 0.359667, 0.447282, 0.446398, 0.443691, 0.440996, 0.430895, 0.421315, 0.415744, 0.445232
0.243173, 0.217157, 0.132843, 0.108167, 0.080973, 0.070299, 0.057674, 0.055917, 0.051478, 0.053341, 0.069017, 0.104715, 0.100420, 0.091040, 0.088801, 0.084709, 0.084533, 0.116396, 0.158205, 0.151509, 0.417618, 0.407612, 0.381529, 0.372898, 0.350768, 0.345264, 0.327381, 0.321267, 0.359156, 0.359227, 0.352559, 0.362157, 0.358141, 0.343415, 0.337910, 0.327145, 0.322167, 0.303381, 0.292976, 0.288426, 0.278979, 0.274467, 0.271871; 0.268076, 0.260093, 0.252610, 0.248866, 0.248232, 0.238415, 0.236050
0.000003, 0.144848; 0.113840, 0.088979, 0.063774, 0.058531, 0.051355, 0.042050, 0.083093, 0.074813, 0.068732, 0.063294, 0.080076, 0.079375, 0.072702, 0.660039, 0.617342, 0.598935, 0.574611, 0.530410, 0.516694, 0.498952, 0.465296, 0.436043, 0.428195, 0.415689, 0.392288, 0.399714, 0.391960, 0.372997, 0.366248, 0.357520, 0.343095, 0.337359, 0.322675, 0.315886, 0.303006, 0.298495, 0.292680, 0.282466, 0.278566, 0.289019, 0.278916, 0.275220, 0.270498, 0.261797, 0.272755, 0.269384, 0.265326, 0.258034
1.200473, 0.600237, 0.400164, 2.946167, 2.356934; 2.183192, 1.843121, 1.596569, 1.406436, 1.591549, 1.678993, 1.538067, 1.413503, 1.307553, 1.216383, 1.137099, 1.112441, 1.045741, 1.149438, 1.089395, 1.034991, 0.986876, 0.941778, 0.900632, 0.865558, 0.830780, 0.798687, 0.785339, 0.756804, 0.730077, 0.705172, 0.681912, 0.702150, 0.681029, 0.660659, 0.659854, 0.641247, 0.623661, 0.615507, 0.599476, 0.585889, 0.603815, 0.589142, 1.063528, 1.038641, 1.060480, 1.036814, 1.057407, 1.034834, 1.024789
0.000015, 0.764480, 0.644284, 0.648947, 0.551222, 0.472385; 0.415368, 0.375682, 0.338847, 0.325231, 0.298302, 0.281961, 0.264374, 0.255085, 0.239253, 0.226530, 0.215491, 0.205550, 0.201133, 0.189522, 0.183164, 0.238188, 0.226988, 0.219523, 0.212164, 0.203285, 0.196937, 0.185261, 0.197220, 0.245274, 0.414167, 0.400144, 0.387971, 0.379788, 0.375870, 0.365801, 0.363157, 0.352893, 0.346874, 0.341726, 0.355593, 0.347210, 0.339208, 0.380460, 0.371070, 0.363107, 0.363601, 0.358626, 0.350583, 0.345627
0.002748; 0.002686, 0.003089, 0.004299, 0.003472, 0.003000, 0.002466, 0.002248, 0.001965, 0.005188, 0.035812, 0.035293, 0.034239, 0.029877, 0.031522, 0.038432, 0.040714, 0.040445, 0.036426, 0.035905, 0.035582, 0.076350, 0.075087, 0.072276, 0.070253, 0.069145, 0.066381, 0.070081, 0.075971, 0.073413, 0.071148, 0.068865, 0.091799, 0.089521, 0.087720, 0.084815, 0.082936, 0.080261, 0.286854, 0.277574, 0.297089, 0.288252, 0.283994, 0.275896, 0.268305, 0.293723, 0.286570, 0.281876, 0.275442, 0.269183
0.000031; 0.000028, 0.000015, 0.000010, 0.039903, 0.035385, 0.029655, 0.025539, 0.026031, 0.024018, 0.021640, 0.020138, 0.078869, 0.072577, 0.067216, 0.062594, 0.059975, 0.056905, 0.054008, 0.055137, 0.053203, 0.051373, 0.048925, 0.063473, 0.060675, 0.058032, 0.069547, 0.068041, 0.065341, 0.068773, 0.104569, 0.129816, 0.127031, 0.122895, 0.122717, 0.118876, 0.115270, 0.125589, 0.123585, 0.124668, 0.121246, 0.129525, 0.127441, 0.124206, 0.121133, 0.147202, 0.152221, 0.148746, 0.167866, 0.211199
0.028214, 0.014657; 0.009162, 0.006921, 0.006681, 0.005569, 0.005655, 0.018450, 0.025020, 0.022395, 0.020794, 0.018645, 0.017834, 0.016274, 0.015447, 0.014262, 0.013593, 0.012684, 0.019446, 0.018313, 0.017589, 0.024324, 0.023261, 0.022295, 0.021383, 0.031482, 0.133037, 0.130372, 0.124028, 0.132820, 0.129573, 0.126369, 0.121088, 0.120178, 0.115757, 0.114596, 0.110829, 0.108543, 0.104747, 0.104720, 0.101241, 0.099794, 0.096632, 0.094915, 0.093655, 0.096550, 0.094056, 0.092981, 0.091475, 0.092553
0.000000, 0.000005, 0.006636, 0.004981, 0.004015; 0.005527, 0.004653, 0.004018, 0.003547, 0.003406, 0.003076, 0.002804, 0.002578, 0.002407, 0.002239, 0.002093, 0.002050, 0.001930, 0.001820, 0.001723, 0.001635, 0.001556, 0.005060, 0.004840, 0.004636, 0.004864, 0.004675, 0.005741, 0.005548, 0.005368, 0.005291, 0.005139, 0.017905, 0.017373, 0.016872, 0.016400, 0.015953, 0.015574, 0.015216, 0.014831, 0.014464, 0.014131, 0.013799, 0.013491, 0.013189, 0.012927, 0.012650, 0.012384, 0.012130, 0.011912
0.000000, 0.000000; 0.000012, 0.000009, 0.000008, 0.000007, 0.000006, 0.002190, 0.001979, 0.001789, 0.007220, 0.007372, 0.007231, 0.007105, 0.006995, 0.018015, 0.017878, 0.017828, 0.017704, 0.015063, 0.015372, 0.015243, 0.015122, 0.015008, 0.013315, 0.013209, 0.013446, 0.014044, 0.012455, 0.012422, 0.012304, 0.032355, 0.031513, 0.030187, 0.029537, 0.029089, 0.028406, 0.027359, 0.026952, 0.026420, 0.026751, 0.031344, 0.030662, 0.030016, 0.029404, 0.090844, 0.089361, 0.087362, 0.085456, 0.083645
0.136890; 0.066116, 0.046452, 0.060488, 0.056782, 0.053571, 0.047663, 0.044192, 0.039046, 0.046097, 0.041346, 0.061254, 0.056890, 0.053103, 0.049043, 0.344707, 0.337052, 0.294067, 0.288369, 0.284482, 0.253537, 0.249277, 0.245206, 0.221898, 0.230310, 0.277778, 0.262880, 0.285286, 0.283108, 0.275103, 0.269929, 0.271122, 0.265951, 0.261367, 0.295819, 0.290965, 0.276415, 0.272133, 0.268031, 0.256219, 0.252781, 0.249245, 0.238456, 0.235243, 0.232254, 0.222882, 0.220070, 0.218410, 0.211360, 0.208962
0.012529, 0.006949, 0.004891, 0.014150, 0.038361, 0.022198, 0.021054; 0.020240, 0.045681, 0.043336, 0.040295, 0.036777, 0.049301, 0.045708, 0.041502, 0.038254, 0.036142, 0.048173, 0.048214, 0.047373, 0.044607, 0.042037, 0.043425, 0.042277, 0.040795, 0.040263, 0.038475, 0.037149, 0.035893, 0.036199, 0.035162, 0.036675, 0.035489, 0.133196, 0.145247, 0.160704, 0.181338, 0.180603, 0.177066, 0.172724, 0.184642, 0.183704, 0.190265, 0.188164, 0.183628, 0.180059, 0.173785, 0.170549, 0.174215, 0.180681
7.801377; 2.540132, 1.917654, 1.794341, 1.294047, 1.154934, 1.110601, 0.999970, 0.910434, 0.869841, 0.821183, 0.729115, 0.682761, 0.641417, 0.584418, 0.590028, 0.568856, 0.536274, 0.517887, 0.495007, 0.465900, 0.447232, 0.430136, 0.628703, 0.612617, 0.605772, 0.574383, 0.561477, 0.545783, 0.528690, 0.553068, 0.538563, 0.524863, 0.600138, 0.585072, 0.570781, 0.551311, 0.538567, 0.543562, 0.540836, 0.546446, 0.553384, 0.562145, 0.556556, 0.545340, 0.541089, 0.568632, 0.611570, 0.598013, 0.607976
0.004148; 0.008162, 0.017814, 0.013489, 0.011669, 0.062992, 0.091061, 0.080255, 0.082566, 0.077091, 0.108139, 0.097565, 0.094214, 0.097037, 0.194912, 0.180315, 0.175922, 0.176673, 0.165303, 0.174995, 0.177960, 0.168308, 0.160401, 0.171761, 0.185775, 0.177375, 0.169347, 0.168143, 0.162582, 0.155901, 0.233303, 0.231057, 0.223564, 0.215790, 0.221939, 0.214147, 0.219711, 0.212543, 0.212051, 0.243622, 0.236138, 0.232123, 0.230544, 0.238464, 0.232060, 0.230333, 0.224376, 0.219993, 0.243425, 0.249834
0.085744, 0.069205; 0.053098, 0.097671, 0.093597, 0.083081, 0.077864, 0.068467, 0.063699, 0.077665, 0.078165, 0.255206, 0.332047, 0.433771, 0.405960, 0.381237, 0.359948, 0.340200, 0.322902, 0.318125, 0.364057, 0.349198, 0.342597, 0.387549, 0.373322, 0.359344, 0.347022, 0.392599, 0.379371, 0.366825, 0.360214, 0.357217, 0.346736, 0.336989, 0.327650, 0.318623, 0.310029, 0.311877, 0.303919, 0.297840, 0.290630, 0.287407, 0.281323, 0.290846, 0.284310, 0.280403, 0.274805, 0.272483, 0.287804, 0.281906
0.001033; 0.000805, 0.000464, 0.120194, 0.628783, 0.647804, 0.599402, 0.663520, 0.704963, 0.666641, 0.619213, 1.003600, 0.973513, 0.886511, 0.819000, 0.779033, 0.790643, 0.737696, 0.750406, 0.713543, 0.707430, 0.668537, 0.667633, 0.674796, 0.644167, 0.616931, 0.622942, 0.612691, 0.588635, 0.565185, 0.554096, 0.546015, 0.526124, 0.527608, 0.520530, 0.521056, 0.516009, 0.500498, 0.494512, 0.485691, 0.471658, 0.458448, 0.454556, 0.457743, 0.447491, 0.448054, 0.439088, 0.428314, 0.418089, 0.413697
0.000000, 0.002996, 0.016074, 2.113088; 1.873051, 1.752286, 1.423567, 1.225060, 0.996777, 0.939466, 0.835125, 0.810726, 0.742374, 0.675698, 0.890368, 0.849270, 0.774086, 0.727816, 0.678697, 0.663814, 0.616471, 0.596140, 0.577171, 0.578972, 0.552183, 0.534204, 0.524417, 0.507992, 0.481987, 0.471170, 0.452928, 0.450364, 0.436744, 0.437042, 0.428224, 0.413513, 0.408275, 0.396930, 0.384036, 0.379313, 0.370709, 0.363984, 0.362558, 0.357881, 0.353684, 0.342300, 0.344278, 0.338317, 0.386429, 0.381954
0.000002, 0.000037, 0.043808, 0.068796, 0.080607; 0.077993, 0.065439, 0.056310, 0.049575, 0.153602, 0.139061, 0.129270, 0.119779, 0.110951, 0.103232, 0.099452, 0.287614, 0.271268, 0.258536, 0.249353, 0.236987, 0.225999, 0.215731, 0.207253, 0.198622, 0.190692, 0.183366, 0.179886, 0.174985, 0.168901, 0.163720, 0.166151, 0.164729, 0.159845, 0.155296, 0.155657, 0.152562, 0.148372, 0.197174, 0.192141, 0.202938, 0.198011, 0.193290, 0.188806, 0.185194, 0.181085, 0.177146, 0.173391, 0.171733, 0.189867
0.008355, 0.443253, 0.366932; 0.237754, 0.213279, 0.156080, 0.150210, 0.140372, 0.117147, 0.128820, 0.110817, 0.104774, 0.093101, 0.088774, 0.081145, 0.078626, 0.075586, 0.069582, 0.067224, 0.083226, 0.080636, 0.356550, 0.337626, 0.320717, 0.317432, 0.302838, 1.231650, 1.187902, 1.156782, 1.118249, 1.082162, 1.036707, 1.005538, 0.982820, 0.954775, 0.934395, 0.909022, 0.876792, 0.854386, 0.833178, 0.817520, 0.798039, 0.773093, 0.755635, 0.742750, 0.728587, 0.713121, 0.701638, 0.687285, 0.668742
0.000010, 0.104902, 0.110781, 0.129124, 0.117871, 0.325132, 0.280025, 0.249849, 0.222089, 0.201855; 0.190155, 0.173954, 0.161533, 0.161551, 0.150839, 0.163516, 0.154251, 0.145721, 0.137868, 0.139887, 0.133101, 0.126940, 0.131424, 0.134687, 0.129223, 0.125477, 0.128626, 0.126293, 0.130823, 0.126883, 0.122736, 0.139161, 0.136598, 0.134669, 0.154435, 0.174437, 0.169622, 0.165085, 0.202408, 0.199313, 0.201907, 0.202021, 0.200088, 0.195446, 0.192640, 0.188685, 0.184783, 0.180844, 0.177101, 0.173789
0.000003, 0.012129, 0.010237; 0.009982, 0.009961, 0.005578, 0.015843, 0.029624, 0.026670, 0.060517, 0.050473, 0.047998, 0.045845, 0.051847, 0.051400, 0.050118, 0.048459, 0.044652, 0.045689, 0.044402, 0.043415, 0.042403, 0.104101, 0.103083, 0.102814, 0.098418, 0.089785, 0.089228, 0.088597, 0.085332, 0.079002, 0.078417, 0.078545, 0.076003, 0.070861, 0.070392, 0.069912, 0.067932, 0.065621, 0.236516, 0.232841, 0.230498, 0.225269, 0.221876, 0.210087, 0.207697, 0.203367, 0.200615, 0.197957, 0.197807
0.000000; 0.003805, 0.026707, 0.023126, 0.049076, 0.137023, 0.125265, 0.104868, 0.097096, 0.213335, 0.194639, 0.177908, 0.164605, 0.152545, 0.142656, 0.647833, 0.639575, 0.576084, 0.569310, 0.563220, 0.525749, 0.522630, 0.480511, 0.476739, 0.448536, 0.466989, 0.438794, 0.434405, 0.421633, 0.433163, 0.408901, 0.404848, 0.383659, 0.380101, 0.392609, 0.389561, 0.386127, 0.368467, 0.367650, 0.351757, 0.366484, 0.352051, 0.349112, 0.335946, 0.333149, 0.323819, 0.324114, 0.313044, 0.310446, 0.306011
0.001076, 0.000942; 0.002089, 0.001554, 0.046862, 0.037515, 0.037419, 0.049489, 0.065260, 0.064398, 0.063184, 0.058010, 0.052550, 0.051636, 0.055896, 0.058542, 0.069550, 0.078269, 0.075847, 0.116519, 0.110775, 0.107783, 0.174250, 0.169763, 0.164590, 0.158615, 0.163512, 0.158173, 0.164682, 0.159796, 0.153714, 0.150618, 0.146314, 0.150650, 0.148556, 0.145530, 0.152312, 0.165141, 0.168471, 0.164800, 0.163089, 0.159503, 0.156271, 0.153423, 0.152928, 0.151060, 0.184788, 0.183721, 0.181047, 0.187584
0.000101, 0.003347, 0.002232, 0.002088, 0.005741; 0.007146, 0.063882, 0.055472, 0.049107, 0.053561, 0.048595, 0.044386, 0.041098, 0.038138, 0.038054, 0.036893, 0.035703, 0.041601, 0.162457, 0.158512, 0.250611, 0.249647, 0.238328, 0.257503, 0.251466, 0.295213, 0.284157, 0.305119, 0.300471, 0.293222, 0.286770, 0.313421, 0.312233, 0.303086, 0.311745, 0.303114, 0.368599, 0.358784, 0.354131, 0.346975, 0.350885, 0.365508, 0.357038, 0.350201, 0.366349, 0.358214, 0.363281, 0.379198, 0.371316, 0.365560
0.000232, 0.034485, 0.088360; 0.200960, 0.175973, 0.274441, 0.255709, 0.240831, 0.211313, 0.226447, 0.183311, 0.168247, 0.164168, 2.164126, 1.919880, 1.882462, 1.801962, 1.630772, 1.592560, 1.553260, 1.424613, 1.378051, 1.381530, 1.281890, 1.204360, 1.183926, 1.152792, 1.128025, 1.065078, 1.050024, 1.000857, 0.978607, 0.982378, 0.933955, 0.932402, 0.913646, 0.872475, 0.890328, 0.860474, 0.851688, 0.836474, 0.806380, 0.796455, 0.808546, 0.788928, 0.830071, 0.827298, 0.799934, 0.774439, 0.765907
0.167382, 0.120133; 0.098898, 0.076816, 0.308227, 0.261465, 0.234080, 0.264716, 0.254762, 0.363445, 0.330805, 2.054595, 1.874143, 1.843815, 1.699054, 1.664092, 1.554552, 1.458208, 1.370677, 1.364276, 1.287845, 1.674778, 1.650751, 1.575136, 1.561499, 1.492212, 1.428403, 1.369873, 1.316323, 1.266424, 1.253402, 1.208533, 1.200933, 1.160902, 1.137545, 1.149437, 1.131745, 1.098686, 1.066632, 1.037260, 1.008659, 1.025680, 1.000921, 1.002128, 0.981034, 0.957241, 0.974741, 0.961830, 0.943418, 0.938154
0.000166, 0.003596; 0.783823, 0.663242, 0.571253, 0.501528, 0.447637, 0.408281, 0.905671, 0.859186, 0.910361, 0.942648, 0.894732, 0.791436, 0.757632, 0.728319, 0.700191, 0.674350, 0.650503, 0.601793, 0.585608, 0.656710, 0.640137, 0.622397, 0.563572, 0.548973, 0.535181, 0.524442, 0.528127, 0.523720, 0.513092, 0.502041, 0.534405, 0.522987, 0.512093, 0.482488, 0.473108, 0.464128, 0.476095, 0.467376, 0.458989, 0.435343, 0.427892, 0.420743, 0.413857, 0.409155, 0.397012, 0.392449, 0.386514, 0.384092
0.154142, 0.090865, 0.606801, 0.662716, 0.620710, 0.530157, 0.449825, 0.391521, 0.345994; 0.327396, 0.296576, 0.270485, 0.253231, 0.234088, 0.217993, 0.203670, 0.190910, 0.181780, 0.171853, 0.179877, 0.184824, 0.177417, 0.176174, 0.168847, 0.161697, 0.227596, 0.231856, 0.223949, 0.216617, 0.212926, 0.205800, 0.199595, 0.193522, 0.187611, 0.182055, 0.177178, 0.174479, 0.170223, 0.165705, 0.161937, 0.185650, 0.181763, 0.177891, 0.173923, 0.169754, 0.166629, 0.162787, 0.161135, 0.157998, 0.154564
0.000001; 0.000008, 0.004559, 0.003641, 0.005859, 0.004971, 0.004239, 0.003694, 0.003342, 0.004202, 0.224417, 0.200137, 0.198418, 0.179187, 0.165395, 0.152012, 0.150927, 0.139697, 0.130026, 0.121618, 0.120920, 0.113605, 0.107126, 0.106587, 0.101178, 0.096024, 0.091477, 0.091081, 0.086887, 0.084059, 0.087139, 0.086712, 0.083613, 0.080407, 0.080094, 0.079350, 0.076544, 0.073930, 0.073609, 0.071188, 0.068921, 0.066832, 0.066622, 0.064635, 0.062764, 0.062532, 0.060884, 0.059224, 0.057651, 0.058036
0.000299, 0.004587, 0.003714, 0.015013, 0.011807, 0.052145, 0.048666, 0.044457, 0.035085, 0.031118, 0.027562, 0.027019, 0.027803; 0.050180, 0.280876, 0.248904, 0.242827, 0.249408, 0.243252, 0.240983, 0.368530, 0.364545, 0.478761, 0.485701, 0.493211, 0.477020, 0.465008, 0.409742, 0.399317, 0.389939, 0.378986, 0.368360, 0.360566, 0.346698, 0.336704, 0.343217, 0.336587, 0.410998, 0.401402, 0.393213, 0.385166, 0.384880, 0.377463, 0.369264, 0.363081, 0.355909, 0.350638, 0.359662, 0.352714, 0.332768
0.000000, 0.037663, 0.034693, 0.149643, 0.134468; 0.071771, 0.063165, 0.063448, 0.061121, 0.105294, 0.111343, 0.108120, 0.103623, 0.214184, 0.199699, 0.183524, 0.196630, 0.189860, 0.180843, 0.227145, 0.216508, 0.205177, 0.216763, 0.229361, 0.220467, 0.212431, 0.204351, 0.199133, 0.190638, 0.184609, 0.186498, 0.181244, 0.186017, 0.182501, 0.229671, 0.227490, 0.222999, 0.222629, 0.219793, 0.215456, 0.215375, 0.211295, 0.212866, 0.223948, 0.217414, 0.213582, 0.264072, 0.260203, 0.256364, 0.252599
0.000000, 0.012962, 0.084776, 0.063713, 0.479038, 0.717884, 0.612238, 0.534449, 0.582227, 0.524841, 0.479030, 0.457548, 0.420868, 0.487849, 0.454286, 0.462522, 0.435045; 0.414010, 0.399219, 0.421770, 0.401771, 0.383073, 0.389799, 0.418296, 0.400937, 0.384974, 0.372237, 0.368760, 0.360518, 0.354874, 0.343169, 0.351615, 0.340644, 0.334406, 0.324904, 0.320284, 0.314409, 0.306100, 0.298040, 0.290384, 0.289309, 0.293209, 0.292468, 0.285598, 0.288822, 0.285141, 0.315050, 0.308409, 0.301966, 0.304090
0.208338, 2.899168, 1.553093, 1.303741; 1.086020, 0.927800, 0.806490, 0.713617, 0.635237, 0.913061, 0.830580, 0.769825, 0.713256, 0.662718, 0.615399, 0.576931, 0.543014, 0.512939, 0.489245, 0.465357, 0.442219, 0.422565, 0.404190, 0.387403, 0.372286, 0.368385, 0.370138, 0.365690, 0.356131, 0.344392, 0.334942, 0.323519, 0.313953, 0.305294, 0.297713, 0.318752, 0.318863, 0.310441, 0.306371, 0.299708, 0.301925, 0.305379, 0.298046, 0.329752, 0.324406, 0.320979, 0.316262, 0.319265, 0.358972, 0.358094
0.002683, 0.087735; 0.064333, 0.064990, 0.081567, 0.453596, 0.386342, 0.350733, 0.322609, 0.292924, 0.264953, 0.244836, 0.225028, 0.210237, 0.202776, 0.191169, 0.179431, 0.170289, 0.374424, 0.357518, 0.340560, 0.323055, 0.310361, 0.313239, 0.299540, 0.287861, 0.278160, 0.328405, 0.323633, 0.311750, 0.302571, 0.293613, 0.285378, 0.276106, 0.268672, 0.260443, 0.253813, 0.251063, 0.244961, 0.238251, 0.232816, 0.226723, 0.222074, 0.218213, 0.216898, 0.240427, 0.235501, 0.230382, 0.590180, 0.586511
0.004750, 0.004041, 0.003353; 0.023570, 0.067869, 0.058770, 0.050090, 0.042158, 0.038154, 0.105938, 0.094422, 0.088250, 0.089108, 0.081584, 0.123271, 0.121154, 0.112510, 0.109106, 0.104101, 0.098296, 0.096284, 0.492467, 0.475498, 0.474872, 0.456698, 0.436904, 0.422367, 0.411749, 0.419379, 0.404744, 0.390701, 0.379056, 0.366422, 0.355478, 0.353188, 0.346153, 0.360262, 0.355822, 0.346253, 0.362992, 0.354459, 0.345665, 0.336919, 0.331187, 0.325780, 0.328423, 0.320870, 0.314247, 0.308056, 0.301401
0.000000, 1.406523, 0.849757, 0.607624, 0.545066, 0.445361; 0.437746, 0.370640, 0.397968, 0.363847, 0.322512, 0.306785, 0.277261, 0.252714, 0.234759, 0.220362, 0.204783, 0.198327, 0.185632, 0.193214, 0.186079, 0.176072, 0.171668, 0.163182, 0.243486, 0.238281, 0.241134, 0.235293, 0.225075, 0.217104, 0.212930, 0.205199, 0.201658, 0.211998, 0.205151, 0.201629, 0.195445, 0.195657, 0.190009, 0.193354, 0.196736, 0.193822, 0.292270, 0.292744, 0.289173, 0.288843, 0.284449, 0.277862, 0.314510, 0.309470
