1.000000, 1.967345, 2.832124; 3.829469, 4.723948, 5.752364, 6.595657, 7.335832, 8.464178, 9.325479, 10.267202, 11.095790, 12.125603, 13.023880, 14.158977, 14.997362, 15.788049, 16.912587, 17.618215, 18.695470, 19.585216, 20.496366, 21.382066, 22.259448, 23.288557, 24.075872, 25.207594, 26.141931, 27.110649, 27.962358, 28.820043, 29.956438, 30.770470, 31.767181, 32.682622, 33.542368, 34.461064, 35.548739, 36.453021, 37.209085, 38.075366, 38.953995, 40.040613, 40.980196, 41.963638, 42.873133, 43.705429, 44.639778, 45.555410, 46.641579
1.000000; 1.899076, 2.586234, 3.235519, 4.337730, 4.868131, 5.498553, 6.893759, 7.459836, 8.038268, 8.416307, 8.877465, 9.219727, 9.655265, 11.354529, 11.713857, 12.167733, 13.847161, 14.378839, 14.743944, 16.395804, 16.634327, 17.011785, 18.617347, 19.082192, 19.643977, 21.096809, 21.699768, 22.111669, 21.477535, 21.895648, 22.170397, 23.826181, 24.287029, 24.736857, 25.045318, 26.734754, 27.068904, 27.524150, 29.216134, 29.656781, 30.123405, 31.818125, 32.284912, 32.770235, 34.469023, 34.946240, 35.418577, 37.087330, 37.465563
1.000000, 1.644286, 2.018028, 2.892174, 3.226846, 4.260056, 4.598647, 5.647069, 6.001444, 7.156018, 8.267956, 2.090875, 2.205973, 2.345895, 2.439435, 3.427911, 3.483413, 3.686700, 3.782879, 3.858940, 4.062585, 4.126219, 4.222680, 4.428932; 4.565642, 4.760818, 4.936683, 5.149070, 5.257995, 5.359628, 5.516072, 5.584486, 5.691600, 5.917607, 5.981732, 6.076873, 6.155000, 6.356729, 6.443419, 6.684651, 7.067375, 7.225857, 7.483033, 7.901020, 8.773212, 8.974303, 9.178069, 9.311370, 9.399058, 9.300074
1.000000, 1.999339; 2.712677, 3.525573, 4.383463, 5.150746, 6.038629, 6.798541, 7.455295, 8.219202, 9.378760, 10.103438, 10.826096, 11.421570, 12.872203, 13.625133, 14.403464, 15.172780, 16.572840, 17.244021, 18.009597, 18.770236, 19.433717, 20.169309, 20.880079, 21.618735, 22.885339, 23.471174, 24.171987, 24.857688, 25.726007, 26.430962, 27.029069, 27.746924, 29.061599, 29.762537, 30.321372, 31.025666, 32.441346, 33.158255, 33.743408, 34.458240, 36.020601, 36.748428, 37.475593, 38.197564, 39.732514, 40.240790, 40.946987, 41.654107
1.000000, 1.942028, 2.867429, 3.715900, 4.802634, 5.695931, 6.790091, 7.638089; 8.713848, 9.745596, 10.438490, 11.495097, 12.255166, 13.228168, 14.102694, 14.795413, 15.528445, 16.587590, 17.354174, 18.443120, 19.116541, 20.085811, 20.948409, 21.983860, 22.850455, 23.945456, 24.793896, 25.706800, 26.427918, 27.352194, 28.189847, 29.460632, 30.398874, 31.301847, 32.355618, 33.217707, 34.221410, 35.012191, 35.812222, 36.720105, 37.575803, 38.391540, 39.455533, 40.259303, 41.156167, 41.959730, 43.014081, 43.805014, 44.873249, 45.594899
1.000000; 1.983350, 2.699896, 3.301526, 4.783098, 5.507606, 6.265336, 7.555373, 8.345457, 9.119777, 9.767751, 10.683201, 11.283510, 11.793791, 13.415095, 14.083834, 14.712148, 16.267565, 16.957649, 17.633648, 19.144178, 19.849695, 20.553334, 22.050392, 22.668690, 23.269204, 24.798736, 25.451591, 26.066033, 27.575767, 28.328091, 29.055401, 29.695669, 31.211224, 31.947461, 32.685664, 34.184575, 34.824722, 35.452935, 36.377496, 37.009300, 37.718549, 39.192280, 39.794918, 40.386517, 41.837158, 42.468224, 42.977291, 44.538809, 45.275500
1.000000, 1.995876, 2.994330, 3.991753, 1.482225, 1.597290, 1.715991, 1.826775, 2.001361, 2.126642, 2.269271, 2.402021, 2.552330; 2.789403, 2.960162, 3.109270, 3.261754, 3.417575, 3.602138, 3.764819, 3.938733, 4.107985, 4.402302, 4.576280, 4.772173, 4.961946, 5.501462, 5.713237, 5.925355, 6.140967, 6.360905, 6.584056, 7.022977, 7.231124, 7.465304, 7.679820, 7.920272, 8.140489, 8.363907, 8.805774, 9.058109, 9.313653, 9.549218, 9.787589, 10.416959, 10.685259, 10.958262, 11.233477, 11.485963, 11.754552
1.000000, 1.759327, 2.723844, 3.718545, 4.699334; 5.681529, 6.669634, 7.670297, 8.673414, 9.667654, 10.669229, 11.381209, 12.381881, 13.382412, 13.932816, 14.938992, 15.259377, 16.237615, 17.245206, 17.937417, 18.948559, 19.699523, 20.685702, 21.605729, 22.611947, 23.617669, 24.615658, 25.512170, 26.520292, 27.528002, 28.516887, 29.524208, 30.525077, 31.183481, 32.184146, 33.184152, 34.174075, 34.853603, 35.180438, 36.190284, 36.935076, 37.943378, 38.740639, 39.750291, 40.759399, 41.748139, 42.494948, 42.945456, 43.954728, 44.320406
1.000000; 1.933687, 2.511619, 3.780979, 4.311297, 4.612785, 6.167463, 6.678560, 8.135179, 8.725471, 10.107851, 10.626163, 11.120930, 12.548589, 13.191327, 5.090412, 5.401222, 5.663398, 6.052944, 6.383019, 6.769075, 7.116865, 7.465373, 7.876690, 8.245377, 8.691454, 9.069272, 9.453536, 9.731203, 10.119728, 10.696756, 11.105464, 11.566298, 11.991589, 12.417380, 12.899094, 13.340667, 13.858596, 14.311998, 14.765715, 15.408015, 15.877810, 16.573403, 16.997837, 17.393373, 18.015208, 18.505421, 19.216079, 19.714986, 20.137824
1.000000, 1.544470, 1.883340, 2.895957, 3.243956; 4.454433, 4.878669, 5.869381, 6.517861, 7.145442, 8.227790, 8.713901, 9.832749, 10.411290, 10.990087, 12.146979, 12.674108, 13.834075, 14.369348, 15.443743, 16.059759, 17.096494, 17.637807, 18.254546, 19.398621, 20.042009, 21.159787, 21.737416, 22.847513, 23.481544, 24.539221, 25.171257, 25.803127, 26.844403, 27.484914, 28.584284, 29.276968, 29.976014, 31.115037, 31.610180, 32.842015, 33.438579, 34.490381, 35.159952, 36.274585, 36.877653, 37.566650, 38.688470, 39.369279, 40.447353
1.000000, 1.983103, 2.845428, 3.960915, 4.910541, 5.945442, 6.929615, 7.695989, 8.900289, 9.777655, 10.344181, 11.590906, 12.413854, 13.215698, 14.411233, 15.124500, 15.670434, 17.007506, 17.763410, 18.448475, 19.613731, 20.414355; 20.614169, 21.968686, 22.464847, 23.653711, 24.446304, 25.731098, 26.426356, 27.543244, 28.342754, 29.464605, 30.239787, 30.864621, 32.130572, 32.956489, 33.446969, 34.647320, 35.465019, 36.339889, 37.609934, 38.405990, 39.250507, 40.325325, 41.091399, 41.677077, 42.805471, 43.526127, 44.305613, 45.513962
1.000000, 1.944496, 2.885873, 3.784264, 4.687159, 5.501160, 6.487375, 7.460192, 8.390687, 9.383961, 10.408142, 11.176322, 12.159591, 13.130808, 13.954374, 14.833904, 15.770171, 16.610591; 17.121562, 18.153918, 19.170019, 20.235367, 21.306797, 22.263111, 23.247767, 24.318259, 25.199762, 25.930256, 26.951221, 27.903527, 28.892673, 29.773864, 30.819962, 31.832484, 32.763637, 33.229467, 34.218972, 35.120974, 36.075794, 37.109354, 37.998524, 38.935326, 39.905239, 39.118867, 40.002191, 41.003721, 41.952900, 42.985447, 43.935387, 44.842870
1.000000; 1.983350, 2.905914, 3.644262, 4.975039, 5.857845, 6.643902, 7.328663, 8.492522, 9.264487, 10.014085, 11.378046, 12.159724, 12.812108, 13.595432, 14.788610, 15.438882, 16.178093, 17.555478, 18.378094, 19.005509, 20.283722, 21.048405, 21.818332, 23.240005, 24.048026, 24.829608, 25.649598, 26.422444, 27.130038, 27.819217, 29.285530, 29.900638, 30.599403, 31.910639, 32.623737, 33.204855, 33.905533, 35.312302, 36.027913, 36.718624, 38.051256, 38.635626, 39.324860, 40.732910, 41.430142, 42.116833, 42.682136, 44.148988, 44.780877
1.000000; 1.999948, 2.676857, 3.286328, 3.916500, 5.643246, 6.295456, 6.961806, 7.617129, 9.328626, 9.979862, 10.578855, 11.881963, 12.490795, 13.099961, 13.650627, 15.284524, 16.051998, 16.658217, 17.273288, 18.890611, 19.406619, 20.040571, 21.475224, 22.156594, 22.810248, 23.468397, 25.062123, 25.753112, 26.306705, 27.078396, 28.664305, 29.453690, 29.958095, 31.143426, 31.947092, 32.461505, 32.794965, 34.179781, 35.027618, 35.756560, 36.421561, 37.720556, 38.485731, 39.225114, 5.217514, 5.363672, 5.463937, 5.561312, 5.793169
1.000000, 2.000000, 2.937738, 3.896733, 4.565982, 5.185698, 5.956034, 6.611814, 7.463759, 8.246118, 9.108632, 10.096782, 10.502143, 10.869439, 11.542388, 11.922983, 12.389258; 14.607868, 15.316349, 16.003216, 16.605433, 17.184670, 17.578711, 18.191587, 18.538984, 18.821047, 19.427296, 19.738979, 20.218099, 22.797417, 23.487557, 24.026787, 24.712305, 25.230806, 25.752836, 29.096717, 29.493650, 30.103000, 30.530674, 31.097649, 31.654892, 34.348166, 34.991272, 35.467512, 35.838360, 36.296012, 36.972013, 37.419402, 38.012741, 38.587167
1.000000; 1.999949, 2.755417, 3.225850, 4.851214, 5.476992, 5.958702, 6.392603, 8.065943, 8.706085, 9.136971, 10.843791, 11.498163, 12.111739, 12.576963, 13.806009, 14.333375, 14.867855, 16.173852, 16.803940, 17.286274, 18.860325, 19.506340, 20.136323, 21.609884, 22.220350, 22.749267, 23.388098, 24.938774, 25.503729, 26.155413, 27.682454, 28.251755, 28.927381, 30.254472, 30.950398, 31.626008, 32.172961, 33.704586, 34.257728, 34.933251, 36.279643, 36.955679, 37.637212, 39.154294, 39.719410, 40.394786, 41.076337, 42.611503, 43.294145
1.000000, 1.955117; 2.582247, 2.888637, 3.228139, 3.517320, 2.773640, 2.873478, 2.908634, 2.944997, 4.259199, 4.305764, 4.360506, 4.413270, 5.833189, 5.982417, 6.040667, 6.178200, 7.704074, 7.793329, 7.857158, 8.010324, 9.471451, 9.538933, 9.622406, 9.783728, 11.018828, 11.111440, 11.198930, 11.269133, 13.027922, 13.102549, 13.176773, 13.349126, 14.783109, 14.847924, 14.943528, 15.119961, 17.096711, 17.170815, 17.306692, 17.494371, 19.500123, 19.702498, 19.781269, 19.979048, 21.972399, 22.063405, 22.275285, 22.372693
1.000000, 1.955117; 2.534996, 3.210934, 3.877496, 4.575607, 6.134729, 6.842243, 7.534891, 8.089912, 9.126034, 9.685844, 10.218121, 10.612780, 12.397186, 12.959615, 13.506464, 14.039937, 15.878120, 16.474182, 17.047779, 17.611424, 19.258139, 19.817311, 20.228730, 20.767729, 22.684252, 23.279758, 23.712533, 24.274051, 25.843871, 26.438300, 27.025200, 27.605074, 29.175396, 29.764843, 30.347714, 30.924434, 31.405944, 32.026140, 32.653001, 33.261111, 34.464968, 34.999928, 35.631769, 36.258562, 36.467240, 37.278784, 37.929340, 38.574419
1.000000, 2.000000, 2.679753, 3.649303, 4.192064, 5.286642, 6.078579, 6.875874, 7.911706, 8.543477, 9.527262, 10.554415, 11.547192, 12.561132, 9.251089, 9.689850, 10.158083, 10.366253, 10.815801; 16.422951, 16.712241, 17.406566, 18.089549, 18.772554, 19.416163, 20.068044, 20.679686, 20.864111, 21.453812, 4.759348, 4.972877, 5.172958, 5.375071, 5.597956, 5.657512, 5.870218, 6.103300, 6.339546, 6.579508, 6.635106, 6.878982, 7.107666, 7.343472, 7.576215, 7.705310, 7.964604, 8.077077, 8.340527, 8.595915, 8.763975
1.000000, 2.000000, 2.993027, 3.344126, 4.166839, 4.881601, 5.596355, 6.976348, 7.718508, 8.617261, 9.246862, 9.795101, 10.833983, 11.741263, 12.250284, 12.812191, 7.481498, 7.515163, 7.523592, 8.436737, 8.486766, 8.596247, 8.667243, 8.391671, 9.005567, 9.193429, 9.448861, 9.476807, 10.519627, 10.504213, 10.358160, 10.360468, 12.127291, 12.166721, 12.037239, 12.051165, 12.302502, 13.188138, 14.216424, 14.210821; 14.199363, 14.524516, 14.855145, 16.723823, 16.982963, 17.481720, 18.661124, 19.016727, 19.185182, 20.903655
1.000000, 1.970285; 2.953841, 3.694147, 4.501956, 5.271376, 5.967252, 6.739161, 7.503596, 8.025942, 8.544698, 9.160037, 9.568322, 12.036667, 12.571481, 13.173608, 13.610225, 14.145495, 14.791639, 16.633113, 17.394681, 17.848345, 18.389310, 18.905495, 20.841810, 21.488474, 21.951421, 22.503253, 23.038925, 23.563230, 25.285246, 25.829468, 26.412892, 26.932367, 27.438748, 29.509901, 30.060674, 30.655627, 31.085316, 31.614420, 31.998043, 34.173697, 34.744715, 35.305496, 35.860375, 36.419876, 38.498979, 39.088158, 39.775066, 40.351887
1.000000, 1.244707, 1.697487, 2.063941, 2.582346; 2.819838, 3.651578, 3.725382, 4.406111, 4.505418, 1.368083, 1.411163, 1.441663, 1.459427, 1.508377, 1.920996, 1.966856, 2.098627, 2.161158, 2.321452, 2.272349, 2.383285, 2.441848, 2.473558, 2.527947, 2.643271, 2.707301, 2.756031, 2.937687, 3.016521, 3.051133, 3.048273, 3.233004, 3.318523, 3.464438, 3.544762, 4.424590, 4.461676, 4.440919, 4.505264, 4.749043, 4.825581, 4.894000, 5.100896, 5.244819, 5.279064, 5.610060, 5.786172, 5.821598, 5.847811
1.000000, 1.953418, 2.444071, 3.785103, 4.901107, 5.829420, 6.661867, 7.737891, 8.337396, 9.199644, 10.144035, 11.079358, 12.074260, 12.807792, 13.741851, 14.604665, 15.637781, 16.292662, 17.048652, 17.980148; 18.674139, 19.587399, 20.560088, 21.615424, 22.582570, 23.624473, 24.339255, 25.221585, 26.141932, 26.837217, 27.819615, 28.745693, 29.639617, 30.615159, 31.578489, 32.328956, 33.186113, 33.863032, 34.743365, 35.606021, 36.492516, 37.271107, 38.174281, 39.183186, 40.190182, 41.147192, 42.142355, 42.657660, 43.676176, 44.427187
1.000000, 1.998723, 2.760969, 3.411133, 4.671333, 5.210821, 5.726823, 7.225158, 7.671121, 8.036234; 9.657829, 9.962245, 11.724749, 12.216262, 12.645242, 14.394053, 14.903309, 15.479661, 17.174264, 17.722279, 18.331821, 19.942747, 20.530017, 21.058510, 22.724474, 23.386443, 24.049648, 25.606272, 26.165911, 26.762766, 28.272933, 28.967994, 29.547494, 30.320540, 30.956456, 32.516706, 33.108929, 33.658700, 35.283355, 35.943931, 36.495843, 38.095902, 38.771320, 39.332651, 40.864262, 41.318474, 41.689610, 43.249035, 43.696951, 44.279900
1.000000, 1.840764, 2.744448, 3.737341, 4.394748, 5.329863; 6.389558, 7.289307, 8.182428, 9.132550, 10.022027, 11.115110, 11.996035, 12.888761, 13.786769, 14.676722, 15.640959, 16.742844, 17.598154, 18.497198, 19.408971, 20.479206, 21.438825, 22.361733, 23.250076, 24.176860, 25.107062, 26.173910, 27.110826, 28.047704, 29.120146, 30.010563, 30.952625, 31.924554, 32.896101, 33.839424, 34.916350, 35.795662, 36.770106, 37.717270, 38.666616, 39.752807, 40.673470, 41.558842, 42.450928, 43.067653, 43.993645, 44.934084, 45.870154, 46.815082
1.000000, 1.068884, 1.682029, 1.682029, 1.730955, 2.698758, 3.329713, 3.378231, 4.047597, 4.099727; 4.287998, 5.272668, 5.472312, 6.098311, 6.602313, 7.623312, 8.234862, 8.929475, 9.563839, 10.339668, 11.114850, 11.322535, 12.342562, 12.529875, 13.218531, 13.843584, 14.616903, 15.605086, 16.529076, 17.029868, 17.155653, 18.092245, 18.339368, 18.616423, 19.381297, 19.602310, 19.851833, 20.110522, 21.145516, 21.272212, 22.160628, 22.384144, 23.162872, 23.903900, 24.902875, 25.065574, 25.784739, 25.856292, 26.262665, 26.474667
1.000000, 1.955117, 2.948395, 3.943630, 4.915276, 5.879461; 6.874103, 7.883602, 8.853697, 9.854899, 10.814590, 11.798675, 12.801358, 13.418425, 14.416196, 14.569392, 15.721250, 16.595746, 17.549944, 18.430037, 19.478498, 20.357292, 21.314615, 22.208246, 23.108061, 24.159434, 25.115268, 26.082999, 27.055087, 28.209762, 29.110611, 30.083466, 30.987603, 31.894038, 32.879809, 33.800074, 34.778196, 35.754761, 36.732062, 37.855804, 38.833578, 39.814305, 40.791971, 41.475366, 42.386151, 43.370102, 44.124549, 45.109072, 45.813872, 46.621415
1.000000; 2.000000, 2.804175, 3.312915, 4.877230, 5.645072, 6.230697, 7.742088, 8.486619, 9.206248, 9.651756, 10.851649, 11.696727, 12.522688, 13.653297, 14.503750, 15.388927, 16.524289, 17.478596, 18.318263, 19.402288, 20.270011, 21.188509, 21.938185, 22.635821, 23.469673, 24.623120, 25.477878, 26.293588, 27.330151, 28.152387, 28.943428, 29.735166, 30.863839, 31.642131, 32.402677, 33.506726, 34.262650, 35.114627, 36.383796, 37.171820, 37.925399, 39.199435, 40.070293, 40.927717, 42.106350, 42.765045, 43.447541, 44.655291, 45.180655
1.000000, 1.996628, 2.628893; 3.292781, 3.894385, 4.500501, 4.863743, 5.477812, 6.092900, 6.710657, 6.696180, 6.592543, 6.491906, 6.740462, 7.034903, 7.211129, 7.465784, 7.873673, 10.387772, 10.737910, 11.130375, 11.606371, 11.928809, 12.231389, 12.565645, 14.615509, 15.388616, 15.934562, 16.326793, 16.688801, 17.075475, 17.578762, 14.211826, 14.462142, 14.726275, 15.059771, 15.286177, 15.505558, 15.725054, 15.950891, 17.859320, 18.104928, 18.305988, 18.535290, 18.797439, 19.136108, 19.848063, 22.079218, 22.189178, 22.437550
1.000000; 1.756990, 2.904551, 3.910150, 4.830984, 5.559143, 6.536317, 7.450605, 8.400352, 9.435262, 10.411791, 11.376308, 12.329761, 13.285366, 14.254938, 15.205807, 16.181458, 17.097624, 18.090339, 19.099616, 19.954625, 20.913610, 21.911461, 22.618608, 23.552732, 24.473516, 25.358100, 26.299602, 27.275904, 28.267886, 29.213732, 30.182637, 31.140849, 32.104671, 33.100266, 34.084406, 35.032782, 35.998174, 36.852010, 37.701824, 38.418413, 39.218838, 40.144912, 41.003429, 41.986390, 42.881337, 43.662601, 44.446067, 45.378937, 46.350311
1.000000, 1.947843, 2.937577, 3.948095, 4.368453, 5.127816; 6.055150, 7.114985, 8.049753, 8.774874, 9.752477, 10.567124, 11.407539, 12.501457, 13.462100, 14.257139, 15.120222, 16.022418, 17.137115, 18.037579, 19.012771, 19.977850, 6.318510, 6.681951, 6.917224, 7.321554, 7.527546, 7.720214, 7.897908, 8.695032, 8.903776, 9.050667, 9.430846, 9.686732, 10.042882, 10.893711, 11.163683, 11.415926, 11.949273, 12.507693, 13.212425, 14.115118, 14.438997, 14.806795, 15.029075, 15.485306, 15.787386, 16.114505, 17.141823, 17.453753
1.000000, 1.426389; 1.458400, 1.992354, 2.381812, 3.308546, 3.837632, 4.385404, 4.781600, 5.367878, 5.970398, 6.613199, 6.802435, 6.834866, 7.131004, 7.437468, 7.638696, 8.180597, 8.672374, 8.678077, 9.665004, 10.153721, 10.649943, 11.143613, 11.523257, 12.116334, 12.538936, 13.070778, 13.468079, 13.679064, 13.892324, 14.443365, 14.897094, 15.462432, 16.457381, 16.848556, 17.020940, 17.590497, 18.370371, 18.553148, 18.909067, 18.958943, 19.224794, 19.892410, 20.519749, 20.753973, 20.871336, 21.249754, 21.546490, 21.992036
1.000000, 1.999339, 2.999108; 3.071377, 3.741477, 4.292696, 4.954276, 5.249365, 5.908561, 6.373258, 9.031748, 9.803771, 10.580212, 11.017754, 11.311987, 12.068525, 12.464579, 12.850114, 14.858488, 15.654604, 16.355201, 17.147296, 17.943644, 18.436515, 19.111055, 20.969469, 21.794872, 22.622350, 23.168450, 23.722100, 24.540495, 25.357381, 27.349225, 28.186207, 28.786138, 29.366638, 30.207528, 31.015089, 31.795332, 32.361434, 34.257851, 35.071277, 35.866365, 36.718928, 37.224619, 38.075736, 38.683918, 40.464123, 41.105200, 41.965376
1.000000, 2.000000; 2.948826, 3.969150, 4.788615, 5.801532, 6.797691, 7.808931, 8.651531, 9.422749, 10.436311, 11.447019, 12.437094, 13.285403, 14.313032, 15.311381, 16.332452, 17.350000, 18.365301, 19.212077, 20.226099, 21.224017, 22.246358, 23.261775, 24.143012, 25.168442, 26.191260, 27.211822, 28.215103, 29.232924, 30.000405, 31.021935, 32.041654, 33.059768, 34.061137, 34.905898, 35.928872, 36.658353, 37.676565, 38.686225, 39.702392, 40.556392, 41.576813, 42.595946, 43.606599, 44.623832, 45.484970, 46.505860, 47.512196, 48.513076
1.000000, 1.999451, 1.192462, 1.363995; 1.748395, 1.846983, 1.920377, 2.024159, 2.369998, 2.431311, 2.513295, 2.639402, 2.962827, 3.086473, 3.193827, 3.575220, 3.828743, 3.954240, 4.059553, 4.363658, 4.469923, 5.357725, 5.519668, 5.661482, 5.826693, 6.045037, 6.237580, 7.315791, 7.529416, 8.003948, 8.183998, 8.337316, 8.485577, 8.905497, 9.138021, 9.361136, 9.511162, 9.945068, 10.105968, 10.334210, 10.878367, 11.008862, 11.231581, 11.386384, 10.709773, 10.810780, 11.249209, 11.530411, 11.656675, 11.819129
1.000000, 1.945946; 2.829901, 3.104904, 3.455832, 3.705205, 3.962170, 4.198930, 6.820614, 7.199651, 7.548204, 8.035954, 8.386477, 10.798268, 11.300684, 11.584879, 11.944312, 12.386723, 12.817659, 15.757209, 16.207413, 16.636097, 17.162094, 17.705131, 20.273844, 20.736819, 21.223442, 21.693464, 22.145974, 22.587845, 25.187012, 25.715622, 26.204766, 26.703788, 27.311694, 18.910985, 19.042623, 19.314637, 19.581274, 19.737142, 19.994657, 21.661609, 21.961702, 22.255725, 22.384309, 22.509657, 25.248781, 25.393403, 25.494708, 25.607817
1.000000, 1.907011; 2.991450, 3.760624, 4.852737, 5.751157, 6.769964, 7.702499, 8.296139, 9.291607, 10.304003, 11.233220, 12.135308, 13.058371, 14.089126, 15.098643, 15.947584, 16.867807, 17.765802, 18.811460, 19.834220, 20.757842, 21.687795, 22.671514, 23.632635, 24.556079, 25.455337, 26.404477, 27.358823, 28.334871, 29.333787, 30.286158, 31.271476, 32.230570, 33.200695, 34.198949, 35.159676, 36.149662, 37.043550, 38.035360, 38.803822, 39.775182, 40.727915, 41.699315, 42.515030, 43.395322, 44.297243, 45.268704, 46.214801, 47.086146
1.000000; 1.907397, 2.891701, 3.849975, 4.761133, 5.779889, 6.349714, 7.326050, 8.144524, 9.000183, 9.705156, 10.465197, 11.503622, 12.099537, 13.010343, 13.703503, 14.693108, 15.580810, 16.367450, 17.382025, 18.166126, 19.178000, 20.114859, 20.621576, 21.169587, 21.817630, 22.772770, 23.844099, 24.357959, 25.425852, 26.228256, 26.686815, 27.406213, 28.483213, 29.589601, 30.109861, 31.027513, 31.548303, 32.634726, 33.654310, 34.310123, 35.109302, 35.642482, 36.546951, 37.644225, 38.133827, 39.233843, 39.792331, 40.781624, 41.756076
1.000000, 1.993612; 2.907802, 3.526696, 3.989400, 4.559596, 5.208243, 5.764996, 7.823648, 8.357897, 8.838443, 9.270912, 9.672555, 11.756984, 12.257077, 12.722386, 13.162638, 13.634552, 13.920830, 16.434832, 16.943183, 17.528383, 18.184947, 18.675973, 20.552430, 21.289639, 22.006635, 22.376488, 22.937377, 23.422913, 25.328538, 25.857314, 26.425540, 27.108173, 27.607166, 29.227562, 29.928295, 30.476813, 30.848175, 31.519191, 31.956936, 33.536658, 34.013877, 34.358872, 34.813080, 35.252856, 36.826055, 37.335347, 37.772900, 38.093696
1.000000, 1.907397, 2.664066; 3.645115, 4.440740, 5.201520, 6.121846, 7.020928, 7.743836, 8.572579, 9.298382, 10.549088, 11.209328, 12.037217, 12.741258, 13.647804, 14.512957, 15.218885, 15.953553, 17.218340, 17.927214, 18.670354, 19.507182, 20.308778, 21.162988, 21.843347, 22.860256, 23.598538, 24.316849, 25.036818, 25.862797, 26.524555, 27.355347, 28.249516, 29.530141, 30.240440, 31.099173, 31.822363, 32.545605, 33.262825, 34.094184, 34.743193, 36.031595, 36.746574, 37.501885, 38.221235, 39.063010, 39.818630, 40.542763, 41.878225
1.000000, 1.880968, 2.635123; 3.165727, 3.978316, 4.750431, 5.553881, 6.342030, 6.738963, 7.260196, 7.720098, 8.441504, 8.959338, 11.124222, 11.803008, 12.690319, 13.235206, 14.097349, 14.782793, 15.015617, 15.434222, 16.148320, 16.573793, 16.950321, 17.743543, 18.145926, 19.900548, 20.479884, 21.261334, 21.808348, 22.553982, 22.948184, 22.674087, 23.146642, 23.853282, 24.200956, 26.641118, 27.211037, 28.008982, 28.427162, 28.990730, 29.232424, 31.702731, 31.655052, 32.414620, 32.767132, 33.206612, 33.863721, 34.172768, 36.524279
1.000000, 1.870903, 2.933315, 3.924295, 4.841556, 5.824165; 6.831271, 7.762026, 8.720244, 9.652844, 10.563920, 11.423937, 12.340252, 13.234721, 13.759226, 14.599576, 15.799581, 16.667974, 17.803458, 18.307687, 18.931543, 20.008925, 20.888862, 21.773850, 22.862280, 23.681170, 24.441116, 25.514512, 26.396921, 27.130211, 27.990024, 29.033737, 29.895541, 30.740283, 31.849946, 32.715882, 33.565581, 34.610467, 35.502750, 36.419578, 37.293651, 38.346463, 39.114985, 39.954988, 41.091569, 41.963668, 42.700025, 43.845477, 44.737734, 45.445831
1.000000, 1.878988, 2.927747, 3.740851, 4.638880; 5.621220, 6.315838, 7.121784, 8.030902, 8.663887, 9.774552, 10.545312, 11.560328, 12.679417, 13.351385, 14.492974, 15.227219, 16.257689, 16.875018, 18.057092, 18.716987, 19.786655, 20.489922, 21.686334, 22.715885, 23.395594, 24.554760, 25.225557, 26.347197, 26.923200, 28.003080, 28.641295, 29.754580, 30.462889, 31.616194, 32.261100, 33.458973, 34.516411, 35.203698, 36.299663, 37.040711, 38.194296, 38.786182, 39.958453, 40.579407, 41.655527, 42.439615, 43.500927, 44.525164, 45.273029
1.000000, 1.973987, 2.973032, 3.845174; 4.807554, 5.752356, 6.705889, 7.712732, 8.590447, 9.488140, 10.320834, 11.453323, 12.501575, 13.439190, 14.485356, 15.327343, 16.202269, 17.275643, 18.072462, 19.163651, 20.044528, 20.961802, 22.061476, 22.965137, 24.046142, 25.098812, 26.038188, 27.090938, 28.046666, 28.994452, 29.921198, 30.999836, 32.026550, 32.879379, 33.651082, 34.558615, 35.671094, 36.742770, 37.650033, 38.720418, 39.645424, 40.562617, 41.634009, 42.450341, 43.541074, 44.454671, 45.301200, 46.371165, 47.256504, 48.347930
1.000000, 2.000000, 2.891701, 3.885216, 1.835485; 2.053709, 2.346098, 2.478186, 2.788520, 3.109026, 3.254560, 3.373818, 3.523409, 3.890027, 4.255136, 4.632348, 4.953734, 5.180625, 5.595496, 5.785187, 6.215552, 6.412458, 6.854795, 7.310345, 7.772664, 8.150086, 8.391316, 8.889206, 9.120944, 9.354569, 9.590102, 9.943708, 10.467793, 10.996381, 11.366158, 11.625980, 12.001997, 12.258401, 12.816054, 13.390373, 13.787274, 14.091597, 14.724871, 15.322106, 15.750971, 16.359430, 16.974014, 17.590875, 17.832520, 18.407182
1.000000, 2.000000; 2.286158, 2.707457, 3.003842, 3.089118, 3.206798, 3.482125, 6.062108, 6.512990, 6.722637, 6.747548, 6.675549, 8.933652, 9.445763, 9.485084, 9.968398, 10.445878, 10.909949, 13.420594, 13.973913, 14.514964, 14.676912, 14.975554, 17.575662, 17.739021, 17.893658, 18.241629, 18.571797, 19.111444, 21.700852, 22.097049, 22.463231, 22.471312, 22.998171, 17.177726, 17.478397, 18.100004, 18.389614, 18.638858, 19.044750, 20.445655, 21.103737, 21.373324, 21.805809, 22.443084, 23.826109, 24.265231, 24.525172, 24.949738
1.000000, 1.702865, 2.679753, 3.295940, 3.907245; 4.818510, 5.590583, 6.511536, 7.473751, 8.439331, 9.014209, 9.953885, 10.913468, 11.579177, 12.159186, 12.817898, 13.743538, 14.655540, 15.569886, 16.332879, 16.901067, 17.847250, 18.425877, 19.327673, 2.080899, 2.103702, 2.124858, 2.191399, 2.212824, 2.236579, 2.281618, 2.303974, 2.329126, 2.415456, 2.524833, 2.613864, 2.649271, 3.152835, 3.236144, 3.274487, 3.326315, 3.353693, 3.449519, 3.515554, 3.550188, 3.648317, 3.762786, 3.868228, 3.897224, 4.000308
1.000000; 1.866761, 2.945892, 3.973898, 4.803356, 5.614993, 6.335574, 7.684332, 8.420341, 9.160902, 9.870945, 11.222410, 11.923163, 12.581274, 13.719051, 14.410011, 15.017560, 16.585552, 17.288203, 17.919455, 19.402046, 20.057506, 20.513885, 21.967459, 22.691278, 23.274723, 24.737230, 25.424772, 26.086071, 27.550217, 28.120249, 28.800900, 29.439210, 31.009053, 31.755043, 32.418724, 33.921348, 34.608911, 35.277710, 36.521042, 37.212146, 37.865611, 39.104125, 39.782254, 40.452838, 41.972759, 42.655204, 43.351959, 44.776751, 45.453665
1.000000; 1.738158, 2.382335, 2.882153, 3.954786, 4.609255, 5.127595, 6.318730, 6.795149, 7.370147, 8.664642, 9.136681, 9.606697, 10.121767, 11.290944, 11.843088, 12.391306, 13.705791, 14.481031, 15.073110, 16.259532, 16.941805, 17.674182, 18.033620, 18.585825, 18.978108, 20.356352, 20.989081, 21.610837, 22.774513, 23.482840, 24.057530, 25.585481, 26.079131, 26.710465, 27.294320, 28.790169, 29.437727, 29.886674, 31.151998, 31.672237, 32.335484, 33.605923, 34.274990, 34.791600, 36.237286, 36.766629, 37.389356, 38.887833, 39.551531
1.000000, 1.773019; 2.577330, 2.826001, 3.169997, 3.456421, 4.226028, 4.426083, 4.590766, 4.746676, 6.040184, 6.336511, 6.516911, 6.998083, 7.283845, 9.139985, 9.474836, 9.783512, 9.961225, 11.961180, 12.523628, 12.870195, 13.226749, 13.638884, 15.684047, 16.043230, 16.423863, 16.983049, 19.068037, 19.465058, 19.774638, 20.186212, 20.806888, 22.891038, 23.324624, 23.685879, 24.288621, 26.037110, 26.476062, 26.787871, 27.217906, 29.285327, 29.760862, 30.215527, 30.536670, 31.001155, 33.078791, 33.528417, 34.024379, 34.490433
1.000000; 1.822677, 2.936478, 3.775423, 4.749208, 5.668258, 6.695266, 7.658461, 8.627699, 9.465772, 10.525792, 11.573848, 12.338571, 13.330072, 14.387644, 15.442938, 16.261546, 17.139137, 17.959521, 18.992535, 19.846845, 20.863926, 21.877644, 22.697390, 23.727403, 24.753846, 25.777035, 26.627366, 27.660102, 28.689478, 29.514668, 30.277405, 31.107102, 32.123209, 32.967819, 33.856697, 34.870561, 35.883427, 36.719450, 37.732822, 38.747936, 39.762091, 40.331346, 41.158085, 42.167306, 43.061095, 44.075345, 45.088858, 45.902385, 46.773947
1.000000, 1.928673, 2.997502, 3.437911; 4.142173, 5.018516, 5.909999, 6.661721, 7.727086, 8.774615, 9.554797, 10.486542, 7.770814, 8.028759, 8.533024, 10.495162, 10.744528, 10.918280, 11.363881, 11.553092, 12.092539, 13.985339, 14.198019, 14.288627, 15.814686, 16.125739, 16.364580, 17.350551, 17.640442, 18.071228, 20.084506, 20.297186, 20.870676, 21.485190, 21.732362, 23.330796, 23.578129, 24.200036, 26.102158, 26.655558, 27.032515, 27.704799, 28.345637, 28.682148, 30.704390, 30.941699, 31.595688, 33.294481, 33.831232, 34.489205
1.000000, 1.353641, 2.114823, 2.152176, 3.038817, 3.179944, 4.264249, 5.007893, 5.039199, 6.164258, 6.608176, 7.645425, 7.919091, 8.995699, 9.160361, 10.318139, 10.594898, 11.576596, 11.814305, 12.290486, 13.197692, 13.521801, 14.824761, 15.755143, 16.801325, 16.819037, 18.000082, 18.210118, 17.914155, 19.009002, 19.557205, 20.784318, 20.968754, 22.078736, 22.293695, 23.461030, 24.249523, 24.729597, 25.962496, 25.906680, 26.923206, 26.939194, 28.212733; 28.522706, 29.710248, 30.914605, 31.266923, 32.484527, 32.844053, 34.010429
1.000000, 1.998579, 2.485506, 3.597313; 4.458178, 4.989419, 6.362361, 7.143601, 8.281649, 8.976968, 10.102191, 10.817629, 11.820185, 12.690029, 13.560362, 14.350106, 15.419181, 16.491811, 17.280514, 18.341196, 19.255681, 20.314216, 21.078670, 21.965331, 23.057538, 5.674101, 5.939345, 6.843499, 7.096145, 7.303329, 7.553914, 7.802833, 8.059560, 8.164186, 8.484105, 8.729157, 9.006271, 9.244823, 9.504751, 9.807895, 10.147304, 10.555890, 10.890318, 11.194535, 11.623511, 12.049445, 12.529924, 12.939610, 13.250162, 13.482242
1.000000, 2.000000, 2.994330, 3.991753, 4.943684, 5.934532; 6.905513, 7.876521, 8.867973, 9.861473, 10.871943, 11.879387, 12.875252, 13.869973, 14.840843, 15.843710, 16.845837, 17.842911, 18.843796, 19.813311, 20.769701, 21.768763, 22.754518, 23.740553, 24.717104, 25.714758, 26.705277, 27.707601, 28.680842, 29.681728, 30.682114, 31.680029, 32.669208, 33.668988, 34.637376, 35.593289, 36.571044, 37.575535, 38.554315, 39.558752, 40.562508, 41.565727, 42.567891, 43.569999, 44.567357, 45.524037, 46.515922, 47.511788, 48.471481, 49.474367
1.000000, 1.999666, 2.705301, 3.291597, 4.509356, 5.595952; 6.626587, 7.446814, 8.583443, 9.223987, 10.397884, 10.952861, 12.158425, 13.305455, 14.310901, 14.902163, 16.087362, 16.680735, 17.661494, 18.337704, 19.296871, 20.451742, 21.065299, 22.131639, 23.108393, 23.722614, 24.652968, 25.681221, 26.486151, 27.590874, 28.222201, 29.387041, 30.028550, 31.089728, 32.242427, 33.282039, 33.909292, 35.062675, 35.754791, 36.634842, 37.791930, 38.604011, 39.516307, 40.134325, 41.322127, 42.481176, 43.024874, 42.075714, 42.979939, 43.506631
1.000000; 1.689655, 2.086368, 2.659545, 3.677986, 4.273617, 4.894667, 5.574492, 6.286770, 6.884523, 7.899491, 8.714975, 9.467703, 10.111780, 10.837971, 11.661640, 12.462804, 12.999008, 14.033796, 14.853927, 15.562494, 16.302377, 17.203269, 18.073792, 18.787576, 19.822503, 20.656207, 21.705234, 22.581395, 23.451416, 24.187468, 25.038621, 26.040255, 26.968302, 27.830411, 28.717763, 29.650897, 30.495817, 31.377097, 32.253210, 33.088917, 33.930193, 34.909160, 35.738471, 36.580471, 37.564123, 38.397966, 39.229972, 40.036536, 40.887934
1.000000; 1.999950, 2.992211, 3.898876, 4.877189, 5.920964, 6.825387, 7.795985, 8.774732, 9.802836, 10.789309, 11.782570, 12.747366, 13.738670, 14.728812, 15.435613, 16.476977, 17.462530, 18.445901, 19.347750, 20.238056, 21.214609, 22.191350, 23.166218, 24.060168, 25.031338, 25.920781, 26.997222, 27.968597, 28.941901, 29.915589, 30.884694, 31.855707, 32.741722, 33.780897, 34.748974, 35.718003, 36.687616, 37.687270, 38.555866, 39.522261, 40.491059, 41.568418, 42.448698, 43.416775, 44.484617, 45.453759, 46.423387, 47.394346, 48.430530
1.000000, 1.810493; 2.870295, 3.856923, 4.533513, 5.449011, 6.377476, 7.347784, 8.530542, 9.455558, 10.375159, 11.335147, 12.271837, 13.087876, 14.204629, 14.933148, 15.833602, 16.708213, 17.569993, 18.509521, 19.667462, 20.528465, 21.505263, 22.504732, 23.182852, 24.332897, 25.231307, 26.039424, 26.897230, 27.680410, 28.395630, 29.551333, 30.536713, 31.375846, 32.306586, 33.123113, 34.067398, 35.208710, 36.106709, 36.990344, 37.889860, 38.766287, 39.563650, 40.526083, 41.229895, 42.180757, 43.168179, 44.048177, 45.208936, 46.166822
1.000000, 1.702865, 2.679753, 3.671229, 4.666794, 5.359506, 6.075225; 6.804602, 7.773713, 8.515111, 9.427425, 10.405278, 11.129208, 12.077619, 12.818136, 13.569808, 14.521281, 15.271918, 16.030823, 16.974396, 17.730819, 18.384623, 19.154647, 19.926434, 20.710970, 21.627734, 22.604960, 23.389029, 24.027255, 25.025160, 26.000050, 26.900512, 27.688283, 28.480197, 29.377499, 30.166388, 31.073162, 31.859656, 32.649770, 23.098420, 23.303201, 23.504145, 24.114631, 24.517653, 25.149910, 25.546165, 25.732978, 25.917247, 26.099484, 26.279480
1.000000, 2.000000; 2.782439, 3.518655, 4.282230, 5.174846, 6.361421, 7.112239, 7.870263, 8.512976, 9.597451, 10.391141, 11.087745, 11.869618, 12.455357, 13.927527, 14.610569, 15.298557, 16.006562, 17.170838, 17.876849, 18.612912, 19.303943, 20.118185, 21.187782, 21.928391, 22.666892, 23.378607, 24.475837, 25.309167, 26.065907, 26.809010, 27.513871, 28.753108, 29.424546, 30.100380, 30.827032, 31.881479, 32.611630, 33.146869, 33.903364, 35.224251, 36.073235, 36.933277, 37.588691, 38.123270, 39.412812, 40.265841, 41.009214, 41.609632
1.000000; 1.994706, 2.915249, 3.698134, 4.977927, 5.761161, 6.295766, 7.098765, 8.027848, 8.981724, 9.744331, 10.792699, 11.570172, 12.489866, 13.529068, 14.438085, 15.120640, 15.943073, 16.894900, 17.833804, 18.840561, 19.602596, 20.436122, 21.476250, 22.332914, 23.020339, 23.895926, 24.814673, 25.594843, 26.288710, 27.159269, 27.934830, 28.815022, 29.620112, 30.506629, 31.364235, 32.422294, 33.219490, 34.061085, 34.906560, 35.761859, 36.416821, 37.636663, 38.396129, 39.256657, 40.242204, 40.973397, 41.845050, 43.022770, 43.705373
1.000000, 1.921014, 2.714891, 3.484046, 4.471145, 5.268047, 6.239126; 7.480635, 8.348716, 9.240879, 9.924955, 10.888709, 11.754343, 12.702062, 13.570185, 14.520005, 15.393227, 16.305071, 16.267657, 17.437110, 18.433987, 19.343553, 20.184132, 21.155012, 22.154214, 23.111934, 23.760393, 24.629909, 25.609247, 26.563406, 27.432157, 28.325542, 29.036481, 29.984124, 31.076713, 32.018038, 32.661181, 33.579540, 34.501574, 35.507714, 36.416848, 37.399502, 38.355345, 38.241241, 39.195112, 40.119805, 41.385647, 42.290716, 43.130396, 43.826508
1.000000; 1.807959, 2.882760, 3.868288, 4.768697, 5.858540, 6.778755, 7.747163, 8.624228, 9.657121, 10.539291, 11.510763, 12.543242, 13.538063, 14.451752, 15.487348, 16.425490, 17.358214, 18.397374, 19.313554, 20.228402, 21.271753, 22.301930, 23.215509, 24.252868, 25.269858, 26.214366, 27.199337, 28.079719, 29.030807, 30.054612, 31.065095, 32.059810, 33.046012, 33.930278, 34.829510, 35.829466, 36.737426, 37.717541, 38.723867, 39.719054, 40.626618, 41.592747, 42.582663, 43.426612, 44.394703, 45.281496, 46.204736, 47.196031, 48.108488
1.000000; 1.915119, 2.893152, 3.637978, 4.649032, 5.495986, 6.438836, 7.460090, 8.445739, 9.415267, 10.423259, 11.387993, 12.396869, 13.255268, 14.047116, 14.988737, 16.018584, 16.864437, 17.832630, 18.776472, 19.795461, 20.762656, 21.712803, 22.791985, 23.620243, 24.578628, 25.521421, 26.582389, 27.413062, 28.231648, 28.994708, 30.044119, 31.019033, 31.989837, 32.947241, 33.943243, 34.784085, 35.756391, 36.779224, 37.569609, 38.561214, 39.544560, 40.567905, 41.562458, 42.407451, 43.400712, 44.401675, 45.190659, 46.003185, 46.957312
1.000000, 1.995998; 2.978288, 3.226523, 4.163448, 5.146574, 6.141419, 6.778792, 7.576620, 8.398043, 9.397356, 10.225826, 11.092721, 11.990603, 12.980587, 13.808533, 14.639466, 15.519677, 16.368007, 17.341831, 18.086437, 18.915756, 19.760840, 20.658072, 21.113230, 21.991671, 22.665884, 23.325989, 24.145808, 24.974279, 26.402150, 27.260463, 27.943987, 28.614224, 29.476845, 30.849981, 31.592112, 32.348803, 33.044490, 33.736566, 34.439120, 35.828244, 36.410551, 37.142421, 37.905095, 38.603574, 39.992718, 40.655303, 41.382732, 42.275225
1.000000; 1.715740, 2.833002, 3.861104, 4.871774, 5.752140, 6.779135, 7.789425, 8.808464, 9.610868, 10.630247, 11.628355, 12.314227, 13.228318, 14.138495, 15.060036, 16.028368, 16.927728, 17.743241, 18.553860, 19.704723, 20.599197, 21.484570, 22.557756, 23.449638, 24.337848, 25.220480, 26.495027, 27.281512, 28.155327, 29.040608, 30.083726, 30.967807, 31.848063, 33.044520, 33.835599, 34.703860, 35.567577, 35.961084, 36.722813, 37.458818, 38.263951, 39.569360, 40.295036, 40.944800, 42.332113, 43.079093, 43.767564, 44.547091, 45.860401
1.000000, 2.000000, 2.931268, 3.644126; 4.891885, 5.712384, 6.172046, 6.870516, 7.363999, 9.278629, 9.987084, 11.298466, 12.065570, 12.910648, 13.561649, 14.817596, 15.551579, 16.383516, 17.085992, 17.597338, 19.082020, 20.639995, 20.427546, 21.066259, 21.650511, 22.199266, 22.848168, 23.825140, 25.268867, 26.490498, 27.235072, 27.973898, 28.891497, 29.408033, 30.767400, 31.548032, 32.821051, 33.505205, 34.463902, 35.326322, 23.596954, 24.056477, 25.652746, 25.942300, 26.432912, 27.239590, 28.045558, 29.503469, 30.123293, 30.609953
1.000000, 1.909747, 2.887852; 3.858102, 4.612449, 5.308992, 6.135349, 6.792486, 7.441601, 8.088404, 8.843859, 9.624512, 10.408134, 11.005788, 11.603707, 12.203103, 13.005264, 13.610385, 15.488885, 16.123324, 16.757725, 17.392757, 18.034614, 18.672141, 19.311624, 20.695209, 21.313394, 21.937228, 22.555499, 23.358761, 24.165483, 24.787559, 24.513879, 25.006633, 25.673714, 26.142754, 26.816462, 27.280308, 27.941155, 28.400501, 27.063807, 27.446580, 27.819501, 28.187530, 28.553710, 28.930204, 29.509490, 32.234260, 32.625940, 33.015993
1.000000, 2.000000, 2.989427; 3.926570, 4.895619, 5.739983, 6.830333, 7.864647, 8.831511, 9.730390, 10.746813, 11.627309, 12.735472, 13.477974, 14.455083, 15.383656, 16.400916, 17.352043, 18.120940, 19.069287, 19.936030, 20.960013, 21.924301, 22.862140, 23.839164, 24.712210, 25.792428, 26.554765, 27.470507, 28.470856, 29.567574, 30.474792, 31.417005, 32.444584, 33.393069, 34.481309, 35.424352, 35.576234, 36.636498, 37.666446, 38.595316, 39.409403, 40.363238, 41.246005, 42.397708, 43.293485, 44.190401, 45.336717, 46.223541, 47.291891
1.000000, 2.000000, 2.480687, 3.360238, 4.111274, 4.998152, 5.995485, 6.940031, 7.851233, 8.773201; 5.830628, 6.300341, 6.514589, 6.659437, 7.328314, 7.998061, 8.252926, 8.925711, 9.600816, 9.862874, 10.046652, 10.524364, 10.960727, 11.236830, 11.711367, 11.994115, 12.326027, 12.661444, 12.954301, 13.296430, 13.596303, 14.313363, 19.056196, 19.428737, 19.802303, 20.176756, 20.767116, 21.144616, 21.523376, 21.903767, 22.285865, 22.723547, 22.978664, 23.366268, 23.755784, 24.541348, 24.934347, 25.383193, 25.780976, 26.575525
1.000000, 1.900122, 2.986123; 3.894586, 4.831066, 5.902903, 6.812837, 7.754082, 8.777193, 9.762218, 10.765477, 11.668845, 12.724019, 13.591800, 14.665739, 15.584411, 16.563335, 17.559871, 18.439644, 19.424542, 20.365712, 21.412855, 22.346814, 23.400320, 24.414025, 25.349674, 26.315071, 27.186339, 28.220123, 29.179805, 30.133545, 31.122954, 32.006324, 32.953735, 33.942527, 34.924523, 35.898350, 36.838278, 37.882877, 38.861797, 39.852643, 40.786228, 41.754519, 42.776150, 42.441128, 43.437369, 44.294942, 45.219219, 46.137843, 46.954402
1.000000; 1.986965, 2.656641, 3.981623, 4.784695, 5.976573, 6.861192, 7.953910, 8.743078, 9.822219, 10.611797, 11.377405, 12.588379, 13.266878, 14.517394, 15.207058, 16.425135, 17.227382, 18.375921, 19.179850, 20.392848, 21.213929, 21.912080, 23.166603, 23.971232, 25.188162, 26.009470, 27.146843, 27.962534, 29.118431, 29.933617, 30.964009, 31.780826, 32.573782, 33.805382, 34.522729, 35.746170, 36.557454, 37.754196, 38.487036, 39.695140, 40.463175, 41.664819, 42.420787, 43.226727, 44.445530, 45.187027, 46.348383, 47.085534, 46.265582
1.000000, 1.955117; 2.924602, 3.751583, 4.667710, 5.627580, 6.573609, 7.551412, 8.405988, 9.065826, 9.959998, 10.969061, 11.978206, 12.946540, 13.869199, 14.877741, 15.815007, 16.737107, 17.748110, 18.733316, 19.628307, 20.585547, 21.624798, 22.616034, 23.538953, 24.514888, 25.467119, 26.258019, 27.207132, 28.100897, 29.190858, 30.110315, 31.010053, 31.956991, 33.065092, 34.012458, 34.918606, 35.354659, 36.409552, 37.377468, 38.350055, 39.217824, 40.269247, 41.054364, 41.941136, 42.840735, 43.908931, 44.818004, 45.789351, 46.673655
1.000000, 2.000000, 2.991792, 3.987225, 4.824808; 5.786576, 6.740811, 7.691219, 8.611393, 8.987493, 9.870456, 10.759604, 11.552497, 12.454502, 13.360918, 14.273498, 15.439167, 16.381358, 17.332580, 18.246760, 19.122776, 20.042503, 20.998754, 21.920961, 22.724008, 23.683392, 23.991161, 25.055585, 25.280378, 25.886099, 26.807580, 27.682977, 28.607306, 29.486316, 30.413531, 31.296148, 31.905148, 32.777696, 33.606924, 34.478535, 35.368021, 36.243203, 37.119050, 37.997858, 38.924846, 39.806844, 40.690563, 41.575981, 42.463071, 43.565818
1.000000, 1.996889, 2.990260; 3.894360, 3.626688, 3.897779, 5.076316, 5.535858, 6.152168, 7.339563, 8.082328, 8.743570, 10.011867, 10.634328, 11.822041, 12.541493, 13.065380, 14.232120, 14.831630, 15.577337, 16.712499, 17.481525, 18.057501, 19.233960, 20.275042, 21.020689, 21.806406, 22.650062, 23.806317, 24.524095, 25.655617, 26.456425, 27.361342, 28.498252, 29.252762, 30.071498, 31.185412, 31.993944, 33.101785, 34.017375, 34.876964, 35.950379, 36.704775, 37.554308, 38.552924, 39.403831, 40.339496, 41.334997, 42.394560, 43.369207
1.000000, 1.702865; 2.542413, 3.443218, 4.362187, 5.160492, 6.104842, 7.055862, 7.875921, 8.882857, 9.883723, 10.892725, 11.658096, 12.553498, 13.579007, 14.338582, 15.329986, 16.080872, 17.066097, 18.004055, 18.995979, 19.739141, 20.719906, 21.708500, 22.655018, 23.642580, 24.585145, 25.323053, 26.066911, 27.042953, 27.986789, 28.968707, 29.953312, 30.692298, 31.432600, 32.246744, 33.204432, 33.909137, 34.611153, 35.328569, 36.025578, 37.047453, 38.001759, 38.719964, 39.373778, 40.091381, 40.317413, 40.954146, 41.580279, 42.200132
1.000000, 2.000000; 2.685000, 3.095757, 3.404496, 3.660870, 3.897395, 4.244726, 7.046547, 7.474510, 7.852032, 8.206332, 8.543453, 11.105663, 11.575793, 11.999745, 12.343686, 12.899163, 13.303494, 15.682208, 16.183627, 16.659150, 17.245126, 17.843905, 19.785945, 20.284006, 20.805676, 21.317011, 21.941904, 22.551763, 24.774856, 25.330432, 25.904321, 26.434720, 26.946335, 27.618223, 28.072980, 28.520533, 28.946897, 29.381896, 29.827396, 32.157723, 32.614983, 33.200887, 33.649725, 34.106939, 33.972731, 34.368790, 34.892518, 35.282747
1.000000, 1.986207, 2.975272, 3.750681, 4.924068, 5.732703, 6.468138, 7.111462, 7.772335, 8.393811; 9.852683, 10.471092, 11.136871, 12.328853, 12.994726, 13.746386, 14.385615, 16.223174, 16.922636, 17.600500, 18.133491, 19.098131, 19.666965, 20.405868, 21.063457, 22.663111, 23.344508, 24.009864, 25.263957, 25.947301, 26.697508, 27.306760, 27.874677, 28.392033, 29.033685, 29.627185, 29.444710, 29.989418, 30.414159, 30.917413, 31.439220, 31.833938, 33.402973, 35.763840, 36.291556, 36.833150, 37.242561, 38.430634, 38.895467, 39.331037
1.000000; 1.948770, 2.647985, 3.489860, 4.536728, 5.333679, 6.251880, 7.246497, 7.870577, 8.815570, 9.669088, 10.566058, 11.518841, 12.471900, 13.394162, 14.309517, 15.248968, 16.148628, 17.062863, 17.898868, 18.797790, 19.527826, 20.353226, 21.288118, 22.253178, 22.915413, 23.778221, 24.746148, 25.756019, 26.564150, 27.638328, 28.603653, 29.402989, 30.269534, 31.132187, 31.877362, 32.698343, 33.654732, 34.633770, 35.454947, 36.409685, 37.389923, 38.219271, 39.231918, 40.158828, 40.953012, 41.753693, 42.688648, 43.455197, 44.532017
1.000000, 1.638368, 2.787138, 3.608892, 4.624875, 5.715965, 6.638058, 7.649178, 8.488080, 9.257601, 10.452344, 11.440592, 12.318055; 13.078876, 14.143560, 14.890172, 15.751355, 16.845300, 18.092295, 19.212439, 20.274610, 21.172088, 21.978743, 22.905408, 24.018137, 24.853908, 25.918008, 26.706741, 27.678724, 28.479611, 29.602081, 30.351392, 31.111420, 31.922496, 32.678935, 33.544759, 34.520967, 35.670676, 36.698811, 37.744097, 38.533142, 39.350537, 40.414338, 41.171204, 42.065579, 42.946116, 44.056606, 45.019436, 46.061466, 46.977798
1.000000, 2.000000, 2.974865, 3.910326, 4.658042; 5.693987, 6.587637, 7.776082, 8.633857, 9.678734, 10.617693, 11.444872, 12.603487, 13.456500, 14.380955, 15.242682, 16.047993, 16.852237, 17.727622, 17.394613, 18.134835, 19.316004, 18.855415, 19.557989, 20.274949, 20.883577, 21.568253, 22.606084, 23.802627, 24.522921, 25.594871, 26.345429, 27.496878, 28.228639, 29.417372, 30.135824, 30.829168, 31.835364, 32.509907, 33.153496, 34.205403, 34.796452, 36.168893, 36.886620, 38.120021, 38.766606, 39.568159, 40.709880, 41.425931, 41.965660
1.000000, 1.721045, 2.682110, 3.485367, 4.323070, 5.163663, 6.148918, 7.130370, 8.003411, 8.864408, 9.844229, 10.683560, 11.630460, 12.540392, 13.522720, 14.453842, 15.196836; 16.154288, 17.099794, 18.054049, 18.994984, 19.933828, 20.865718, 21.827643, 22.759610, 23.723285, 24.655348, 25.620405, 26.590266, 27.580590, 28.513492, 29.477431, 30.420422, 31.355802, 32.318730, 33.331916, 34.265366, 34.997046, 35.959155, 36.904798, 37.867982, 38.841056, 39.780332, 40.720983, 41.672707, 42.633639, 43.574887, 44.517407, 45.477271, 46.419204
1.000000, 2.000000, 2.919192, 3.796931; 4.821953, 5.656757, 6.508733, 7.318947, 7.558645, 8.114803, 8.660198, 9.345562, 9.899101, 10.344005, 11.978689, 12.634659, 13.384441, 14.035886, 15.353248, 15.871668, 16.360682, 16.855885, 17.442866, 17.973960, 18.727307, 20.387687, 20.885208, 21.698514, 22.244645, 22.889621, 23.453256, 25.146461, 25.742015, 26.446527, 26.699004, 27.263944, 27.737265, 29.245742, 29.761670, 30.306661, 30.949317, 32.149944, 32.659006, 34.052126, 34.745605, 35.355966, 35.815884, 36.268655, 37.638441, 38.286622
1.000000, 2.000000; 2.896558, 3.709154, 4.622847, 5.633847, 6.582946, 7.480754, 8.450017, 9.205245, 10.009878, 10.684968, 11.454079, 12.149519, 13.209373, 14.234173, 15.038925, 16.018300, 16.955715, 17.922226, 18.970870, 19.925968, 20.896704, 21.891378, 22.597557, 23.557800, 24.335502, 25.261370, 26.278976, 27.078863, 28.067129, 29.123955, 29.972435, 30.986714, 31.660903, 32.671577, 33.442490, 34.333387, 35.290012, 36.019563, 37.026184, 37.880289, 38.738207, 39.591516, 40.364684, 41.391493, 42.377470, 43.312625, 44.369593, 45.188561
1.000000, 1.753089, 2.595093; 3.730740, 4.615676, 5.375609, 6.095940, 6.980452, 7.586960, 8.330414, 9.150342, 10.042293, 10.727359, 11.602577, 12.513433, 13.205886, 13.979433, 14.745001, 15.434597, 16.225125, 17.300108, 17.934570, 18.689664, 19.407621, 20.289782, 20.888145, 21.554844, 22.496107, 23.449748, 24.057702, 24.715577, 25.442504, 26.120143, 26.827455, 27.572476, 18.398086, 18.656351, 19.091236, 19.441089, 19.757484, 20.336943, 20.897196, 21.194196, 21.713425, 23.923836, 24.560536, 25.136275, 25.726230, 26.239603, 26.699885
1.000000, 1.978824, 2.958524, 3.821630, 4.413697, 5.384508, 6.126084, 7.007457, 7.880303; 8.837346, 9.721692, 10.359391, 11.176611, 12.098714, 13.090044, 14.017445, 14.921393, 15.953167, 16.905414, 17.585971, 18.537880, 19.430318, 20.231452, 21.179987, 22.012494, 23.077078, 23.941356, 24.922867, 25.792867, 26.612372, 27.682709, 28.395793, 29.186871, 30.236241, 31.069004, 32.136347, 33.003415, 33.871597, 34.651938, 35.605175, 36.484101, 37.480545, 38.319922, 39.218563, 40.094041, 40.968748, 41.965311, 42.643571, 43.533932, 44.505764
