0.391630, 1.054896, 0.247645, 0.371706; 0.179254, 0.268519, 0.185539, 0.216911, 0.239903, 0.297789, 0.318628, 0.303908, 0.308786, 0.267286, 0.291512, 0.322571, 0.323582, 0.334160, 0.307163, 0.326898, 0.332031, 0.342048, 0.332843, 0.341505, 0.349881, 0.358967, 0.364168, 0.380228, 0.390143, 0.396396, 0.401411, 0.406571, 0.404804, 0.408847, 0.397913, 0.400528, 0.398459, 0.406671, 0.416418, 0.420667, 0.423285, 0.411279, 0.415127, 0.413234, 0.419840, 0.417778, 0.421441, 0.422038, 0.421126, 0.424713, 0.433582
0.197589, 1.135246; 0.211337, 0.124746, 0.060600, 0.200266, 0.151364, 0.112649, 0.149584, 0.124212, 0.097209, 0.157139, 0.142884, 0.126706, 0.113729, 0.123704, 0.111454, 0.110226, 0.134269, 0.114023, 0.103918, 0.125065, 0.125663, 0.116431, 0.129381, 0.123552, 0.107896, 0.128145, 0.112695, 0.105339, 0.153745, 0.143395, 0.141234, 0.149899, 0.139372, 0.129482, 0.127189, 0.131212, 0.125836, 0.117034, 0.121076, 0.113786, 0.109455, 0.119105, 0.114210, 0.106501, 0.109609, 0.106132, 0.102696, 0.110333, 0.106296
6.834587, 7.890830, 5.988461, 6.372907, 6.441443, 1.560813, 1.400088, 2.013646, 2.083795, 2.118606, 2.029319, 1.991974, 3.424361, 3.351123, 4.337709, 4.294436, 4.505141, 4.516763, 5.306604, 5.280587, 5.297157, 5.351491, 5.342443, 5.349165, 5.298212; 5.318007, 5.284866, 5.305500, 5.315500, 5.301263, 5.316193, 5.297560, 5.293130, 5.282712, 5.288459, 5.299592, 5.298266, 5.309606, 5.289991, 5.284088, 5.258482, 4.900965, 4.912939, 4.935087, 4.895594, 4.937601, 4.925354, 4.937599, 4.931643, 4.939844, 4.921255
0.233741, 0.129543, 0.013025; 0.281481, 0.253795, 0.208183, 0.180743, 0.386634, 0.357630, 0.339403, 0.311983, 0.404378, 0.386256, 0.366415, 0.362596, 0.342997, 0.337638, 0.321687, 0.316706, 0.357370, 0.350446, 0.340710, 0.331683, 0.383024, 0.378831, 0.375171, 0.371020, 0.401541, 0.400027, 0.396646, 0.396912, 0.429354, 0.422210, 0.419285, 0.410797, 0.431824, 0.424286, 0.419748, 0.413720, 0.403554, 0.398003, 0.394676, 0.392013, 0.383815, 0.377789, 0.371958, 0.369826, 0.381619, 0.379168, 0.377284, 0.373291
3.818408, 5.378307, 1.201348, 0.958382, 1.075431, 1.020924, 1.065518, 0.905818, 0.904897; 0.843385, 0.811558, 0.810071, 0.770444, 0.780634, 0.940156, 0.967216, 0.944065, 0.945354, 0.899121, 0.901026, 0.866240, 0.874248, 0.855718, 0.872945, 0.852050, 0.868072, 0.845318, 0.863551, 0.863331, 0.863322, 0.846474, 0.848690, 0.825954, 0.810690, 0.823215, 0.813088, 0.826916, 0.892825, 0.894059, 0.887288, 0.897943, 0.890201, 0.895380, 0.871360, 0.876198, 0.868686, 0.873601, 0.860449, 0.865024, 0.857525, 0.858070
1.015196, 1.556370; 0.388365, 0.474489, 0.539284, 0.468848, 0.509411, 0.530378, 0.458093, 0.518601, 0.541672, 0.550911, 0.467370, 0.497827, 0.499227, 0.473824, 0.475724, 0.483689, 0.461694, 0.480291, 0.505958, 0.485927, 0.500798, 0.517908, 0.501495, 0.508226, 0.511154, 0.502077, 0.502569, 0.508924, 0.504518, 0.517070, 0.521588, 0.527797, 0.518044, 0.522743, 0.532414, 0.524351, 0.529336, 0.533530, 0.510076, 0.512269, 0.517267, 0.506675, 0.508105, 0.511693, 0.501185, 0.505320, 0.503869, 0.499264, 0.507482
4.288378, 0.000000, 0.000000, 0.000000, 0.000000, 5.678806, 5.606517, 5.543700, 5.493444, 5.442747, 5.402607, 5.361833, 5.328450, 5.294271; 5.249530, 5.219558, 5.196206, 5.174235, 5.153516, 5.130549, 5.112202, 5.093871, 5.077349, 5.040869, 5.026620, 5.011373, 4.997586, 4.957822, 4.945415, 4.933683, 4.922378, 4.911428, 4.900872, 4.878609, 4.870203, 4.861004, 4.853054, 4.844375, 4.836863, 4.829524, 4.810994, 4.803461, 4.796121, 4.789692, 4.783402, 4.765252, 4.758896, 4.752638, 4.746541, 4.741210, 4.735657
5.992556, 23.025851, 23.025851, 23.025851, 23.025851, 23.025851; 5.018046, 5.158650, 5.272498, 5.367877, 5.461469, 5.537562, 5.567424, 5.635657, 5.698776, 5.493695, 5.550730, 5.473918, 5.508182, 5.556052, 5.569286, 5.611411, 5.585368, 5.629148, 5.652226, 5.660739, 5.695867, 5.731134, 5.786624, 5.816324, 5.844951, 5.875564, 5.902167, 5.929291, 5.926372, 5.952400, 5.977720, 6.003435, 6.011012, 5.936589, 5.957763, 5.965309, 5.985766, 5.994318, 6.014137, 6.033506, 6.054419, 6.061384, 5.960731, 5.978726, 5.905771
0.320006, 0.230240; 0.562455, 0.542189, 0.681288, 0.635678, 0.622420, 0.608021, 0.594000, 0.587973, 0.559787, 0.573177, 0.560486, 0.546728, 0.557859, 0.538767, 0.823539, 0.800783, 0.785556, 0.780093, 0.767452, 0.762804, 0.745738, 0.729853, 0.731302, 0.722417, 0.716938, 0.709023, 0.696210, 0.689765, 0.677717, 0.680074, 0.669079, 0.671402, 0.665520, 0.658591, 0.660958, 0.651729, 0.654894, 0.649995, 0.641541, 0.643968, 0.639634, 0.640164, 0.634480, 0.629886, 0.634337, 0.630553, 0.630370, 0.623615, 0.619250
0.402031, 0.611514, 0.194891, 0.236539, 0.153262, 0.174648; 0.128150, 0.142404, 0.111213, 0.135240, 0.161981, 0.121558, 0.134091, 0.106021, 0.119480, 0.133530, 0.116357, 0.127106, 0.132503, 0.143122, 0.122357, 0.131911, 0.127332, 0.137068, 0.142857, 0.119940, 0.127442, 0.114545, 0.123186, 0.125861, 0.132563, 0.119689, 0.127648, 0.132039, 0.126769, 0.131018, 0.124495, 0.130640, 0.134574, 0.120271, 0.122597, 0.116328, 0.120710, 0.116001, 0.122172, 0.112000, 0.117382, 0.122099, 0.115657, 0.121551, 0.112854
3.541026, 6.327125, 0.434585, 0.403492, 0.491535, 0.634575, 0.586851, 0.624294, 0.626378, 0.608255, 0.638601, 1.805516, 1.777432, 1.783720, 2.551110, 2.525877, 2.527042, 2.528164, 2.511536, 2.537350, 2.557180, 2.533880, 2.543239; 2.534503, 2.528152, 2.524496, 2.501500, 2.508209, 2.503128, 2.503527, 2.486714, 2.489748, 2.495294, 2.496842, 2.513594, 2.504594, 2.529359, 2.523635, 2.524720, 2.530303, 2.538857, 2.532735, 2.536161, 2.541198, 2.522806, 2.524313, 2.521644, 2.505412, 2.506916, 2.528628, 2.518248
6.482106, 4.314878, 3.877881, 3.958491, 4.883967, 6.729821, 6.786920, 6.894404, 6.797238, 6.851037, 6.937892, 7.032384, 7.017223, 7.042891, 7.045861, 7.068471, 7.094673, 7.061897, 7.087512; 7.118690, 7.095010, 7.078652, 7.122475, 7.106036, 7.087481, 7.113864, 7.128363, 7.147126, 7.119725, 7.106537, 7.094054, 7.095417, 7.131039, 7.133539, 7.118775, 7.069632, 7.050119, 7.065435, 7.077656, 7.083611, 7.073691, 7.082718, 7.071962, 7.080334, 7.054718, 7.067952, 7.068950, 7.091565, 7.106270, 7.098885, 7.105786
0.004717, 0.383627; 0.296313, 0.309689, 0.251167, 0.263138, 0.220114, 0.195012, 0.180822, 0.230345, 0.201253, 0.183620, 0.202244, 0.188420, 0.182285, 0.154601, 0.178678, 0.174228, 0.165030, 0.181128, 0.178085, 0.173188, 0.199408, 0.191782, 0.180621, 0.188170, 0.174712, 0.168665, 0.158668, 0.209661, 0.204721, 0.200563, 0.207694, 0.204039, 0.200080, 0.216385, 0.212425, 0.211064, 0.206941, 0.218160, 0.214144, 0.211008, 0.222089, 0.220766, 0.217369, 0.224095, 0.219532, 0.216140, 0.214680, 0.227447, 0.225266
0.390851, 0.130501; 0.762517, 0.753513, 0.718975, 0.637638, 0.603979, 0.586885, 0.586124, 0.580452, 0.569671, 0.560550, 0.562693, 0.584018, 0.585139, 0.575896, 0.568806, 0.564581, 0.558541, 0.558723, 0.551293, 0.549643, 0.547223, 0.543598, 0.541723, 0.540755, 0.539881, 0.538478, 0.541504, 0.535180, 0.532130, 0.527165, 0.532363, 0.534330, 0.535335, 0.532644, 0.527571, 0.525814, 0.505708, 0.515952, 0.509600, 0.506429, 0.499422, 0.500440, 0.499448, 0.498624, 1.024642, 1.013526, 1.004942, 0.996940, 0.995016
0.000000, 0.000000, 0.000000, 0.000000, 0.000000, 0.000000, 4.850708, 4.820774, 4.803119, 4.765264, 4.741357, 4.712038, 4.888683, 4.891257, 4.892931, 4.866422, 4.865878, 4.860357; 4.858197, 4.841769, 4.822415, 4.833793, 4.834800, 4.836074, 4.829183, 4.830488, 4.832637, 4.829547, 4.830199, 4.826404, 4.753081, 4.744376, 4.742251, 4.733875, 4.732100, 4.733315, 4.752347, 4.754078, 4.751925, 4.752762, 4.753964, 4.752251, 4.743380, 4.741139, 4.741356, 4.742582, 4.742673, 4.738787, 4.738788, 4.736627, 4.734711
0.046986, 0.333388; 0.332596, 0.279606, 0.257288, 0.216319, 0.217490, 0.214460, 0.206335, 0.235026, 0.215657, 0.212982, 0.216846, 0.203710, 0.198450, 0.198533, 0.228088, 0.222195, 0.191528, 0.228168, 0.224089, 0.221116, 0.225400, 0.218035, 0.214176, 0.222923, 0.220177, 0.218858, 0.219411, 0.225149, 0.221048, 0.216824, 0.225444, 0.222884, 0.216133, 0.210591, 0.204147, 0.198313, 0.196950, 0.203423, 0.202245, 0.196812, 0.212861, 0.209680, 0.206297, 0.211745, 0.210592, 0.211403, 0.209179, 0.214011, 0.214657
0.035555, 0.538056, 0.462059; 0.362430, 0.365716, 0.343651, 0.326731, 0.708573, 0.698105, 0.696156, 0.693251, 0.629225, 0.628349, 0.625923, 0.621715, 0.588900, 0.580121, 0.577492, 0.568018, 0.537722, 0.534410, 0.533827, 0.530342, 0.504806, 0.502802, 0.502962, 0.497365, 0.468871, 0.465566, 0.463569, 0.461197, 0.451664, 0.449240, 0.447745, 0.441844, 0.413916, 0.412911, 0.410117, 0.405985, 0.406461, 0.405636, 0.404472, 0.400822, 0.404058, 0.400730, 0.400093, 0.396896, 0.406433, 0.405945, 0.402187, 0.400906
0.192966, 0.319955, 0.121957; 0.549649, 0.467511, 0.419868, 0.371815, 0.460432, 0.433178, 0.409651, 0.397356, 0.489384, 0.479468, 0.469343, 0.460434, 0.476643, 0.465620, 0.455428, 0.445935, 0.431937, 0.422171, 0.413557, 0.405456, 0.445373, 0.441246, 0.438702, 0.432343, 0.438884, 0.432332, 0.429949, 0.424293, 0.425974, 0.422945, 0.419073, 0.415758, 0.426273, 0.423163, 0.420528, 0.417940, 0.407982, 0.403792, 0.399496, 0.395576, 0.382069, 0.379949, 0.376434, 0.373954, 0.397617, 0.390393, 0.386835, 0.383380
0.000000, 4.501535, 4.501535, 4.449924, 4.349829, 4.497075, 4.518308, 4.533904, 4.528473, 4.498900, 4.495284, 4.469408, 4.451074, 4.467236, 4.452601, 4.666641, 4.670094, 4.672138, 4.676509, 4.667265; 4.656317, 4.656340, 4.646024, 4.636613, 4.637603, 4.638864, 4.630888, 4.632298, 4.632439, 4.633567, 4.436708, 4.442993, 4.448631, 4.453869, 4.458889, 4.438286, 4.436619, 4.434543, 4.432518, 4.437236, 4.441060, 4.445334, 4.443636, 4.448129, 4.451763, 4.460885, 4.458419, 4.460974, 4.464180, 4.467161, 4.469629
2.828488, 12.368252, 10.180592, 6.675480, 1.744724, 1.826938, 1.856947, 3.592455, 3.590574, 3.615528, 3.628743, 3.663967, 3.672419, 3.717106, 3.739427, 3.746803, 3.757696, 3.605744, 3.604387, 3.619616, 3.625893, 3.628352, 3.626591, 3.624199, 3.626171, 3.631833, 3.639817, 3.654049, 3.664843, 3.662001, 3.674478, 3.671189, 3.671732, 3.725047, 3.736302, 3.734082, 3.750000, 3.763720, 3.749995, 3.754278, 3.754653; 3.763008, 3.768524, 3.776874, 3.716496, 3.713854, 3.719577, 3.725602, 3.732857, 3.738943, 3.369334
0.143677, 0.546013, 0.546013; 0.145124, 0.131166, 0.081770, 0.049798, 0.020072, 0.037975, 0.216437, 0.213456, 0.206175, 0.185710, 0.182906, 0.156547, 0.122921, 0.121155, 0.123535, 0.121237, 0.097691, 0.112104, 0.104357, 0.106729, 0.106148, 0.105482, 0.113013, 0.110865, 0.112253, 0.111303, 0.110250, 0.109038, 0.124931, 0.124127, 0.122142, 0.121160, 0.120127, 0.125637, 0.124718, 0.112155, 0.112978, 0.112174, 0.113076, 0.112436, 0.111483, 0.110497, 0.109427, 0.108142, 0.124437, 0.123161, 0.114383, 0.113211
5.119444, 4.599257, 4.675972, 4.680989, 4.724575, 4.731628; 4.804135, 4.818221, 4.840515, 4.868168, 4.876368, 4.648649, 4.661900, 4.665053, 4.670023, 4.675516, 4.695770, 4.696791, 4.701662, 4.711723, 4.716278, 4.716534, 4.724390, 4.731715, 4.732193, 4.733732, 4.751263, 4.752311, 4.752894, 4.748868, 4.757134, 4.756785, 4.759296, 4.752828, 4.765058, 4.766612, 4.770673, 4.730182, 4.731134, 4.730779, 4.738234, 4.735532, 4.735298, 4.740022, 4.742273, 4.748549, 4.749389, 4.760250, 4.761803, 4.763232, 4.765263
1.301884, 4.502480, 1.429040, 1.392523, 1.354703, 1.281163, 1.265113, 1.242843, 1.258025, 1.151240, 1.255419, 1.276535, 1.332600, 1.277904, 1.261905, 1.297344, 1.324403, 1.273884, 1.326440, 1.313849, 1.338506; 1.340624, 1.321509, 1.314035, 1.285239, 1.295373, 1.319461, 1.312886, 1.317592, 1.311505, 1.303410, 0.561762, 0.558240, 0.543623, 0.559480, 0.557675, 0.560368, 0.569953, 0.562895, 0.572787, 0.568361, 0.556871, 0.582194, 0.580818, 0.559092, 0.572449, 0.575047, 0.579912, 0.578006, 0.559164, 0.554719
2.621407, 3.778739, 2.606276, 2.656227, 2.710388, 2.530545, 2.546712, 2.571552, 2.550960, 2.556643, 2.561462; 1.125411, 1.124661, 1.121814, 1.127754, 1.132876, 1.145908, 1.151717, 1.163238, 1.158342, 1.164060, 1.174653, 1.172729, 1.178524, 1.183037, 1.155377, 1.164286, 1.174529, 1.129830, 1.125851, 1.130686, 1.123191, 1.131652, 1.135424, 1.050897, 1.057253, 1.030863, 1.034361, 1.037226, 1.019336, 1.024809, 1.027429, 1.012890, 1.018327, 1.020636, 1.008762, 1.009171, 1.008899, 1.008903, 1.006406, 1.009030
0.197666, 0.428946, 0.432258, 0.324368, 0.353832, 0.380859, 0.389714; 0.302243, 0.313482, 0.333691, 0.343675, 0.349177, 0.290954, 0.306275, 0.311413, 0.317572, 0.322983, 0.328191, 0.303326, 0.307927, 0.311876, 0.316448, 0.303473, 0.307795, 0.312023, 0.318550, 0.321457, 0.324953, 0.308581, 0.311663, 0.315108, 0.305049, 0.311004, 0.313756, 0.317258, 0.320420, 0.320772, 0.312057, 0.313961, 0.317024, 0.319509, 0.321637, 0.310167, 0.309826, 0.311447, 0.313457, 0.299231, 0.296255, 0.298677, 0.300975, 0.302912
18.440594, 18.440594, 5.432423, 5.651002, 5.651002, 5.662361, 6.086955, 4.336197, 4.341936, 3.926021, 3.931109; 4.521519, 3.917938, 3.910513, 3.767987, 3.685994, 3.518116, 3.463039, 3.409482, 3.369390, 3.403220, 3.358027, 3.348606, 3.280321, 3.273498, 3.248675, 3.176070, 3.204948, 3.164953, 3.226664, 3.216609, 3.222371, 3.194313, 3.177043, 3.172962, 3.159834, 3.161879, 3.164730, 3.161275, 3.140040, 3.138533, 3.159688, 3.162375, 3.150642, 3.165621, 3.202526, 3.205052, 3.219509, 3.218758, 3.213450, 3.210950
0.179600, 0.362529, 0.290760, 0.546723, 0.456721, 0.449017, 0.415611; 0.434607, 0.406976, 0.388390, 0.368653, 0.356066, 0.354755, 0.342083, 0.351692, 0.341104, 0.351247, 0.361423, 0.364057, 0.355467, 0.358063, 0.371124, 0.372793, 0.365399, 0.359845, 0.354597, 0.360963, 0.363040, 0.365068, 0.366990, 0.386247, 0.386951, 0.380266, 0.375928, 0.375949, 0.385601, 0.381347, 0.382406, 0.383328, 0.384299, 0.424543, 0.424214, 0.423237, 0.418192, 0.431681, 0.427735, 0.426690, 0.425205, 0.424959, 0.430674, 0.427840
0.030239, 7.839043; 0.378066, 0.380078, 0.337449, 0.365081, 0.338036, 0.321351, 0.346514, 0.324875, 0.321550, 0.228112, 0.233347, 0.224808, 0.179178, 0.192249, 0.186335, 0.188451, 0.203845, 0.187180, 0.181334, 0.182579, 0.177426, 0.165195, 0.218268, 0.219954, 0.212328, 0.223984, 0.216979, 0.197073, 0.223008, 0.217783, 0.215337, 0.212115, 0.237534, 0.216959, 0.215538, 0.235012, 0.233870, 0.228539, 0.227969, 0.224132, 0.220918, 0.225759, 0.220389, 0.211379, 0.225154, 0.224793, 0.224850, 0.239933, 0.242525
2.817360, 3.413303, 3.413303, 3.413303; 1.568435, 1.526612, 1.570376, 1.584355, 1.595112, 1.587748, 1.600822, 1.314353, 1.303527, 1.294294, 1.307671, 1.324426, 1.339038, 1.344676, 1.378479, 1.556192, 1.555799, 1.565490, 1.578828, 1.578418, 1.590743, 1.604371, 1.515513, 1.518224, 1.538548, 1.545849, 1.552205, 1.564200, 1.574388, 1.377292, 1.385156, 1.391533, 1.391557, 1.396693, 1.401561, 1.406372, 1.411294, 1.357605, 1.359390, 1.365381, 1.366890, 1.374698, 1.381502, 1.401332, 1.402315, 1.405019, 1.408773
0.538886, 0.765382; 0.332830, 0.404715, 0.430986, 0.289554, 0.311703, 0.215945, 0.244534, 0.287500, 0.244826, 0.272146, 0.303794, 0.285721, 0.296194, 0.317542, 0.300970, 0.302215, 0.288282, 0.303886, 0.316212, 0.279527, 0.279345, 0.295549, 0.256958, 0.266639, 0.274425, 0.269122, 0.275224, 0.265112, 0.265212, 0.278207, 0.269443, 0.281650, 0.293924, 0.283695, 0.300427, 0.305862, 0.296788, 0.301493, 0.297339, 0.311933, 0.312578, 0.305694, 0.310925, 0.312204, 0.295453, 0.297140, 0.307957, 0.301587, 0.305504
2.141379, 2.682457, 2.858194, 2.812298, 2.841595, 3.176738, 3.029227; 3.025889, 2.988832, 2.993177, 2.567797, 2.651717, 2.609098, 2.626995, 2.658485, 2.639609, 2.487897, 2.505687, 2.516109, 2.569190, 2.580910, 2.547568, 2.574538, 1.842039, 1.878673, 1.898938, 1.898057, 1.885415, 1.899412, 1.909706, 1.908351, 1.918612, 1.911154, 1.942350, 1.957380, 1.965326, 1.958968, 1.978182, 1.968947, 1.996798, 2.021447, 2.003926, 1.993900, 2.002443, 1.998116, 2.006366, 2.026434, 2.021677, 2.033369, 2.031598, 2.033367
0.913019, 1.274008, 1.313357; 1.299835, 1.332054, 1.348029, 1.319977, 1.334846, 1.347588, 1.355630, 1.365825, 1.361496, 1.395894, 1.397314, 1.399289, 1.401534, 1.403796, 1.405094, 1.399615, 1.403355, 1.404112, 1.418237, 1.420987, 1.416673, 1.419257, 1.417299, 1.420261, 1.422087, 1.424387, 1.425920, 1.426633, 1.427774, 1.429843, 1.431389, 1.433327, 1.439726, 1.430004, 1.430478, 1.432253, 1.434829, 1.435296, 1.436221, 1.436292, 1.436944, 1.438770, 1.440373, 1.440882, 1.441109, 1.441932, 1.440672, 1.447242
0.759452, 1.077140, 1.077140, 1.077140; 0.223944, 0.128881, 0.107962, 0.042506, 0.034546, 0.023267, 0.035840, 0.087283, 0.104037, 0.119605, 0.115797, 0.115842, 0.129932, 0.134900, 0.133339, 0.192373, 0.201341, 0.204273, 0.213370, 0.220796, 0.225666, 0.228057, 0.240637, 0.258415, 0.274981, 0.279091, 0.283399, 0.287967, 0.300096, 0.288955, 0.300775, 0.304630, 0.306948, 0.319789, 0.314776, 0.322035, 0.325242, 0.352110, 0.358703, 0.364674, 0.366599, 0.368351, 0.370211, 0.373060, 0.352953, 0.355851, 0.357833
0.433153, 0.263056, 0.263056; 0.393472, 0.349179, 0.417188, 0.394973, 0.373793, 0.362136, 0.385977, 0.379199, 0.370488, 0.371759, 0.357528, 0.381928, 0.376026, 0.369933, 0.365137, 0.360748, 0.356746, 0.375426, 0.376195, 0.367966, 0.364601, 0.358023, 0.373830, 0.367908, 0.365102, 0.361554, 0.359548, 0.357136, 0.366206, 0.363769, 0.361447, 0.357002, 0.352345, 0.362949, 0.360976, 0.360454, 0.358572, 0.356646, 0.354914, 0.359616, 0.357946, 0.356333, 0.352874, 0.351415, 0.359117, 0.357652, 0.358279, 0.355007
0.302380, 0.442918, 0.443145, 1.203194, 1.160105; 1.175794, 1.142258, 1.111179, 1.073147, 1.005302, 0.988350, 0.968332, 0.948024, 0.969376, 0.951113, 0.930689, 0.898938, 0.868283, 0.858367, 0.845732, 0.860550, 0.855411, 0.837337, 0.835696, 0.825552, 0.816949, 0.800161, 0.787583, 0.781583, 0.770300, 0.785792, 0.776164, 0.769711, 0.766642, 0.757480, 0.757307, 0.746399, 0.743343, 0.754697, 0.750304, 0.739758, 0.736237, 0.729742, 0.722834, 0.719052, 0.807460, 0.805910, 0.795336, 0.794783, 0.790185, 0.783587
0.690894, 1.246463, 1.500953; 0.084661, 0.037889, 0.058071, 0.069624, 0.088087, 0.105144, 0.228604, 0.243356, 0.257266, 0.277456, 0.292096, 0.176896, 0.194389, 0.190755, 0.197984, 0.206261, 0.219431, 0.217868, 0.225433, 0.232545, 0.241402, 0.251525, 0.273907, 0.275529, 0.278691, 0.281810, 0.284810, 0.290955, 0.305347, 0.311756, 0.317018, 0.322910, 0.334886, 0.094539, 0.097071, 0.102003, 0.106741, 0.110167, 0.116853, 0.036801, 0.042219, 0.049538, 0.050140, 0.050780, 0.028735, 0.030584, 0.030177, 0.031423
0.316664, 0.927633, 0.334938; 0.332004, 0.309711, 0.238535, 0.251664, 0.159352, 0.163786, 0.231489, 0.207549, 0.221236, 0.205239, 0.203228, 0.169990, 0.180671, 0.190776, 0.189117, 0.188565, 0.182057, 0.190487, 0.193302, 0.188104, 0.192146, 0.199614, 0.193780, 0.190058, 0.194060, 0.192398, 0.193585, 0.184787, 0.192502, 0.197029, 0.185876, 0.190459, 0.186555, 0.187305, 0.175407, 0.178560, 0.173872, 0.170954, 0.175682, 0.165189, 0.164861, 0.163041, 0.148969, 0.151516, 0.154873, 0.143616, 0.141906, 0.143157
0.715341, 0.624883; 0.695251, 0.668474, 0.697533, 0.741160, 0.766485, 0.769946, 0.775828, 0.781862, 0.786937, 0.788164, 0.780629, 0.787435, 0.788352, 0.789210, 0.790082, 0.792998, 0.799156, 0.801777, 0.802119, 0.802449, 0.802730, 0.790679, 0.791008, 0.837103, 0.837596, 0.825139, 0.826192, 0.827066, 0.825495, 0.831284, 0.779663, 0.779999, 0.784623, 0.778993, 0.776460, 0.773807, 0.774078, 0.770330, 0.774042, 0.774432, 0.775452, 0.780363, 0.786522, 0.782320, 0.786961, 0.787580, 0.787693, 0.790280, 0.781777
0.272476, 0.710754, 0.710754; 0.249328, 0.238970, 0.228175, 0.182092, 0.106015, 0.094225, 0.179241, 0.194533, 0.194471, 0.193733, 0.192058, 0.233159, 0.232292, 0.230999, 0.229176, 0.224387, 0.226598, 0.199296, 0.196660, 0.167571, 0.142732, 0.141990, 0.171255, 0.162469, 0.144816, 0.148309, 0.146617, 0.146379, 0.168362, 0.168391, 0.166935, 0.151307, 0.151334, 0.178003, 0.174666, 0.174009, 0.176253, 0.171297, 0.171868, 0.196874, 0.195584, 0.197599, 0.197604, 0.198421, 0.221020, 0.220014, 0.220047, 0.221567
2.197666, 2.052472, 2.052472, 2.044078; 2.282933, 2.275980, 2.269206, 2.248751, 2.226338, 2.221803, 2.214379, 2.208845, 2.246751, 2.244684, 2.230367, 2.227905, 2.217343, 2.208094, 2.206056, 2.203507, 2.226923, 2.225183, 2.223060, 2.220065, 2.217652, 2.214685, 2.212049, 2.235850, 2.233870, 2.232124, 2.229600, 2.227076, 2.225127, 2.219173, 2.216286, 2.231333, 2.229996, 2.225046, 2.223725, 2.222433, 2.221164, 2.219278, 2.217871, 2.237442, 2.236264, 2.234898, 2.233718, 2.229759, 2.228481, 2.226886, 2.236617
0.421761, 1.279048, 0.868665, 0.730279; 0.093418, 0.181254, 0.120859, 0.105577, 0.122674, 0.119084, 0.122083, 0.099888, 0.092927, 0.040107, 0.033207, 0.036046, 0.037400, 0.036855, 0.066145, 0.088615, 0.032869, 0.034706, 0.047641, 0.053205, 0.057249, 0.077982, 0.085521, 0.113008, 0.123291, 0.143766, 0.152524, 0.158436, 0.163135, 0.057563, 0.048375, 0.058458, 0.061538, 0.071426, 0.074836, 0.084719, 0.089597, 0.092233, 0.094177, 0.096964, 0.094369, 0.100484, 0.094715, 0.095957, 0.099981, 0.100111, 0.090775
0.463180, 0.607382, 0.311222, 0.410303, 0.504106, 0.402970, 0.417836; 0.344472, 0.353370, 0.314660, 0.342197, 0.354137, 0.326406, 0.350157, 0.369775, 0.353113, 0.362627, 0.340342, 0.354770, 0.344817, 0.376893, 0.402253, 0.393414, 0.395755, 0.403782, 0.388183, 0.393485, 0.397657, 0.392679, 0.398922, 0.373545, 0.375709, 0.356970, 0.363267, 0.369650, 0.359671, 0.366045, 0.371292, 0.360495, 0.367399, 0.359525, 0.365776, 0.358490, 0.362311, 0.364094, 0.354571, 0.359643, 0.362393, 0.353700, 0.360764, 0.361133
0.578743, 0.111469, 0.589879, 0.568638, 0.596968, 0.592278; 0.697524, 0.617775, 0.651067, 0.589833, 0.617123, 0.573994, 0.598280, 0.556628, 0.538437, 0.549277, 0.534196, 0.552172, 0.535131, 0.559950, 0.550064, 0.556366, 0.543173, 0.552014, 0.540812, 0.529288, 0.541254, 0.528267, 0.545862, 0.537633, 0.550524, 0.538253, 0.548589, 0.535477, 0.551865, 0.540568, 0.544946, 0.539769, 0.538090, 0.537117, 0.526526, 0.539096, 0.532278, 0.539128, 0.535361, 0.538110, 0.535693, 0.538728, 0.537435, 0.530311, 0.539089
0.263982, 0.621065, 0.471513, 0.447517, 0.407167; 0.314634, 0.358607, 0.354442, 0.349995, 0.375039, 0.344942, 0.346273, 0.360059, 0.377486, 0.362765, 0.374843, 0.385523, 0.368082, 0.367485, 0.363360, 0.369513, 0.366149, 0.346244, 0.340510, 0.336807, 0.341971, 0.349318, 0.357626, 0.355494, 0.352200, 0.345288, 0.347873, 0.354825, 0.350458, 0.350302, 0.347328, 0.344071, 0.348971, 0.353554, 0.349742, 0.352640, 0.354426, 0.351543, 0.350098, 0.350110, 0.353971, 0.352680, 0.338961, 0.337531, 0.337384, 0.338463
0.280326, 0.280326, 0.280326, 0.280326, 0.280326, 0.280326; 0.107109, 0.110431, 0.109321, 0.114223, 0.119109, 0.122270, 0.124572, 0.125677, 0.131078, 0.135885, 0.140424, 0.127698, 0.128943, 0.132785, 0.133556, 0.137243, 0.138096, 0.141572, 0.149071, 0.152121, 0.154228, 0.155206, 0.092093, 0.092511, 0.092995, 0.093536, 0.095161, 0.098348, 0.101388, 0.102923, 0.103615, 0.103348, 0.104037, 0.060461, 0.063556, 0.065006, 0.065754, 0.071643, 0.074447, 0.075901, 0.078587, 0.081195, 0.083704, 0.083955, 0.042157
0.174756, 0.420702, 0.495000; 0.755447, 0.663651, 0.626233, 0.642155, 0.629175, 0.590442, 0.502238, 0.476031, 0.482066, 0.490093, 0.501103, 0.415568, 0.389319, 0.395524, 0.373308, 0.364279, 0.356122, 0.319236, 0.302149, 0.286858, 0.287607, 0.283409, 0.309158, 0.312909, 0.315188, 0.311515, 0.308115, 0.298704, 0.282522, 0.283390, 0.281497, 0.285818, 0.282850, 0.417043, 0.416780, 0.404108, 0.401665, 0.402113, 0.396518, 0.401693, 0.390317, 0.389132, 0.384311, 0.378477, 0.403135, 0.399689, 0.399475, 0.396210
0.491795, 6.195698, 0.600055, 0.762504, 0.715699, 0.685401; 0.013979, 0.033386, 0.075610, 0.095994, 0.123357, 0.131319, 0.157662, 0.177238, 0.181088, 0.188531, 0.192341, 0.234233, 0.246646, 0.272918, 0.280581, 0.272479, 0.293902, 0.293965, 0.297031, 0.672831, 0.673132, 0.668477, 0.621484, 0.619265, 0.619953, 0.622131, 0.620126, 0.620964, 0.625879, 0.621128, 0.617382, 0.615417, 0.600479, 0.573334, 0.574846, 0.573413, 0.573569, 0.571618, 0.574334, 0.571901, 0.570089, 0.574805, 0.578984, 0.578074, 0.548420
0.049049, 0.430946; 0.095279, 0.024210, 0.094835, 0.185553, 0.177217, 0.167592, 0.244100, 0.228542, 0.205637, 0.201072, 0.257990, 0.242579, 0.237655, 0.266599, 0.248665, 0.248714, 0.273056, 0.260739, 0.260903, 0.282175, 0.275021, 0.255173, 0.269566, 0.262635, 0.260658, 0.272487, 0.267939, 0.268973, 0.287764, 0.287090, 0.282123, 0.278248, 0.272270, 0.261502, 0.261141, 0.267732, 0.268569, 0.269282, 0.282940, 0.279057, 0.278568, 0.270579, 0.267350, 0.266535, 0.271964, 0.271313, 0.269998, 0.278055, 0.277459
0.161379, 0.229552; 0.357779, 0.176721, 0.193054, 0.340034, 0.248155, 0.230967, 0.257807, 0.244761, 0.238250, 0.272150, 0.267190, 0.261431, 0.253998, 0.252249, 0.237048, 0.225119, 0.270187, 0.235139, 0.216203, 0.216698, 0.203950, 0.189791, 0.276015, 0.259926, 0.250420, 0.248791, 0.238219, 0.228374, 0.282155, 0.255418, 0.243411, 0.221533, 0.213842, 0.197360, 0.196585, 0.206752, 0.195695, 0.189921, 0.195614, 0.192106, 0.184701, 0.183054, 0.171328, 0.169362, 0.177846, 0.172212, 0.164766, 0.167688, 0.160008
0.146514, 0.325243, 0.325243; 0.781616, 0.804643, 0.767689, 0.739539, 1.013887, 0.996755, 0.984067, 0.971248, 0.852219, 0.827199, 0.816899, 0.771267, 0.753100, 0.719114, 0.704212, 0.691705, 0.687608, 0.678005, 0.652791, 0.643732, 0.634275, 0.622248, 0.604949, 0.602901, 0.594666, 0.578289, 0.581173, 0.574650, 0.570852, 0.563841, 0.544743, 0.536053, 0.530597, 0.527008, 0.515913, 0.488195, 0.483969, 0.482302, 0.478176, 0.479539, 0.475242, 0.471392, 0.469900, 0.465790, 0.469667, 0.466246, 0.461964, 0.458270
0.464934, 0.082789; 0.635716, 0.525457, 0.513279, 0.479463, 0.557075, 0.537348, 0.528609, 0.482664, 0.509010, 0.486232, 0.470173, 0.503603, 0.504260, 0.493017, 0.487666, 0.504195, 0.501184, 0.498878, 0.491816, 0.509141, 0.502341, 0.490455, 0.503696, 0.492964, 0.486440, 0.477089, 0.497977, 0.489003, 0.480606, 0.480553, 0.487851, 0.486570, 0.478803, 0.490020, 0.488263, 0.485360, 0.482545, 0.495305, 0.493664, 0.489269, 0.486641, 0.485406, 0.485949, 0.479842, 0.491517, 0.485659, 0.480050, 0.479068, 0.490584
0.049233, 0.083952, 0.471142, 0.313254, 0.193499; 0.326967, 0.152104, 0.104622, 0.174107, 0.160903, 0.148906, 0.225969, 0.217051, 0.495543, 0.471069, 0.446307, 0.426661, 0.425993, 0.417540, 0.441200, 0.429216, 0.410397, 0.472425, 0.463467, 0.462003, 0.438904, 0.426566, 0.426649, 0.474330, 0.463967, 0.447260, 0.444557, 0.444706, 0.434134, 0.447815, 0.441034, 0.428371, 0.423331, 0.412099, 0.414096, 0.400501, 0.396203, 0.409461, 0.393471, 0.388289, 0.395209, 0.392837, 0.374998, 0.372657, 0.370203, 0.351535
10.239417, 10.239417, 8.471547, 8.515456, 8.108668, 8.086388, 4.087483, 3.324336, 3.618790, 3.662823, 3.665051, 3.984030, 3.983833, 3.966355, 3.948779, 3.994111, 3.963297, 4.006162, 4.009736, 3.959074, 3.944152, 3.943977, 3.975431, 3.992570, 3.885586, 3.914191, 3.937221, 3.943774, 3.918412, 3.924030, 3.928433, 3.911649, 3.924453, 3.906651, 3.886272, 3.877307, 3.883004, 3.849500, 3.868634, 3.879416, 3.876702, 3.866317, 3.890685, 3.898207; 3.898938, 3.901723, 3.905695, 3.886991, 3.892577, 3.894294, 3.897441
0.187984, 0.665344, 0.277073, 0.336990, 0.313972; 0.439970, 0.391015, 0.425394, 0.320159, 0.354117, 0.343658, 0.344381, 0.334222, 0.356252, 0.290302, 0.317374, 0.311195, 0.341007, 0.366026, 0.350820, 0.352263, 0.329945, 0.338858, 0.329046, 0.311840, 0.315922, 0.237037, 0.237254, 0.352837, 0.353508, 0.353335, 0.353939, 0.353035, 0.352521, 0.353925, 0.354123, 0.354844, 0.354114, 0.353456, 0.353806, 0.347622, 0.348014, 0.345792, 0.346076, 0.344885, 0.344699, 0.342592, 0.341823, 0.339789, 0.338799, 0.339888
0.287735, 0.483286, 0.571892, 0.575933, 0.534493, 0.503966, 0.500865; 0.667119, 0.669005, 0.630586, 0.621903, 0.610610, 0.602629, 0.596567, 0.601775, 0.606315, 0.596165, 0.590897, 0.582897, 0.586973, 0.591123, 0.642077, 0.636535, 0.638065, 0.634139, 0.635476, 0.628171, 0.629574, 0.623481, 0.625087, 0.621568, 0.622928, 0.617846, 0.613313, 0.610302, 0.633902, 0.627899, 0.628928, 0.629974, 0.630860, 0.657239, 0.657513, 0.653014, 0.648751, 0.645860, 0.643344, 0.643845, 0.641531, 0.639218, 0.654038, 0.654372
0.240579, 0.365493, 0.429140, 0.077756, 0.219355, 0.218479, 0.183376; 0.318430, 0.268939, 0.251382, 0.250231, 0.242659, 0.273812, 0.263673, 0.247262, 0.234275, 0.170812, 0.167200, 0.193333, 0.194805, 0.224954, 0.226966, 0.221219, 0.202779, 0.203782, 0.205253, 0.222103, 0.223167, 0.222367, 0.241982, 0.241273, 0.214654, 0.209638, 0.216837, 0.217313, 0.214822, 0.214593, 0.207244, 0.205441, 0.214409, 0.207583, 0.203989, 0.236110, 0.226503, 0.210090, 0.207660, 0.204771, 0.203737, 0.190710, 0.192282, 0.179866
3.576455, 3.048117; 3.896841, 3.797008, 3.712687, 3.851436, 3.786521, 3.733390, 3.728260, 3.687965, 3.661314, 3.600417, 3.642915, 3.625407, 3.613267, 3.607941, 3.591093, 3.578434, 3.574394, 3.545808, 3.534610, 3.518886, 3.511268, 3.499230, 3.501497, 3.495495, 3.481690, 3.506370, 3.493961, 3.487260, 3.516187, 3.511996, 3.507874, 3.498442, 3.496832, 3.492217, 3.487223, 3.508904, 3.505131, 3.495347, 3.495478, 3.492417, 3.489239, 3.488645, 3.486674, 3.484525, 3.498760, 3.498258, 3.496366, 3.500210, 3.498296
0.126681, 0.392762; 0.189114, 0.043655, 0.016721, 0.090156, 0.045919, 0.012600, 0.028499, 0.059762, 0.002266, 0.029336, 0.050365, 0.011290, 0.012367, 0.019684, 0.030227, 0.029134, 0.043516, 0.059951, 0.067741, 0.019725, 0.031898, 0.042948, 0.006328, 0.015530, 0.026258, 0.036810, 0.037626, 0.049112, 0.052091, 0.055053, 0.025968, 0.029319, 0.035740, 0.012943, 0.020185, 0.027174, 0.029930, 0.008087, 0.012393, 0.014173, 0.020833, 0.021825, 0.025759, 0.032907, 0.016997, 0.023521, 0.028935, 0.034467, 0.018348
0.387052, 0.023467, 0.264849; 0.299473, 0.202613, 0.252543, 0.257352, 0.326836, 0.330404, 0.291951, 0.295165, 0.320091, 0.292475, 0.345942, 0.366837, 0.342266, 0.332288, 0.338300, 0.306557, 0.300777, 0.290813, 0.278642, 0.291613, 0.296553, 0.292750, 0.302827, 0.299801, 0.307651, 0.311724, 0.305997, 0.305118, 0.310110, 0.301744, 0.295205, 0.302730, 0.300725, 0.307249, 0.309856, 0.299330, 0.294708, 0.303117, 0.302002, 0.308454, 0.309568, 0.297073, 0.301059, 0.302565, 0.304228, 0.311385, 0.302320, 0.313362
0.200242, 0.200242, 0.200242, 0.200242, 0.200242, 0.156708, 0.160843, 0.164256; 0.223139, 0.220019, 0.209685, 0.208517, 0.207685, 0.207416, 0.206998, 0.206771, 0.209627, 0.194739, 0.194943, 0.192292, 0.192893, 0.193121, 0.193295, 0.193499, 0.200332, 0.195840, 0.196122, 0.196296, 0.196403, 0.193543, 0.193840, 0.194063, 0.194378, 0.194504, 0.194624, 0.194886, 0.194991, 0.205928, 0.202995, 0.202956, 0.364416, 0.364913, 0.365373, 0.360906, 0.360546, 0.359963, 0.359610, 0.360506, 0.360872, 0.361210, 0.361524
0.659155, 1.425731, 1.425731; 1.078474, 1.111934, 1.140315, 1.171255, 0.525702, 0.537207, 0.551868, 0.559012, 0.326320, 0.349100, 0.362542, 0.383035, 0.390443, 0.303967, 0.313829, 0.324288, 0.335884, 0.413954, 0.421391, 0.430208, 0.437296, 0.449804, 0.376038, 0.385269, 0.394257, 0.402215, 0.343455, 0.356070, 0.365211, 0.373715, 0.380999, 0.338062, 0.344338, 0.350645, 0.358034, 0.369954, 0.376729, 0.379899, 0.387102, 0.419894, 0.428846, 0.437940, 0.442259, 0.444917, 0.400286, 0.408592, 0.414091, 0.417387
4.423753, 5.042052; 3.881437, 3.977950, 4.045226, 3.974689, 3.964642, 4.098265, 4.101904, 4.130799, 4.151984, 4.166520, 4.115741, 4.113302, 4.149753, 4.067075, 4.079766, 4.087935, 4.078297, 4.101645, 4.122456, 4.060590, 4.028104, 4.040191, 4.037408, 4.048800, 4.047982, 3.998491, 4.022503, 4.030663, 3.974609, 3.979317, 3.987910, 4.019856, 3.989551, 4.003793, 4.020689, 4.016222, 4.028064, 4.033626, 4.007523, 4.022310, 4.023016, 4.012141, 4.017623, 4.026521, 4.027723, 4.010232, 4.023682, 4.004208, 3.973211
3.732594, 3.206307, 3.206307, 3.234061, 3.228417, 3.311698, 3.304020, 3.291959; 3.294775, 3.296805, 3.290748, 3.279108, 3.276455, 3.264416, 3.258709, 3.236842, 3.236236, 3.235436, 3.227957, 3.224294, 3.229817, 3.229952, 3.224791, 3.222335, 3.222110, 3.221732, 3.220328, 3.220316, 3.220748, 3.219615, 3.239658, 3.254583, 3.263186, 3.256245, 3.255467, 3.253615, 3.251618, 3.256765, 3.255117, 3.254505, 3.252272, 3.250987, 3.250443, 3.249692, 3.247399, 3.241596, 3.244136, 3.242100, 3.239017, 3.238902, 3.242224
0.029810, 0.690898; 0.052587, 0.002482, 0.089221, 0.045236, 0.041376, 0.037548, 0.073162, 0.028026, 0.008772, 0.008594, 0.022981, 0.008803, 0.007032, 0.004753, 0.022832, 0.023011, 0.020372, 0.027717, 0.043649, 0.017955, 0.030018, 0.037338, 0.011209, 0.017142, 0.022235, 0.003631, 0.004770, 0.003612, 0.001247, 0.006847, 0.017667, 0.017003, 0.001813, 0.001931, 0.001828, 0.008811, 0.008883, 0.003521, 0.014376, 0.009258, 0.008901, 0.017764, 0.012623, 0.004220, 0.009222, 0.009307, 0.008426, 0.020157, 0.021839
0.363200, 0.041920; 0.465709, 0.426445, 0.370279, 0.358808, 0.420568, 0.422812, 0.395267, 0.386942, 0.428475, 0.424016, 0.409012, 0.434086, 0.438214, 0.426639, 0.423866, 0.408482, 0.411228, 0.402064, 0.400121, 0.386683, 0.385254, 0.383608, 0.396481, 0.397858, 0.396026, 0.389475, 0.384263, 0.382369, 0.380371, 0.375429, 0.382292, 0.381271, 0.375923, 0.379555, 0.378482, 0.376987, 0.372383, 0.378542, 0.369798, 0.365639, 0.364838, 0.373572, 0.369812, 0.368673, 0.366451, 0.365807, 0.363015, 0.360361, 0.365431
0.385244, 0.105245, 0.105245; 0.756959, 0.555010, 0.475440, 0.426467, 0.391757, 0.387718, 0.483179, 0.478071, 0.463722, 0.457534, 0.450024, 0.494259, 0.475239, 0.470559, 0.465655, 0.459594, 0.454337, 0.504238, 0.501488, 0.484078, 0.468264, 0.454541, 0.551312, 0.546301, 0.545671, 0.544930, 0.534266, 0.530020, 0.543753, 0.533767, 0.532625, 0.531491, 0.527021, 0.542446, 0.544038, 0.541997, 0.540582, 0.539113, 0.537448, 0.560019, 0.559451, 0.557409, 0.554972, 0.553192, 0.562434, 0.563298, 0.561316, 0.556891
0.095414, 0.143427; 0.310019, 0.232235, 0.115942, 0.074056, 0.217855, 0.145461, 0.096634, 0.078158, 0.145506, 0.120924, 0.100148, 0.227998, 0.210625, 0.185444, 0.174886, 0.251582, 0.231481, 0.227947, 0.218473, 0.228302, 0.211699, 0.206607, 0.254161, 0.240774, 0.229622, 0.219064, 0.231059, 0.229948, 0.222365, 0.213912, 0.255079, 0.246450, 0.242147, 0.248744, 0.246418, 0.240167, 0.232634, 0.279643, 0.275258, 0.271356, 0.267989, 0.289546, 0.286119, 0.283909, 0.288167, 0.284611, 0.283974, 0.281780, 0.282551
0.966330, 1.336202, 1.057330, 0.821332, 0.843175; 0.894301, 0.936059, 0.968801, 0.898123, 0.917163, 0.913683, 0.926776, 0.936888, 0.944010, 0.930283, 0.942763, 0.927139, 0.939477, 0.923932, 0.941027, 0.947199, 0.943675, 0.946764, 0.888174, 0.898342, 0.903545, 0.908303, 0.912950, 0.891270, 0.892486, 0.892423, 0.904854, 0.909369, 0.911717, 0.920820, 0.923025, 0.924448, 0.928530, 0.931325, 0.908361, 0.922581, 0.920277, 0.926691, 0.908778, 0.913050, 0.919156, 0.919176, 0.925688, 0.922954, 0.926522, 0.928589
0.050671, 0.136791, 0.056453, 0.039222; 0.382922, 0.375194, 0.365452, 0.327468, 0.320484, 0.317569, 0.305203, 0.431265, 0.412741, 0.396373, 0.389488, 0.382681, 0.379983, 0.365139, 0.356895, 0.393747, 0.388384, 0.381246, 0.376139, 0.371023, 0.366128, 0.361337, 0.403915, 0.399696, 0.394012, 0.391819, 0.383521, 0.373682, 0.370133, 0.437521, 0.434647, 0.428458, 0.425990, 0.418370, 0.416067, 0.410685, 0.408490, 0.482423, 0.479351, 0.476437, 0.474410, 0.472392, 0.470245, 0.467226, 0.473438, 0.471491, 0.469554
0.521168, 0.274904, 0.420109, 0.304421; 0.493591, 0.438957, 0.430284, 0.428882, 0.424494, 0.406333, 0.401495, 0.411504, 0.408227, 0.398170, 0.384053, 0.369834, 0.366094, 0.372859, 0.371948, 0.368120, 0.378354, 0.377544, 0.395782, 0.383870, 0.374269, 0.372255, 0.367391, 0.364221, 0.361436, 0.353620, 0.361117, 0.373774, 0.364218, 0.358426, 0.363265, 0.358191, 0.354994, 0.354939, 0.350295, 0.350054, 0.364400, 0.359696, 0.359802, 0.369843, 0.369559, 0.368067, 0.366679, 0.363062, 0.366350, 0.360974, 0.363093
6.056478, 6.056478, 6.056478, 6.056478, 6.056478, 6.056478, 6.056478, 6.056478, 6.056478, 6.056478, 6.056478; 0.249310, 0.225183, 0.220713, 0.219497, 0.180513, 0.147513, 0.142644, 0.114862, 0.090208, 0.086399, 0.084902, 0.073278, 0.063770, 0.059561, 0.049372, 0.045168, 0.039718, 0.034289, 0.030004, 0.024614, 0.020312, 0.004106, 0.059071, 0.061828, 0.064622, 0.067440, 0.072792, 0.075594, 0.078409, 0.081238, 0.084076, 0.087697, 0.088871, 0.091740, 0.094607, 0.105901, 0.108597, 0.111967, 0.114657, 0.124946
0.739923, 0.868692, 0.833310, 0.827942; 0.777862, 0.813697, 0.808373, 0.855240, 0.823601, 0.798250, 0.808543, 0.811533, 0.831391, 0.833025, 0.847108, 0.855199, 0.841557, 0.815331, 0.812608, 0.799208, 0.785794, 0.790998, 0.780686, 0.783084, 0.793160, 0.793019, 0.787609, 0.784855, 0.780917, 0.779642, 0.789804, 0.793308, 0.785927, 0.782875, 0.783987, 0.774835, 0.769234, 0.777643, 0.776510, 0.778167, 0.743753, 0.735915, 0.737580, 0.728576, 0.735244, 0.744512, 0.737951, 0.737696, 0.743504, 0.744002, 0.749500
0.491586, 0.948663; 0.361908, 0.397245, 0.413691, 0.444097, 0.444939, 0.506625, 0.491480, 0.488120, 0.544938, 0.529279, 0.536428, 0.512320, 0.512020, 0.501828, 0.502221, 0.503598, 0.509756, 0.493963, 0.498001, 0.494690, 0.499954, 0.502120, 0.498830, 0.507509, 0.526088, 0.538688, 0.522531, 0.526926, 0.513474, 0.516236, 0.508119, 0.510969, 0.513718, 0.511420, 0.511636, 0.509336, 0.512068, 0.505477, 0.505835, 0.503806, 0.505585, 0.503555, 0.501029, 0.502848, 0.514076, 0.514094, 0.505415, 0.505451, 0.489185
0.174520, 0.203223, 0.203223; 0.258362, 0.209134, 0.135818, 0.130138, 0.153816, 0.132706, 0.120654, 0.083984, 0.139924, 0.135255, 0.116761, 0.095884, 0.196922, 0.193419, 0.185936, 0.178933, 0.227019, 0.215132, 0.215404, 0.203481, 0.225174, 0.220306, 0.215305, 0.212377, 0.250193, 0.246606, 0.242842, 0.236891, 0.252421, 0.248166, 0.244295, 0.241440, 0.253054, 0.245252, 0.241738, 0.228825, 0.240937, 0.238596, 0.232410, 0.230149, 0.251079, 0.250020, 0.250024, 0.247418, 0.266240, 0.263766, 0.262126, 0.261986
0.161219, 0.161219, 0.092706, 0.112361, 0.123232, 0.133196; 0.072277, 0.056386, 0.042700, 0.032400, 0.024052, 0.022777, 0.015315, 0.010101, 0.003570, 0.002807, 0.003025, 0.101734, 0.090523, 0.084199, 0.079106, 0.074873, 0.070102, 0.064764, 0.063341, 0.060467, 0.055627, 0.050813, 0.061146, 0.056349, 0.047268, 0.046449, 0.045828, 0.044978, 0.044322, 0.041287, 0.040657, 0.037977, 0.035603, 0.057196, 0.054769, 0.053934, 0.053159, 0.052389, 0.050106, 0.047537, 0.046833, 0.044683, 0.044010, 0.041933, 0.052329
2.288723, 3.380316, 2.595921, 2.782160; 2.695317, 2.849747, 2.833813, 2.827378, 2.849046, 2.774391, 2.780938, 2.754888, 2.733199, 2.734865, 2.736689, 2.740897, 2.714531, 2.749993, 2.756165, 2.752372, 2.735699, 2.738442, 2.743138, 2.730107, 2.729106, 2.721091, 2.713856, 2.718348, 2.709068, 2.714612, 2.710623, 2.704751, 2.705947, 2.683648, 2.686069, 2.670518, 2.679752, 2.687832, 2.681831, 2.687805, 2.684805, 2.688126, 2.692425, 2.697620, 2.691916, 2.687624, 2.690835, 2.687427, 2.689265, 2.695845, 2.685446
0.143677, 0.384815, 0.384815; 0.314140, 0.317102, 0.331448, 0.333833, 0.341747, 0.347615, 0.260586, 0.270605, 0.279116, 0.271432, 0.273421, 0.252654, 0.259369, 0.261305, 0.267969, 0.272918, 0.278456, 0.275171, 0.279934, 0.281170, 0.285486, 0.289361, 0.261250, 0.265655, 0.267959, 0.269114, 0.270286, 0.274029, 0.211285, 0.215603, 0.219663, 0.220389, 0.221147, 0.135939, 0.139727, 0.139367, 0.137541, 0.137431, 0.137273, 0.124335, 0.128030, 0.127975, 0.127661, 0.127715, 0.041804, 0.041030, 0.040287, 0.039598
0.168052, 0.577162, 0.695707; 0.253609, 0.246017, 0.236544, 0.227131, 0.216933, 0.194325, 0.039473, 0.034220, 0.030399, 0.022778, 0.014538, 0.019885, 0.026985, 0.029333, 0.029936, 0.038039, 0.040816, 0.084241, 0.090884, 0.093101, 0.098650, 0.104468, 0.097764, 0.099602, 0.105010, 0.109399, 0.114161, 0.118359, 0.145921, 0.147658, 0.149772, 0.151289, 0.154415, 0.132038, 0.135336, 0.136400, 0.137306, 0.138395, 0.141212, 0.135346, 0.135012, 0.137781, 0.138836, 0.140026, 0.117884, 0.118908, 0.121391, 0.122408
0.580288, 1.332411, 0.867299, 0.933946, 0.590091, 0.798689, 0.804820, 0.804422, 0.811163, 0.770178, 0.780899; 0.832315, 0.808593, 0.790105, 0.749227, 0.765528, 0.768959, 0.772003, 0.796821, 0.778190, 0.769703, 0.774671, 0.736782, 0.748114, 0.751978, 0.752950, 0.773888, 0.776743, 0.785852, 0.769022, 0.778273, 0.780197, 0.782646, 0.809409, 0.811753, 0.814168, 0.815838, 0.796160, 0.798128, 0.799737, 0.805475, 0.806468, 0.811296, 0.812718, 0.823463, 0.816443, 0.817792, 0.819036, 0.809485, 0.803464, 0.807675
0.046950, 0.319089; 0.559483, 0.204412, 0.147489, 0.277872, 0.220380, 0.201156, 0.288042, 0.187442, 0.185028, 0.183838, 0.203948, 0.191615, 0.185300, 0.218547, 0.206548, 0.184447, 0.221471, 0.220543, 0.216476, 0.245541, 0.249110, 0.249162, 0.272565, 0.261610, 0.238779, 0.247187, 0.232419, 0.226602, 0.232165, 0.225557, 0.199840, 0.201066, 0.219759, 0.220215, 0.196349, 0.206609, 0.206218, 0.204965, 0.214612, 0.213060, 0.204399, 0.220317, 0.212581, 0.212394, 0.211610, 0.201564, 0.198645, 0.201658, 0.200077
0.447794, 0.356795, 0.473053, 0.477901, 0.557998, 0.551610, 0.569654, 0.612292, 0.604863, 0.605790, 0.639995, 0.638072, 0.618434, 0.635234; 0.662683, 0.635947, 0.642206, 0.639967, 0.614511, 0.609233, 0.614917, 0.598477, 0.599931, 0.606360, 0.594761, 0.610839, 0.617889, 0.605439, 0.604390, 0.591360, 0.591693, 0.591092, 0.589978, 0.577357, 0.578333, 0.581123, 0.588468, 0.581926, 0.584626, 0.584053, 0.580287, 0.583216, 0.593589, 0.584365, 0.586515, 0.589467, 0.578349, 0.580768, 0.582174, 0.574374, 0.572672
4.679558, 4.825428, 4.748040, 4.484691, 4.442282, 4.519432; 4.565362, 4.560433, 4.532104, 4.567458, 4.556492, 4.578336, 4.582922, 4.583541, 4.618837, 4.631406, 4.613939, 4.616737, 4.604728, 4.626769, 4.612605, 4.621952, 4.616667, 4.588216, 4.586256, 4.599512, 4.604784, 4.602935, 4.600826, 4.587838, 4.586764, 4.587796, 4.586705, 4.593094, 4.590661, 4.588067, 4.587309, 4.588952, 4.554956, 4.559019, 4.563591, 4.562347, 4.562474, 4.562435, 4.570096, 4.569994, 4.572989, 4.570252, 4.561679, 4.561112, 4.563345
0.000000, 0.000000, 0.000000, 0.000000, 0.000000, 0.000000, 0.000000, 0.000000, 0.000000, 0.000000, 0.000000, 0.000000, 1.679370, 1.668784, 1.652768, 1.642462, 1.629967, 1.626118; 4.074829, 4.054253, 4.035342, 4.017055, 4.006516, 3.996706, 3.981799, 3.972940, 3.959443, 3.951371, 3.939046, 3.927389, 3.970779, 3.964099, 3.953768, 3.947361, 3.941295, 3.931922, 4.105569, 4.100112, 4.096806, 4.088429, 4.083196, 4.075295, 4.069661, 4.064928, 4.060290, 4.055607, 4.048556, 4.044233, 4.039988, 4.033402, 4.029351
2.356572, 2.151837, 2.270023, 2.793494, 2.691087; 2.919208, 2.844226, 2.780408, 2.737014, 2.867810, 2.837523, 2.810330, 2.931973, 2.902832, 2.883680, 2.929513, 2.902396, 2.869100, 2.847105, 2.889945, 2.876770, 2.955588, 2.941622, 2.923445, 2.909009, 2.877619, 2.875257, 2.866378, 2.926494, 2.914997, 2.899803, 2.893316, 2.909316, 2.898737, 2.884216, 2.940730, 2.930155, 2.922659, 2.938793, 2.930951, 2.922411, 2.904240, 2.935314, 2.928450, 2.947167, 2.935590, 2.921838, 2.917100, 2.912496, 2.923250, 2.914719
0.760097, 0.264433, 0.264433; 0.264433, 0.243787, 0.249332, 0.224655, 0.224153, 0.228814, 0.233546, 0.219853, 0.220123, 0.223858, 0.219132, 0.224665, 0.219435, 0.221052, 0.221747, 0.228449, 0.231030, 0.233100, 0.228717, 0.231286, 0.240481, 0.234056, 0.236802, 0.232177, 0.235296, 0.236652, 0.239169, 0.238243, 0.245054, 0.241648, 0.242341, 0.247106, 0.252873, 0.256544, 0.259918, 0.256553, 0.261235, 0.262608, 0.265606, 0.264287, 0.267669, 0.265372, 0.265390, 0.264959, 0.263305, 0.261517, 0.258210, 0.259833
0.482729, 0.899849, 0.699531, 0.585591; 0.526849, 0.550971, 0.551658, 0.541869, 0.587141, 0.574548, 0.555533, 0.559165, 0.593804, 0.590318, 0.592655, 0.571858, 0.561862, 0.566505, 0.554445, 0.548792, 0.552202, 0.546946, 0.544678, 0.537956, 0.543264, 0.546304, 0.546139, 0.541580, 0.566378, 0.575311, 0.572336, 0.567993, 0.570310, 0.566570, 0.565038, 0.562870, 0.581691, 0.578643, 0.584039, 0.580031, 0.578903, 0.580245, 0.578939, 0.575725, 0.573915, 0.587630, 0.581360, 0.579298, 0.580363, 0.585743, 0.584922
0.438222, 0.477011, 0.553893, 0.537332, 0.493503, 0.485332, 0.442453, 0.486413, 0.455627, 0.442370; 0.436074, 0.434410, 0.456102, 0.451278, 0.436551, 0.442305, 0.441476, 0.448123, 0.448188, 0.434454, 0.441295, 0.466794, 0.445522, 0.536869, 0.531131, 0.525192, 0.420340, 0.414798, 0.418413, 0.417351, 0.414080, 0.423582, 0.427298, 0.426506, 0.452728, 0.449122, 0.473548, 0.476523, 0.472207, 0.467753, 0.472270, 0.467437, 0.467816, 0.467166, 0.467087, 0.466445, 0.463201, 0.471793, 0.469669, 0.468122, 0.476695
