0.086145, 0.479413, 0.049184, 0.070544; 0.018621, 0.045418, 0.022157, 0.029181, 0.034977, 0.045435, 0.052425, 0.048266, 0.050408, 0.038423, 0.047533, 0.053380, 0.053793, 0.057544, 0.048951, 0.056735, 0.057306, 0.061184, 0.058474, 0.061961, 0.065476, 0.070837, 0.073123, 0.076033, 0.080691, 0.084775, 0.087179, 0.089727, 0.087091, 0.088979, 0.084928, 0.086666, 0.086441, 0.090840, 0.092510, 0.094632, 0.095841, 0.091254, 0.093168, 0.090834, 0.094302, 0.094036, 0.095897, 0.096099, 0.096710, 0.098599, 0.100204
0.019757, 0.539391; 0.022539, 0.007896, 0.001868, 0.020256, 0.011609, 0.006443, 0.011339, 0.007829, 0.004801, 0.012507, 0.010350, 0.008146, 0.006567, 0.007765, 0.006307, 0.006169, 0.009144, 0.006600, 0.005485, 0.007937, 0.008012, 0.006882, 0.008492, 0.007746, 0.005912, 0.008331, 0.006448, 0.005636, 0.011975, 0.010424, 0.010113, 0.011386, 0.009849, 0.008505, 0.008208, 0.008733, 0.008034, 0.006953, 0.007440, 0.006573, 0.006084, 0.007200, 0.006622, 0.005760, 0.006101, 0.005721, 0.005357, 0.006181, 0.005738
7.300713, 7.795040, 7.071799, 7.630408, 7.709137, 1.619044, 1.414708, 1.416878, 1.511813, 1.554877, 1.457099, 1.422640, 2.542073, 2.449982, 2.430070, 2.377009, 2.597111, 2.611704, 2.592554, 2.554512, 2.569324, 2.567677, 2.550899, 2.554708, 2.489602; 2.477635, 2.434841, 2.457211, 2.469900, 2.449126, 2.463909, 2.441129, 2.432204, 2.416816, 2.380399, 2.390464, 2.378615, 2.389665, 2.366265, 2.356874, 2.326225, 1.878638, 1.891613, 1.894197, 1.849631, 1.911142, 1.895670, 1.885753, 1.877460, 1.885547, 1.859338
0.033271, 0.009628, 0.000101; 0.048173, 0.039208, 0.026395, 0.019883, 0.090011, 0.077279, 0.069733, 0.059061, 0.098229, 0.089840, 0.081043, 0.079397, 0.071193, 0.069022, 0.062744, 0.060841, 0.077169, 0.074262, 0.070263, 0.066646, 0.088379, 0.086500, 0.084874, 0.083048, 0.096894, 0.096185, 0.094609, 0.094732, 0.110333, 0.106808, 0.105379, 0.101281, 0.111563, 0.107827, 0.105604, 0.102684, 0.097841, 0.095240, 0.093696, 0.092469, 0.088736, 0.086036, 0.083459, 0.082526, 0.087747, 0.086650, 0.085811, 0.084045
1.937719, 3.521634, 0.658214, 0.447607, 0.567457, 0.560845, 0.608340, 0.490250, 0.490638; 0.399023, 0.398130, 0.393140, 0.374323, 0.382167, 0.433078, 0.459983, 0.458451, 0.457376, 0.426040, 0.427868, 0.409903, 0.416265, 0.409333, 0.426586, 0.417858, 0.434258, 0.422092, 0.441752, 0.448154, 0.447304, 0.438374, 0.440764, 0.413214, 0.405294, 0.418227, 0.415666, 0.430616, 0.443127, 0.442595, 0.440682, 0.451681, 0.448949, 0.453329, 0.438843, 0.442878, 0.440120, 0.444286, 0.438521, 0.442332, 0.440020, 0.439921
0.488971, 0.986201; 0.082718, 0.121671, 0.155203, 0.118918, 0.139312, 0.150390, 0.113746, 0.144123, 0.156504, 0.161582, 0.118201, 0.133346, 0.134061, 0.121344, 0.122277, 0.126218, 0.115467, 0.124530, 0.137522, 0.127335, 0.134866, 0.143758, 0.135223, 0.138696, 0.140219, 0.135522, 0.135775, 0.139059, 0.136778, 0.143316, 0.145702, 0.149007, 0.143830, 0.146314, 0.151485, 0.147169, 0.149831, 0.152086, 0.139658, 0.140801, 0.143420, 0.137892, 0.138634, 0.140500, 0.135064, 0.137192, 0.136444, 0.134080, 0.138311
0.051293, 0.000000, 0.000000, 0.000000, 0.000000, 1.183448, 1.101350, 1.031024, 0.975512, 0.917665, 0.874245, 0.830710, 0.795472, 0.759851; 0.712752, 0.682511, 0.659195, 0.637492, 0.617240, 0.595075, 0.577539, 0.560209, 0.544739, 0.512965, 0.500078, 0.486442, 0.474233, 0.440186, 0.429645, 0.419774, 0.410356, 0.401322, 0.392697, 0.375192, 0.368518, 0.361287, 0.355083, 0.348377, 0.342613, 0.337027, 0.323944, 0.318383, 0.313011, 0.308337, 0.303799, 0.291134, 0.286691, 0.282351, 0.278156, 0.274510, 0.270743
2.995732, 23.025851, 23.025851, 23.025851, 23.025851, 23.025851; 1.869745, 2.030450, 2.161151, 2.270987, 2.379029, 2.467038, 2.501614, 2.580695, 2.653934, 2.416283, 2.482282, 2.393416, 2.433040, 2.488445, 2.503771, 2.552582, 2.522402, 2.573147, 2.599913, 2.609789, 2.650558, 2.691511, 2.755994, 2.790528, 2.823830, 2.859455, 2.890426, 2.922015, 2.918615, 2.948935, 2.978440, 3.008414, 3.017248, 2.930516, 2.955184, 2.963976, 2.987818, 2.997786, 3.020891, 3.043476, 3.067867, 3.075991, 2.958643, 2.979612, 2.894624
0.055721, 0.028800; 0.165208, 0.154146, 0.236215, 0.207765, 0.199768, 0.191226, 0.183054, 0.179587, 0.163733, 0.171189, 0.164119, 0.156595, 0.162671, 0.152310, 0.333543, 0.317159, 0.306360, 0.302519, 0.293699, 0.290480, 0.278773, 0.268037, 0.269010, 0.263066, 0.259426, 0.254201, 0.245829, 0.241658, 0.233936, 0.235439, 0.228459, 0.229927, 0.226218, 0.221878, 0.223357, 0.217613, 0.219576, 0.216541, 0.211341, 0.212829, 0.210176, 0.210499, 0.207037, 0.204256, 0.206951, 0.204659, 0.204548, 0.200484, 0.197874
0.093915, 0.178114, 0.017444, 0.026252, 0.011049, 0.013918; 0.008390, 0.009409, 0.006754, 0.008395, 0.012085, 0.006893, 0.008193, 0.005790, 0.006804, 0.008114, 0.006464, 0.007396, 0.009589, 0.010249, 0.008400, 0.009063, 0.008846, 0.009491, 0.009867, 0.007795, 0.008184, 0.007248, 0.007746, 0.009427, 0.009833, 0.008939, 0.009198, 0.009333, 0.009087, 0.009215, 0.008705, 0.009116, 0.009233, 0.008051, 0.008085, 0.007651, 0.007924, 0.007600, 0.007882, 0.007154, 0.007417, 0.007741, 0.007290, 0.007627, 0.007017
1.146056, 4.172629, 0.117536, 0.100376, 0.156607, 0.284394, 0.247482, 0.253329, 0.293035, 0.279331, 0.275977, 0.271407, 0.256665, 0.252191, 0.300476, 0.284269, 0.277793, 0.280624, 0.270374, 0.276398, 0.289132, 0.274223, 0.275598; 0.269829, 0.265743, 0.261009, 0.247343, 0.250483, 0.247537, 0.246415, 0.236625, 0.237899, 0.241311, 0.242270, 0.249774, 0.244444, 0.252574, 0.250107, 0.250847, 0.253455, 0.267577, 0.263805, 0.265115, 0.273757, 0.262299, 0.262403, 0.264391, 0.254433, 0.254432, 0.265060, 0.258505
1.609438, 2.995732, 2.390843, 1.831324, 1.846035, 2.001160, 2.130813, 2.144195, 2.033996, 2.136412, 2.224111, 2.352124, 2.281522, 2.285773, 2.296943, 2.314060, 2.316931, 2.285513, 2.329266; 2.332181, 2.308131, 2.281406, 2.290743, 2.275493, 2.256631, 2.290686, 2.308770, 2.338983, 2.307974, 2.294060, 2.275904, 2.276244, 2.322518, 2.323559, 2.307737, 2.246225, 2.225783, 2.252483, 2.274779, 2.276773, 2.266399, 2.270058, 2.260433, 2.270842, 2.229515, 2.246539, 2.246900, 2.261317, 2.284030, 2.276350, 2.284795
0.000012, 0.076485; 0.046630, 0.050853, 0.033670, 0.036910, 0.025935, 0.020400, 0.017559, 0.028376, 0.021716, 0.018102, 0.021929, 0.019054, 0.017842, 0.012858, 0.017147, 0.016309, 0.014642, 0.017618, 0.017035, 0.016116, 0.021323, 0.019735, 0.017520, 0.019004, 0.016399, 0.015290, 0.013540, 0.023552, 0.022465, 0.021569, 0.023116, 0.022316, 0.021466, 0.025072, 0.024171, 0.023866, 0.022950, 0.025481, 0.024561, 0.023853, 0.026398, 0.026088, 0.025299, 0.026872, 0.025800, 0.025016, 0.024682, 0.027674, 0.027151
0.093878, 0.009216; 0.333267, 0.326236, 0.299732, 0.240461, 0.217343, 0.205941, 0.205439, 0.201711, 0.194700, 0.188843, 0.190213, 0.204052, 0.204790, 0.198737, 0.194141, 0.191423, 0.187563, 0.187679, 0.182972, 0.181933, 0.180414, 0.178147, 0.176979, 0.176377, 0.175835, 0.174965, 0.176843, 0.172928, 0.171052, 0.168017, 0.171196, 0.172404, 0.173024, 0.171368, 0.168265, 0.167195, 0.155155, 0.161243, 0.157457, 0.155580, 0.151467, 0.152062, 0.151482, 0.151001, 0.556539, 0.546445, 0.538682, 0.531472, 0.529743
0.000000, 0.000000, 0.000000, 0.000000, 0.000000, 0.000000, 0.310114, 0.289026, 0.276959, 0.252034, 0.236975, 0.219245, 0.337968, 0.339900, 0.341159, 0.321493, 0.321096, 0.317076; 0.315511, 0.303736, 0.290162, 0.295888, 0.295890, 0.296888, 0.292174, 0.293172, 0.294753, 0.291865, 0.292410, 0.289861, 0.241103, 0.235780, 0.234547, 0.229500, 0.228491, 0.228794, 0.248736, 0.249946, 0.248676, 0.249306, 0.249654, 0.248661, 0.239787, 0.238499, 0.238737, 0.239599, 0.239752, 0.237432, 0.237523, 0.236275, 0.235178
0.001209, 0.058839; 0.059329, 0.042204, 0.035822, 0.025422, 0.025695, 0.024991, 0.023149, 0.029958, 0.025268, 0.024651, 0.025545, 0.022569, 0.021427, 0.021445, 0.028233, 0.026808, 0.019969, 0.028253, 0.027262, 0.026551, 0.027579, 0.025823, 0.024925, 0.026982, 0.026328, 0.026016, 0.026147, 0.027518, 0.026534, 0.025540, 0.027589, 0.026973, 0.025379, 0.024105, 0.022665, 0.021398, 0.021107, 0.022506, 0.022248, 0.021078, 0.024623, 0.023899, 0.023141, 0.024368, 0.024106, 0.024290, 0.023786, 0.024887, 0.025036
0.000722, 0.146695, 0.111073; 0.073384, 0.074685, 0.066153, 0.059936, 0.261505, 0.254486, 0.253187, 0.251255, 0.210141, 0.209599, 0.208099, 0.205508, 0.185746, 0.180596, 0.179065, 0.173592, 0.156565, 0.154747, 0.154428, 0.152528, 0.138903, 0.137856, 0.137939, 0.135035, 0.120657, 0.119035, 0.118059, 0.116905, 0.112316, 0.111163, 0.110453, 0.107674, 0.094946, 0.094501, 0.093270, 0.091462, 0.091669, 0.091310, 0.090804, 0.089225, 0.090624, 0.089186, 0.088911, 0.087541, 0.091657, 0.091444, 0.089814, 0.089261
0.022435, 0.055091, 0.008597; 0.174037, 0.127997, 0.104084, 0.082199, 0.124309, 0.110547, 0.099238, 0.093544, 0.139679, 0.134329, 0.128959, 0.124310, 0.132821, 0.127007, 0.121730, 0.116902, 0.109938, 0.105190, 0.101079, 0.097279, 0.116619, 0.114548, 0.113280, 0.110137, 0.113371, 0.110132, 0.108964, 0.106214, 0.107028, 0.105563, 0.103703, 0.102122, 0.107173, 0.105668, 0.104400, 0.103162, 0.098457, 0.096506, 0.094525, 0.092732, 0.086674, 0.085740, 0.084202, 0.083124, 0.093663, 0.090386, 0.088791, 0.087254
0.000000, 0.051293, 0.051293, 0.042366, 0.028938, 0.049726, 0.053764, 0.056889, 0.055768, 0.050055, 0.050042, 0.045443, 0.042411, 0.044975, 0.042565, 0.098915, 0.099592, 0.099841, 0.101110, 0.098188; 0.095911, 0.095858, 0.092568, 0.089642, 0.089422, 0.089398, 0.087001, 0.087084, 0.087108, 0.087150, 0.044279, 0.045108, 0.045881, 0.046614, 0.047318, 0.043169, 0.042908, 0.042582, 0.042267, 0.042895, 0.043354, 0.043943, 0.043675, 0.044222, 0.044744, 0.047853, 0.047409, 0.047788, 0.048188, 0.048571, 0.048925
0.187790, 14.629357, 11.785175, 7.039712, 0.740988, 0.838169, 0.904002, 0.698185, 0.672886, 0.703929, 0.729801, 0.760405, 0.791720, 0.859383, 0.895062, 0.893989, 0.907413, 0.753072, 0.753337, 0.764506, 0.777000, 0.781539, 0.756520, 0.759140, 0.752824, 0.767455, 0.779469, 0.796691, 0.799603, 0.810618, 0.814880, 0.809082, 0.810064, 0.840361, 0.847964, 0.843084, 0.848715, 0.859331, 0.847852, 0.857204, 0.856721; 0.860859, 0.868841, 0.880110, 0.872298, 0.866517, 0.875649, 0.887464, 0.897571, 0.905243, 0.473671
0.011588, 0.150677, 0.150677; 0.011988, 0.009798, 0.003811, 0.001413, 0.000229, 0.000819, 0.026551, 0.025830, 0.024112, 0.019590, 0.019006, 0.013943, 0.008607, 0.008362, 0.008693, 0.008373, 0.005439, 0.007161, 0.006206, 0.006491, 0.006421, 0.006341, 0.007277, 0.007004, 0.007180, 0.007059, 0.006926, 0.006775, 0.008890, 0.008777, 0.008499, 0.008363, 0.008221, 0.008991, 0.008860, 0.007167, 0.007273, 0.007170, 0.007285, 0.007203, 0.007082, 0.006957, 0.006823, 0.006664, 0.008820, 0.008641, 0.007455, 0.007303
0.510826, 0.162519, 0.202304, 0.205158, 0.229548, 0.233768; 0.274784, 0.285631, 0.303007, 0.323715, 0.330545, 0.186407, 0.192638, 0.194286, 0.197011, 0.199991, 0.210263, 0.210810, 0.213736, 0.218738, 0.221617, 0.221966, 0.226582, 0.230743, 0.230998, 0.231969, 0.241835, 0.242575, 0.242966, 0.240537, 0.245021, 0.244802, 0.246258, 0.241988, 0.249629, 0.250830, 0.253443, 0.226645, 0.227257, 0.227076, 0.232400, 0.230886, 0.230788, 0.233201, 0.234780, 0.238365, 0.238921, 0.244891, 0.246025, 0.246926, 0.248137
0.310793, 3.699128, 0.422518, 0.388983, 0.355434, 0.294043, 0.281385, 0.264299, 0.275886, 0.200434, 0.273879, 0.290365, 0.336425, 0.291450, 0.278890, 0.307084, 0.329493, 0.288268, 0.331210, 0.320666, 0.341460; 0.343272, 0.327062, 0.320820, 0.297302, 0.305481, 0.325346, 0.319866, 0.323784, 0.318720, 0.312044, 0.242647, 0.240977, 0.229541, 0.243518, 0.244410, 0.247080, 0.255781, 0.250146, 0.259167, 0.256322, 0.247131, 0.270173, 0.269676, 0.252033, 0.264316, 0.267226, 0.272248, 0.271365, 0.256032, 0.252678
0.443480, 1.621138, 0.431368, 0.471888, 0.517480, 0.372999, 0.385133, 0.404127, 0.388351, 0.392676, 0.396361; 0.448952, 0.448426, 0.446414, 0.451226, 0.455376, 0.468865, 0.473642, 0.483587, 0.483311, 0.488075, 0.497452, 0.500083, 0.504998, 0.508709, 0.489783, 0.497780, 0.507168, 0.473882, 0.470064, 0.474050, 0.471892, 0.479441, 0.482399, 0.408567, 0.413912, 0.396548, 0.399232, 0.401354, 0.390598, 0.395114, 0.397022, 0.386980, 0.391519, 0.393194, 0.387307, 0.387223, 0.386520, 0.387975, 0.385577, 0.387585
0.019027, 0.070812, 0.078138, 0.050506, 0.059728, 0.068112, 0.071109; 0.051067, 0.053788, 0.058479, 0.061056, 0.062469, 0.046957, 0.050688, 0.051918, 0.053462, 0.054836, 0.056133, 0.051142, 0.052220, 0.053120, 0.054213, 0.051676, 0.052640, 0.053618, 0.055582, 0.056237, 0.057065, 0.052694, 0.053393, 0.054201, 0.052216, 0.053649, 0.054265, 0.055076, 0.055800, 0.055538, 0.053777, 0.054209, 0.054919, 0.055502, 0.055996, 0.053240, 0.052566, 0.052942, 0.053416, 0.050651, 0.049652, 0.050195, 0.050714, 0.051150
20.478954, 20.478954, 5.459874, 5.712111, 5.712111, 5.725220, 6.215289, 4.195915, 4.202525, 3.723945, 3.729794; 4.409396, 3.714653, 3.706119, 3.542371, 3.448241, 3.255709, 3.192610, 3.131286, 3.085404, 3.124119, 3.072404, 3.061627, 2.983552, 2.975754, 2.947392, 2.864493, 2.897455, 2.851807, 2.922252, 2.910769, 2.917348, 2.885314, 2.865603, 2.860946, 2.845967, 2.848300, 2.851553, 2.847611, 2.823388, 2.821669, 2.845800, 2.848866, 2.835481, 2.852569, 2.894690, 2.897573, 2.914081, 2.913223, 2.907162, 2.904307
0.023011, 0.107133, 0.067268, 0.180408, 0.128913, 0.118936, 0.102971; 0.111570, 0.098754, 0.090564, 0.082228, 0.077126, 0.076370, 0.071430, 0.073170, 0.069186, 0.071353, 0.075711, 0.076242, 0.072956, 0.073530, 0.079112, 0.079399, 0.076508, 0.074374, 0.072387, 0.076277, 0.076639, 0.077004, 0.077360, 0.083879, 0.083953, 0.081277, 0.079565, 0.080045, 0.084661, 0.082932, 0.083062, 0.083178, 0.083306, 0.096128, 0.095906, 0.095941, 0.093791, 0.100924, 0.099189, 0.099168, 0.099165, 0.098917, 0.101888, 0.100629
0.000491, 5.980229; 0.074694, 0.075469, 0.059841, 0.069780, 0.060045, 0.054380, 0.063023, 0.055554, 0.054446, 0.027683, 0.028954, 0.026895, 0.017149, 0.019723, 0.018537, 0.018957, 0.022153, 0.018704, 0.017561, 0.017802, 0.016817, 0.014591, 0.025367, 0.025757, 0.024018, 0.026700, 0.025072, 0.020717, 0.026470, 0.025256, 0.024697, 0.023970, 0.029990, 0.025067, 0.024743, 0.029364, 0.029082, 0.027785, 0.027648, 0.026735, 0.025981, 0.027120, 0.025858, 0.023806, 0.026977, 0.026891, 0.026905, 0.030592, 0.031249
2.275570, 2.966476, 2.966476, 2.966476; 0.882282, 0.838730, 0.884312, 0.898957, 0.910251, 0.902517, 0.916256, 0.624439, 0.613870, 0.604889, 0.617910, 0.634309, 0.648686, 0.654251, 0.687832, 0.869495, 0.869085, 0.879203, 0.893162, 0.892732, 0.905661, 0.919991, 0.827236, 0.830040, 0.851122, 0.858717, 0.865337, 0.877855, 0.888512, 0.686647, 0.694507, 0.700894, 0.700917, 0.706070, 0.710961, 0.715800, 0.720759, 0.667054, 0.668825, 0.674779, 0.676280, 0.684059, 0.690852, 0.710730, 0.711719, 0.714439, 0.718219
0.140824, 0.272043; 0.055328, 0.081072, 0.091604, 0.042074, 0.048642, 0.023559, 0.030137, 0.041487, 0.030209, 0.037232, 0.046245, 0.040983, 0.043995, 0.050449, 0.045402, 0.045773, 0.041710, 0.046272, 0.050035, 0.039250, 0.039200, 0.043807, 0.033240, 0.035759, 0.037849, 0.036419, 0.038067, 0.035356, 0.035382, 0.038885, 0.036505, 0.039840, 0.043334, 0.040412, 0.045241, 0.046866, 0.044169, 0.045558, 0.044331, 0.048713, 0.048911, 0.046815, 0.048404, 0.048796, 0.043779, 0.044272, 0.047499, 0.045586, 0.046758
0.762194, 1.327658, 1.582642, 1.574514, 1.580832, 1.997290, 1.845284; 1.814543, 1.761466, 1.752514, 1.229263, 1.328255, 1.297310, 1.312670, 1.341844, 1.333353, 1.152979, 1.168790, 1.183385, 1.236730, 1.248366, 1.222223, 1.243802, 0.445241, 0.479195, 0.496534, 0.498752, 0.491138, 0.505779, 0.513864, 0.512805, 0.520938, 0.516150, 0.539379, 0.553347, 0.561372, 0.554782, 0.569821, 0.564239, 0.592799, 0.615780, 0.605859, 0.594664, 0.604094, 0.602909, 0.610331, 0.627462, 0.624960, 0.634043, 0.632168, 0.634411
0.369447, 0.657276, 0.691259; 0.679534, 0.707548, 0.721535, 0.697016, 0.709988, 0.721148, 0.728212, 0.737190, 0.733375, 0.763809, 0.765071, 0.766827, 0.768825, 0.770838, 0.771994, 0.767117, 0.770446, 0.771120, 0.783720, 0.786179, 0.782324, 0.784632, 0.782882, 0.785530, 0.787162, 0.789220, 0.790593, 0.791231, 0.792253, 0.794106, 0.795492, 0.797230, 0.802973, 0.794250, 0.794676, 0.796267, 0.798577, 0.798996, 0.799826, 0.799890, 0.800475, 0.802114, 0.803554, 0.804012, 0.804216, 0.804955, 0.803823, 0.809729
0.267756, 0.493895, 0.493895, 0.493895; 0.025449, 0.008483, 0.005959, 0.000926, 0.000612, 0.000278, 0.000658, 0.003901, 0.005540, 0.007318, 0.006860, 0.006866, 0.008633, 0.009303, 0.009090, 0.018857, 0.020644, 0.021245, 0.023164, 0.024790, 0.025886, 0.026432, 0.029398, 0.033848, 0.038266, 0.039403, 0.040611, 0.041911, 0.045458, 0.042195, 0.045661, 0.046819, 0.047522, 0.051507, 0.049933, 0.052219, 0.053244, 0.062201, 0.064498, 0.066611, 0.067300, 0.067929, 0.068600, 0.069633, 0.062493, 0.063500, 0.064193
0.094545, 0.031120, 0.031120; 0.076447, 0.058596, 0.087028, 0.077096, 0.068206, 0.063558, 0.073250, 0.070421, 0.066870, 0.067382, 0.061768, 0.071553, 0.069116, 0.066647, 0.064738, 0.063016, 0.061467, 0.068871, 0.069185, 0.065861, 0.064526, 0.061959, 0.068221, 0.065837, 0.064724, 0.063330, 0.062549, 0.061617, 0.065161, 0.064198, 0.063288, 0.061566, 0.059788, 0.063876, 0.063105, 0.062901, 0.062171, 0.061429, 0.060765, 0.062576, 0.061929, 0.061309, 0.059989, 0.059437, 0.062382, 0.061816, 0.062058, 0.060801
0.048075, 0.110557, 0.109004, 0.753960, 0.702733; 0.716381, 0.682586, 0.653102, 0.618947, 0.550618, 0.529784, 0.511858, 0.493298, 0.511742, 0.495575, 0.478203, 0.447288, 0.418761, 0.410241, 0.399770, 0.411300, 0.406773, 0.389405, 0.386619, 0.378392, 0.371302, 0.358295, 0.348317, 0.341882, 0.333411, 0.345179, 0.337801, 0.332707, 0.330235, 0.323275, 0.322268, 0.314124, 0.311683, 0.320101, 0.316633, 0.308754, 0.305824, 0.300935, 0.295656, 0.292740, 0.358884, 0.357785, 0.348553, 0.347467, 0.343930, 0.338881
0.223053, 0.630364, 0.848982; 0.003610, 0.000724, 0.001699, 0.002442, 0.003908, 0.005565, 0.026131, 0.029579, 0.033019, 0.038336, 0.042431, 0.015700, 0.018939, 0.018242, 0.019642, 0.021307, 0.024092, 0.023753, 0.025417, 0.027032, 0.029110, 0.031577, 0.037374, 0.037812, 0.038674, 0.039533, 0.040368, 0.042104, 0.046307, 0.048240, 0.049855, 0.051693, 0.055527, 0.004500, 0.004744, 0.005238, 0.005735, 0.006108, 0.006870, 0.000683, 0.000898, 0.001237, 0.001267, 0.001300, 0.000416, 0.000472, 0.000459, 0.000498
0.063379, 0.509994, 0.081143; 0.063959, 0.054961, 0.031819, 0.036575, 0.014959, 0.016668, 0.038489, 0.029808, 0.033620, 0.029663, 0.029920, 0.021723, 0.024161, 0.025998, 0.025030, 0.024446, 0.022401, 0.024968, 0.027244, 0.025474, 0.026802, 0.029123, 0.027184, 0.026361, 0.027630, 0.027347, 0.026821, 0.024236, 0.026487, 0.027949, 0.025503, 0.026893, 0.026009, 0.025519, 0.022972, 0.023475, 0.022331, 0.021409, 0.021762, 0.019669, 0.019238, 0.018958, 0.016156, 0.016817, 0.017669, 0.015460, 0.015056, 0.015412
0.299169, 0.232773; 0.283921, 0.264032, 0.285639, 0.319155, 0.339170, 0.341936, 0.346653, 0.351513, 0.355617, 0.356612, 0.350519, 0.356021, 0.356765, 0.357461, 0.358168, 0.360539, 0.365561, 0.367704, 0.367984, 0.368255, 0.368484, 0.358654, 0.358920, 0.396972, 0.397385, 0.386983, 0.387859, 0.388587, 0.387280, 0.392104, 0.349739, 0.350010, 0.353744, 0.349199, 0.347161, 0.345030, 0.345247, 0.342243, 0.345218, 0.345532, 0.346351, 0.350304, 0.355281, 0.351883, 0.355636, 0.356138, 0.356230, 0.358329, 0.351445
0.039704, 0.241705, 0.241705; 0.033647, 0.030941, 0.028238, 0.018052, 0.006145, 0.004856, 0.017495, 0.020584, 0.020571, 0.020416, 0.020067, 0.029471, 0.029254, 0.028933, 0.028483, 0.027317, 0.027853, 0.021596, 0.021033, 0.015303, 0.011119, 0.011005, 0.015980, 0.014390, 0.011445, 0.012001, 0.011730, 0.011692, 0.015447, 0.015452, 0.015188, 0.012489, 0.012494, 0.017255, 0.016618, 0.016494, 0.016920, 0.015987, 0.016093, 0.021078, 0.020805, 0.021233, 0.021234, 0.021408, 0.026512, 0.026273, 0.026281, 0.026642
0.111993, 0.051996, 0.051996, 0.047713; 0.182824, 0.177853, 0.172981, 0.156532, 0.141469, 0.138574, 0.133797, 0.129760, 0.157731, 0.156354, 0.146361, 0.144721, 0.137577, 0.131464, 0.130158, 0.128521, 0.145312, 0.144123, 0.142674, 0.140619, 0.138452, 0.136463, 0.134474, 0.151851, 0.150455, 0.149236, 0.147164, 0.145408, 0.143820, 0.139725, 0.137771, 0.148766, 0.147838, 0.144360, 0.143453, 0.142565, 0.141697, 0.140401, 0.139268, 0.152590, 0.151764, 0.150802, 0.149978, 0.147188, 0.146299, 0.145008, 0.152297
0.121828, 0.660709, 0.424726, 0.295223; 0.006442, 0.022893, 0.010342, 0.006339, 0.011301, 0.010477, 0.010823, 0.005520, 0.005140, 0.000918, 0.000705, 0.000766, 0.000817, 0.000764, 0.003014, 0.004501, 0.000677, 0.000717, 0.001482, 0.001594, 0.001959, 0.003819, 0.004214, 0.007426, 0.008632, 0.012714, 0.013430, 0.014999, 0.015379, 0.002227, 0.001486, 0.002545, 0.002387, 0.003191, 0.003178, 0.004434, 0.004619, 0.005055, 0.005093, 0.005421, 0.005107, 0.006081, 0.005347, 0.005284, 0.005936, 0.005792, 0.004771
0.073504, 0.142571, 0.040855, 0.056214, 0.088513, 0.061374, 0.063720; 0.056884, 0.055951, 0.057570, 0.057586, 0.057922, 0.054797, 0.056295, 0.058217, 0.061458, 0.062768, 0.064560, 0.064522, 0.064407, 0.066030, 0.067851, 0.065823, 0.065904, 0.066714, 0.063369, 0.063868, 0.064301, 0.063130, 0.063811, 0.063365, 0.063395, 0.060387, 0.060660, 0.061259, 0.059499, 0.060077, 0.060404, 0.060103, 0.060699, 0.062670, 0.063113, 0.062014, 0.062306, 0.062306, 0.060780, 0.060934, 0.061032, 0.059651, 0.059914, 0.059886
0.185881, 0.005098, 0.230806, 0.217313, 0.182265, 0.180348; 0.230992, 0.182558, 0.213488, 0.178014, 0.185695, 0.160714, 0.175340, 0.151934, 0.142829, 0.144774, 0.137307, 0.151280, 0.143279, 0.156300, 0.150970, 0.150635, 0.144272, 0.149562, 0.143496, 0.138098, 0.145728, 0.138816, 0.145404, 0.141460, 0.149333, 0.142934, 0.149100, 0.142106, 0.148327, 0.142348, 0.145598, 0.142957, 0.142071, 0.140247, 0.134785, 0.142823, 0.139399, 0.141523, 0.139553, 0.140330, 0.139172, 0.141595, 0.140897, 0.137328, 0.143086
0.035429, 0.227810, 0.125246, 0.118496, 0.091416; 0.056663, 0.074007, 0.073395, 0.072154, 0.081639, 0.071813, 0.071288, 0.076158, 0.084063, 0.078496, 0.084242, 0.088589, 0.082389, 0.082444, 0.081303, 0.084033, 0.083241, 0.075144, 0.073308, 0.071953, 0.074128, 0.077480, 0.079120, 0.078168, 0.077054, 0.074726, 0.074497, 0.077647, 0.076117, 0.076144, 0.075065, 0.073969, 0.076198, 0.078386, 0.076726, 0.078070, 0.077899, 0.077448, 0.076821, 0.076836, 0.078711, 0.078219, 0.072277, 0.071879, 0.071763, 0.072417
0.042578, 0.042578, 0.042578, 0.042578, 0.042578, 0.042578; 0.006645, 0.007056, 0.006917, 0.007540, 0.008186, 0.008618, 0.008939, 0.009095, 0.009876, 0.010597, 0.011299, 0.009384, 0.009564, 0.010129, 0.010244, 0.010805, 0.010936, 0.011480, 0.012696, 0.013207, 0.013565, 0.013733, 0.004934, 0.004979, 0.005030, 0.005088, 0.005264, 0.005617, 0.005964, 0.006143, 0.006225, 0.006194, 0.006275, 0.002146, 0.002369, 0.002477, 0.002534, 0.003004, 0.003241, 0.003367, 0.003607, 0.003848, 0.004086, 0.004111, 0.001048
0.016943, 0.093085, 0.126017; 0.290255, 0.229005, 0.205661, 0.215474, 0.207460, 0.184274, 0.135766, 0.122574, 0.125561, 0.129581, 0.135183, 0.094413, 0.083214, 0.085804, 0.076698, 0.073131, 0.069976, 0.056515, 0.050735, 0.045813, 0.046049, 0.044735, 0.053070, 0.054341, 0.055119, 0.053867, 0.052720, 0.049606, 0.044460, 0.044730, 0.044144, 0.045487, 0.044562, 0.095061, 0.094946, 0.089445, 0.088402, 0.088593, 0.086222, 0.088414, 0.083628, 0.083136, 0.081150, 0.078775, 0.089029, 0.087562, 0.087471, 0.086092
0.124364, 3.886531, 0.177389, 0.266888, 0.240109, 0.223169; 0.000112, 0.000641, 0.003271, 0.005259, 0.008651, 0.009791, 0.014051, 0.017693, 0.018456, 0.019976, 0.020775, 0.030534, 0.033757, 0.041065, 0.043318, 0.040937, 0.047361, 0.047381, 0.048334, 0.216239, 0.216404, 0.213853, 0.188590, 0.187421, 0.187783, 0.188932, 0.187874, 0.188316, 0.190913, 0.188403, 0.186430, 0.185398, 0.177609, 0.163726, 0.164490, 0.163766, 0.163845, 0.162861, 0.164231, 0.163003, 0.162091, 0.164469, 0.166586, 0.166124, 0.151311
0.001264, 0.093884; 0.004760, 0.000308, 0.004717, 0.017960, 0.016392, 0.014670, 0.030927, 0.027149, 0.022023, 0.021064, 0.034499, 0.030547, 0.029333, 0.036808, 0.032080, 0.032093, 0.038587, 0.035229, 0.035273, 0.041167, 0.039136, 0.033760, 0.037620, 0.035736, 0.035207, 0.038428, 0.037174, 0.037457, 0.042788, 0.042591, 0.041152, 0.040046, 0.038368, 0.035432, 0.035336, 0.037117, 0.037346, 0.037542, 0.041387, 0.040276, 0.040137, 0.037900, 0.037013, 0.036791, 0.038283, 0.038103, 0.037739, 0.039991, 0.039822
0.013289, 0.026764; 0.064021, 0.015897, 0.018949, 0.057954, 0.031167, 0.027040, 0.033608, 0.030330, 0.028754, 0.037400, 0.036067, 0.034548, 0.032634, 0.032192, 0.028468, 0.025701, 0.036870, 0.028016, 0.023723, 0.023831, 0.021131, 0.018318, 0.038455, 0.034156, 0.031732, 0.031325, 0.028747, 0.026442, 0.040160, 0.032996, 0.030000, 0.024896, 0.023212, 0.019797, 0.019643, 0.021711, 0.019467, 0.018343, 0.019451, 0.018765, 0.017355, 0.017049, 0.014946, 0.014607, 0.016098, 0.015100, 0.013829, 0.014322, 0.013046
0.012914, 0.056867, 0.056867; 0.331529, 0.349099, 0.321051, 0.300229, 0.521211, 0.506365, 0.495450, 0.484491, 0.386333, 0.366599, 0.358573, 0.323732, 0.310200, 0.285429, 0.274799, 0.265990, 0.263127, 0.256461, 0.239258, 0.233187, 0.226912, 0.219026, 0.207872, 0.206566, 0.201348, 0.191127, 0.192912, 0.188885, 0.186556, 0.182286, 0.170858, 0.165757, 0.162587, 0.160516, 0.154180, 0.138819, 0.136536, 0.135640, 0.133433, 0.134160, 0.131873, 0.129838, 0.129053, 0.126901, 0.128930, 0.127139, 0.124912, 0.123003
0.130990, 0.003820; 0.240058, 0.166599, 0.159147, 0.139207, 0.186587, 0.174009, 0.168550, 0.141046, 0.156568, 0.143108, 0.133928, 0.153327, 0.153720, 0.147064, 0.143940, 0.153680, 0.151886, 0.150518, 0.146360, 0.156647, 0.152575, 0.145565, 0.153382, 0.147033, 0.143228, 0.137850, 0.149985, 0.144718, 0.139862, 0.139832, 0.144047, 0.143304, 0.138829, 0.145311, 0.144287, 0.142603, 0.140977, 0.148408, 0.147443, 0.144873, 0.143345, 0.142629, 0.142944, 0.139424, 0.146186, 0.142776, 0.139543, 0.138980, 0.145640
0.001191, 0.004643, 0.150106, 0.064246, 0.026799; 0.052581, 0.011385, 0.005359, 0.016032, 0.013619, 0.011587, 0.026752, 0.024590, 0.133741, 0.123129, 0.111608, 0.101114, 0.101575, 0.098952, 0.104330, 0.099778, 0.091754, 0.125249, 0.121799, 0.121488, 0.108619, 0.104156, 0.104653, 0.114810, 0.110413, 0.103199, 0.101844, 0.102262, 0.097782, 0.101385, 0.098673, 0.092551, 0.090674, 0.086126, 0.087456, 0.082248, 0.080621, 0.084247, 0.077781, 0.075945, 0.078919, 0.078189, 0.071475, 0.070464, 0.069681, 0.063120
10.476620, 10.476620, 8.348392, 8.385119, 7.807478, 7.790662, 2.709211, 1.968796, 2.219676, 2.217644, 2.227768, 0.955849, 0.879840, 0.769131, 0.759499, 0.800846, 0.759725, 0.765229, 0.773355, 0.740681, 0.709223, 0.713060, 0.730253, 0.744363, 0.669612, 0.688585, 0.719849, 0.726981, 0.694503, 0.701069, 0.706571, 0.700600, 0.712003, 0.693566, 0.676397, 0.661955, 0.667500, 0.628647, 0.641646, 0.649798, 0.634966, 0.625547, 0.640101, 0.646269; 0.651349, 0.654373, 0.658252, 0.638009, 0.643036, 0.640855, 0.643924
0.015574, 0.205647, 0.038597, 0.055200, 0.064814; 0.144676, 0.121419, 0.118395, 0.082159, 0.082055, 0.076786, 0.074364, 0.070044, 0.075139, 0.059167, 0.083047, 0.079615, 0.097829, 0.100907, 0.094045, 0.092083, 0.084281, 0.085450, 0.081142, 0.076971, 0.075486, 0.043806, 0.043524, 0.098496, 0.098869, 0.098762, 0.099101, 0.098598, 0.098310, 0.099100, 0.099207, 0.099669, 0.099249, 0.098921, 0.099121, 0.095651, 0.095975, 0.094680, 0.095026, 0.094347, 0.094609, 0.093337, 0.092805, 0.092001, 0.091441, 0.092209
0.015824, 0.063268, 0.099925, 0.101835, 0.083231, 0.070927, 0.069744; 0.150260, 0.151366, 0.129657, 0.124992, 0.119063, 0.114965, 0.111906, 0.114532, 0.116848, 0.111705, 0.109085, 0.105174, 0.107157, 0.109197, 0.135968, 0.132905, 0.133747, 0.131592, 0.132324, 0.128351, 0.129108, 0.125834, 0.126692, 0.124814, 0.125539, 0.122845, 0.120468, 0.118903, 0.131462, 0.128203, 0.128759, 0.129325, 0.129805, 0.144535, 0.144692, 0.142121, 0.139706, 0.138080, 0.136674, 0.136954, 0.135665, 0.134384, 0.142704, 0.142894
0.034994, 0.077595, 0.088598, 0.006455, 0.028136, 0.026799, 0.020114; 0.071433, 0.062165, 0.059357, 0.055015, 0.053355, 0.053215, 0.053399, 0.049129, 0.048012, 0.031428, 0.030338, 0.031412, 0.029930, 0.045297, 0.044890, 0.044994, 0.038834, 0.038841, 0.038839, 0.038938, 0.038626, 0.038002, 0.049841, 0.049876, 0.041212, 0.040558, 0.039272, 0.039358, 0.038484, 0.038491, 0.036481, 0.036305, 0.035770, 0.035104, 0.034873, 0.039475, 0.037574, 0.032194, 0.031746, 0.031590, 0.031582, 0.030388, 0.030410, 0.026768
0.356675, 0.051293; 0.651183, 0.554432, 0.475860, 0.606729, 0.544491, 0.494851, 0.490126, 0.453460, 0.429671, 0.376833, 0.413476, 0.398247, 0.387796, 0.383239, 0.368945, 0.358325, 0.354959, 0.331460, 0.322414, 0.309870, 0.303860, 0.294457, 0.296219, 0.291563, 0.280965, 0.300020, 0.290378, 0.285222, 0.307736, 0.304433, 0.301198, 0.293845, 0.292598, 0.289032, 0.285194, 0.302005, 0.299052, 0.291448, 0.291550, 0.289186, 0.286741, 0.286285, 0.284773, 0.283129, 0.294092, 0.293703, 0.292237, 0.295218, 0.293733
0.008477, 0.079008; 0.018821, 0.001010, 0.000148, 0.004301, 0.001117, 0.000084, 0.000430, 0.001892, 0.000003, 0.000456, 0.001344, 0.000068, 0.000081, 0.000205, 0.000484, 0.000450, 0.001003, 0.001904, 0.002430, 0.000206, 0.000539, 0.000977, 0.000021, 0.000128, 0.000365, 0.000718, 0.000750, 0.001278, 0.001438, 0.001606, 0.000357, 0.000456, 0.000677, 0.000089, 0.000216, 0.000391, 0.000475, 0.000035, 0.000081, 0.000106, 0.000230, 0.000252, 0.000352, 0.000574, 0.000153, 0.000293, 0.000444, 0.000630, 0.000178
0.101943, 0.000389, 0.046882; 0.048009, 0.028344, 0.050521, 0.048046, 0.073803, 0.073597, 0.065772, 0.064735, 0.072928, 0.058686, 0.080206, 0.089314, 0.083094, 0.077438, 0.079528, 0.063085, 0.060410, 0.056219, 0.052164, 0.056957, 0.058490, 0.056902, 0.060749, 0.059627, 0.062600, 0.064179, 0.061789, 0.061427, 0.063351, 0.060279, 0.057695, 0.060544, 0.059743, 0.062233, 0.063244, 0.059386, 0.057523, 0.060711, 0.060233, 0.062711, 0.063139, 0.058827, 0.060371, 0.060848, 0.061414, 0.064223, 0.061163, 0.065401
0.006998, 0.006998, 0.006998, 0.006998, 0.006998, 0.003926, 0.004171, 0.004380; 0.009098, 0.008790, 0.007821, 0.007716, 0.007641, 0.007618, 0.007581, 0.007561, 0.007815, 0.006546, 0.006563, 0.006351, 0.006399, 0.006417, 0.006431, 0.006447, 0.007006, 0.006635, 0.006658, 0.006672, 0.006681, 0.006451, 0.006474, 0.006492, 0.006517, 0.006527, 0.006537, 0.006558, 0.006566, 0.007486, 0.007232, 0.007229, 0.031722, 0.031837, 0.031943, 0.030922, 0.030841, 0.030709, 0.030630, 0.030832, 0.030914, 0.030991, 0.031062
0.203197, 0.787515, 0.787515; 0.494525, 0.521188, 0.544109, 0.569401, 0.132316, 0.137915, 0.145195, 0.148800, 0.052353, 0.059770, 0.064364, 0.071672, 0.074404, 0.045529, 0.048484, 0.051714, 0.055410, 0.083385, 0.086324, 0.089868, 0.092765, 0.097978, 0.069135, 0.072491, 0.075828, 0.078842, 0.057889, 0.062132, 0.065295, 0.068303, 0.070929, 0.056118, 0.058182, 0.060290, 0.062805, 0.066964, 0.069384, 0.070530, 0.073166, 0.085728, 0.089316, 0.093030, 0.094818, 0.095926, 0.078106, 0.081295, 0.083439, 0.084736
1.203973, 1.897120; 0.636022, 0.732237, 0.800865, 0.728941, 0.718805, 0.855748, 0.859537, 0.889720, 0.911959, 0.927269, 0.873969, 0.871423, 0.909612, 0.823396, 0.836533, 0.845009, 0.835010, 0.859267, 0.880987, 0.816696, 0.783289, 0.795689, 0.792831, 0.804543, 0.803701, 0.753065, 0.777556, 0.785912, 0.728860, 0.733620, 0.742323, 0.774849, 0.743986, 0.758460, 0.775700, 0.771136, 0.783248, 0.788950, 0.762260, 0.777358, 0.778080, 0.766969, 0.772566, 0.781668, 0.782899, 0.765021, 0.778762, 0.758883, 0.727448
1.003110, 0.525870, 0.525870, 0.542513, 0.539016, 0.604521, 0.598445, 0.589273; 0.594149, 0.593745, 0.589028, 0.580039, 0.578110, 0.568801, 0.564453, 0.542443, 0.542665, 0.542345, 0.535505, 0.533440, 0.536435, 0.536988, 0.532521, 0.530696, 0.530815, 0.530842, 0.530098, 0.530533, 0.531067, 0.530431, 0.545706, 0.558947, 0.565535, 0.558532, 0.558102, 0.556696, 0.555327, 0.560661, 0.559546, 0.559193, 0.557361, 0.556485, 0.556187, 0.555726, 0.554133, 0.548631, 0.550159, 0.547921, 0.544768, 0.544808, 0.548299
0.000469, 0.228181; 0.001460, 0.000003, 0.004197, 0.001080, 0.000904, 0.000744, 0.002824, 0.000415, 0.000041, 0.000039, 0.000279, 0.000041, 0.000026, 0.000012, 0.000275, 0.000280, 0.000219, 0.000406, 0.001006, 0.000170, 0.000476, 0.000736, 0.000066, 0.000155, 0.000261, 0.000007, 0.000012, 0.000007, 0.000001, 0.000025, 0.000165, 0.000153, 0.000002, 0.000002, 0.000002, 0.000041, 0.000042, 0.000007, 0.000109, 0.000045, 0.000042, 0.000167, 0.000084, 0.000009, 0.000045, 0.000046, 0.000037, 0.000215, 0.000252
0.081020, 0.001015; 0.131742, 0.111037, 0.084167, 0.079094, 0.108071, 0.109200, 0.095710, 0.091790, 0.112070, 0.109807, 0.102343, 0.114946, 0.117083, 0.111136, 0.109731, 0.102083, 0.103431, 0.098965, 0.098030, 0.091669, 0.091004, 0.090241, 0.096288, 0.096945, 0.096071, 0.092975, 0.090544, 0.089668, 0.088748, 0.086491, 0.089633, 0.089162, 0.086715, 0.088374, 0.087882, 0.087200, 0.085113, 0.087910, 0.083951, 0.082098, 0.081743, 0.085649, 0.083957, 0.083448, 0.082458, 0.082172, 0.080938, 0.079773, 0.082006
0.079989, 0.004938, 0.004938; 0.318475, 0.172367, 0.125052, 0.099389, 0.082916, 0.081095, 0.129357, 0.126508, 0.118661, 0.115349, 0.111388, 0.135635, 0.124941, 0.122371, 0.119705, 0.116446, 0.113655, 0.141404, 0.139804, 0.129861, 0.121120, 0.113762, 0.170024, 0.166870, 0.166475, 0.166011, 0.159397, 0.156796, 0.165276, 0.159091, 0.158390, 0.157695, 0.154970, 0.164460, 0.165453, 0.164181, 0.163301, 0.162389, 0.161359, 0.175563, 0.175199, 0.173894, 0.172343, 0.171213, 0.177112, 0.177668, 0.176394, 0.173564
0.005189, 0.011548; 0.053960, 0.030530, 0.007659, 0.003126, 0.026899, 0.012045, 0.005323, 0.003482, 0.012052, 0.008331, 0.005717, 0.029437, 0.025157, 0.019536, 0.017386, 0.035765, 0.030335, 0.029424, 0.027051, 0.029515, 0.025412, 0.024214, 0.036493, 0.032792, 0.029854, 0.027196, 0.030225, 0.029938, 0.028014, 0.025942, 0.036754, 0.034338, 0.033163, 0.034973, 0.034329, 0.032629, 0.030634, 0.044061, 0.042710, 0.041525, 0.040515, 0.047184, 0.046092, 0.045393, 0.046743, 0.045615, 0.045414, 0.044726, 0.044967
0.494922, 0.897519, 0.569412, 0.346161, 0.442443; 0.506676, 0.538559, 0.570247, 0.501184, 0.516435, 0.509405, 0.519966, 0.531084, 0.537703, 0.531233, 0.535906, 0.524358, 0.531335, 0.512215, 0.522369, 0.527853, 0.528147, 0.529739, 0.477668, 0.484499, 0.488276, 0.491702, 0.495223, 0.476551, 0.477406, 0.478673, 0.484817, 0.488600, 0.488242, 0.495377, 0.496815, 0.498234, 0.503294, 0.505544, 0.483707, 0.490302, 0.519852, 0.523383, 0.504486, 0.507504, 0.510750, 0.513776, 0.523114, 0.520856, 0.522085, 0.523032
0.001515, 0.010139, 0.001801, 0.000876; 0.090135, 0.086573, 0.082176, 0.066051, 0.063266, 0.062120, 0.057371, 0.113871, 0.104484, 0.096490, 0.093213, 0.090023, 0.088773, 0.082037, 0.078401, 0.095234, 0.092692, 0.089357, 0.087005, 0.084677, 0.082478, 0.080350, 0.100138, 0.098090, 0.095361, 0.094317, 0.090414, 0.085884, 0.084276, 0.117121, 0.115623, 0.112426, 0.111162, 0.107299, 0.106144, 0.103465, 0.102381, 0.141595, 0.139858, 0.138218, 0.137082, 0.135956, 0.134762, 0.133090, 0.136540, 0.135454, 0.134378
0.144029, 0.040354, 0.137749, 0.079523; 0.180483, 0.152629, 0.145743, 0.140440, 0.136541, 0.126198, 0.123310, 0.127636, 0.125938, 0.120092, 0.112807, 0.106676, 0.103629, 0.106745, 0.106137, 0.104210, 0.109435, 0.108946, 0.118795, 0.112464, 0.107606, 0.106208, 0.103947, 0.101949, 0.100555, 0.096774, 0.100369, 0.106998, 0.102248, 0.099757, 0.102090, 0.100032, 0.098135, 0.098214, 0.096474, 0.095797, 0.103011, 0.100831, 0.100750, 0.105626, 0.105566, 0.104535, 0.103969, 0.102480, 0.104040, 0.101549, 0.102418
3.711988, 3.711988, 3.711988, 3.711988, 3.711988, 3.711988, 3.711988, 3.711988, 3.711988, 3.711988, 3.711988; 0.035935, 0.029373, 0.028228, 0.027920, 0.018926, 0.012654, 0.011834, 0.007676, 0.004734, 0.004343, 0.004193, 0.003123, 0.002365, 0.002062, 0.001417, 0.001185, 0.000916, 0.000683, 0.000523, 0.000352, 0.000239, 0.000010, 0.002010, 0.002202, 0.002404, 0.002618, 0.003048, 0.003286, 0.003534, 0.003792, 0.004060, 0.004415, 0.004533, 0.004828, 0.005133, 0.006421, 0.006749, 0.007170, 0.007516, 0.008910
0.290272, 0.408771, 0.360042, 0.361952; 0.289889, 0.311925, 0.309986, 0.342348, 0.318745, 0.302592, 0.310614, 0.311597, 0.325580, 0.325901, 0.336709, 0.342314, 0.332642, 0.313288, 0.311753, 0.302198, 0.293841, 0.298033, 0.290503, 0.292080, 0.299129, 0.299046, 0.295136, 0.293068, 0.289879, 0.289358, 0.296347, 0.298489, 0.293231, 0.291235, 0.291766, 0.285358, 0.281533, 0.287197, 0.286379, 0.287325, 0.266222, 0.260800, 0.261630, 0.255564, 0.259902, 0.266372, 0.261846, 0.261592, 0.265299, 0.265634, 0.269219
0.122569, 0.413573; 0.067781, 0.081256, 0.087907, 0.100825, 0.101194, 0.129843, 0.122519, 0.120919, 0.149188, 0.141142, 0.144792, 0.132645, 0.132497, 0.127503, 0.127694, 0.128364, 0.131380, 0.123707, 0.125649, 0.124055, 0.126594, 0.127645, 0.126050, 0.130276, 0.139526, 0.145953, 0.137733, 0.139949, 0.133216, 0.134587, 0.130576, 0.131978, 0.133337, 0.132200, 0.132307, 0.131174, 0.132520, 0.129281, 0.129457, 0.128465, 0.129334, 0.128343, 0.127115, 0.127999, 0.133514, 0.133523, 0.129251, 0.129269, 0.121425
0.018250, 0.023318, 0.023318; 0.039874, 0.026190, 0.011049, 0.010142, 0.014176, 0.010547, 0.008715, 0.004214, 0.011728, 0.010957, 0.008161, 0.005497, 0.023229, 0.022411, 0.020713, 0.019184, 0.030840, 0.027709, 0.027778, 0.024798, 0.030343, 0.029052, 0.027753, 0.027006, 0.037412, 0.036354, 0.035261, 0.033565, 0.038076, 0.036812, 0.035681, 0.034858, 0.038265, 0.035959, 0.034943, 0.031330, 0.034713, 0.034047, 0.032314, 0.031692, 0.037675, 0.037360, 0.037361, 0.036592, 0.042319, 0.041544, 0.041033, 0.040990
0.014136, 0.014136, 0.004839, 0.007042, 0.008424, 0.009792; 0.003126, 0.001894, 0.001082, 0.000621, 0.000341, 0.000306, 0.000138, 0.000060, 0.000007, 0.000005, 0.000005, 0.006239, 0.004927, 0.004256, 0.003752, 0.003357, 0.002939, 0.002505, 0.002395, 0.002181, 0.001843, 0.001536, 0.002231, 0.001892, 0.001328, 0.001282, 0.001247, 0.001201, 0.001166, 0.001011, 0.000980, 0.000855, 0.000751, 0.001950, 0.001786, 0.001732, 0.001682, 0.001633, 0.001493, 0.001343, 0.001303, 0.001186, 0.001150, 0.001043, 0.001630
0.519680, 1.590452, 0.671371, 0.872054; 0.739049, 0.916173, 0.901623, 0.892890, 0.918644, 0.834506, 0.842333, 0.803656, 0.780438, 0.780767, 0.782005, 0.786489, 0.760005, 0.795586, 0.802191, 0.798224, 0.780879, 0.783340, 0.787980, 0.775380, 0.773892, 0.765537, 0.758868, 0.763579, 0.752442, 0.757926, 0.754095, 0.748287, 0.749477, 0.727875, 0.730306, 0.715166, 0.724099, 0.732108, 0.726335, 0.732267, 0.729399, 0.732611, 0.736989, 0.742546, 0.735848, 0.732083, 0.735227, 0.732288, 0.734090, 0.740341, 0.730250
0.011588, 0.078883, 0.078883; 0.053575, 0.054550, 0.059380, 0.060201, 0.062958, 0.065037, 0.037327, 0.040164, 0.042648, 0.040402, 0.040978, 0.035148, 0.036989, 0.037527, 0.039408, 0.040832, 0.042453, 0.041488, 0.042891, 0.043258, 0.044552, 0.045729, 0.037512, 0.038750, 0.039405, 0.039736, 0.040072, 0.041155, 0.024783, 0.025786, 0.026745, 0.026919, 0.027100, 0.010384, 0.010965, 0.010909, 0.010628, 0.010611, 0.010587, 0.008700, 0.009221, 0.009213, 0.009168, 0.009176, 0.000992, 0.000956, 0.000921, 0.000890
0.015708, 0.166654, 0.231674; 0.036021, 0.033922, 0.031388, 0.028964, 0.026444, 0.021256, 0.000881, 0.000662, 0.000522, 0.000293, 0.000119, 0.000223, 0.000411, 0.000485, 0.000505, 0.000816, 0.000939, 0.003986, 0.004637, 0.004865, 0.005459, 0.006118, 0.005362, 0.005564, 0.006181, 0.006706, 0.007299, 0.007842, 0.011879, 0.012161, 0.012508, 0.012760, 0.013287, 0.009743, 0.010232, 0.010392, 0.010529, 0.010696, 0.011131, 0.010233, 0.010183, 0.010602, 0.010763, 0.010947, 0.007779, 0.007914, 0.008246, 0.008383
0.239234, 0.819258, 0.431522, 0.472577, 0.249335, 0.319629, 0.321970, 0.322623, 0.327912, 0.295815, 0.305013; 0.331787, 0.312294, 0.298680, 0.268718, 0.281476, 0.284451, 0.287172, 0.302693, 0.288981, 0.283216, 0.286984, 0.263980, 0.272411, 0.275599, 0.276720, 0.288634, 0.290867, 0.297730, 0.285719, 0.292965, 0.294510, 0.296523, 0.313510, 0.315253, 0.317142, 0.318306, 0.305966, 0.307394, 0.308639, 0.312978, 0.313657, 0.317417, 0.317758, 0.325083, 0.319404, 0.320427, 0.321354, 0.314575, 0.309858, 0.313149
0.001191, 0.053528; 0.159422, 0.022397, 0.011708, 0.041093, 0.025998, 0.021695, 0.044105, 0.018858, 0.018379, 0.018145, 0.022297, 0.019701, 0.018433, 0.025571, 0.022864, 0.018265, 0.026253, 0.026036, 0.025093, 0.032196, 0.033127, 0.033141, 0.039562, 0.036488, 0.030468, 0.032624, 0.028883, 0.027471, 0.028821, 0.027220, 0.021415, 0.021676, 0.025853, 0.025959, 0.020679, 0.022877, 0.022791, 0.022518, 0.024667, 0.024315, 0.022395, 0.025983, 0.024206, 0.024165, 0.023988, 0.021783, 0.021161, 0.021803, 0.021465
0.124735, 0.065540, 0.132364, 0.138308, 0.192286, 0.183916, 0.198357, 0.230435, 0.222580, 0.233857, 0.260088, 0.251755, 0.238459, 0.250558; 0.272124, 0.249902, 0.256795, 0.257554, 0.237145, 0.227209, 0.232947, 0.219501, 0.223025, 0.227374, 0.216497, 0.220176, 0.225184, 0.214945, 0.215220, 0.205812, 0.206536, 0.206257, 0.206612, 0.196557, 0.198207, 0.202364, 0.207402, 0.201762, 0.204130, 0.204454, 0.201810, 0.205118, 0.212581, 0.205430, 0.208536, 0.211148, 0.202520, 0.204343, 0.206034, 0.199554, 0.198969
1.051499, 1.213685, 1.124428, 0.831104, 0.775994, 0.856506; 0.898232, 0.894223, 0.860105, 0.899668, 0.887995, 0.912934, 0.918035, 0.917040, 0.958857, 0.973218, 0.953562, 0.956962, 0.941316, 0.965915, 0.951100, 0.961253, 0.957040, 0.929585, 0.927493, 0.941339, 0.946992, 0.945064, 0.942016, 0.929678, 0.928278, 0.929653, 0.928526, 0.935531, 0.932316, 0.929392, 0.928653, 0.929705, 0.890756, 0.895082, 0.900317, 0.898895, 0.899184, 0.898376, 0.906771, 0.906933, 0.910096, 0.907360, 0.897729, 0.897168, 0.899532
0.000000, 0.000000, 0.000000, 0.000000, 0.000000, 0.000000, 0.000000, 0.000000, -0.000000, 0.000000, 0.000000, -0.000000, 0.137325, 0.129191, 0.117303, 0.109934, 0.101308, 0.098722; 0.094993, 0.088788, 0.083362, 0.078349, 0.075663, 0.073225, 0.069516, 0.067446, 0.064293, 0.062514, 0.059800, 0.057324, 0.054897, 0.053640, 0.051668, 0.050513, 0.049440, 0.047761, 0.050054, 0.049105, 0.048570, 0.047096, 0.046222, 0.044886, 0.043897, 0.043154, 0.042434, 0.041715, 0.040621, 0.039981, 0.039360, 0.038386, 0.037813
0.181609, 0.063955, 0.107554, 0.571250, 0.469792; 0.572229, 0.502988, 0.446543, 0.409460, 0.561714, 0.533886, 0.509288, 0.584642, 0.558202, 0.541209, 0.590178, 0.565485, 0.535430, 0.516023, 0.546081, 0.534318, 0.621805, 0.608974, 0.592220, 0.579091, 0.550298, 0.548340, 0.540487, 0.582650, 0.572199, 0.558391, 0.552598, 0.569756, 0.560225, 0.547118, 0.590176, 0.580379, 0.573486, 0.590777, 0.583525, 0.575651, 0.559164, 0.583346, 0.577042, 0.596915, 0.586195, 0.573683, 0.569410, 0.565269, 0.576367, 0.568572
0.423012, 0.033457, 0.033457; 0.033457, 0.030349, 0.034170, 0.034429, 0.036543, 0.035474, 0.034653, 0.035549, 0.036317, 0.039312, 0.043911, 0.044956, 0.043347, 0.043339, 0.043530, 0.045874, 0.046402, 0.046465, 0.045384, 0.046016, 0.049176, 0.047060, 0.047858, 0.046542, 0.047438, 0.047793, 0.048867, 0.048441, 0.050663, 0.049631, 0.049817, 0.051409, 0.053642, 0.055005, 0.056366, 0.055056, 0.056878, 0.057426, 0.058664, 0.058118, 0.059541, 0.058570, 0.058565, 0.058385, 0.057686, 0.056939, 0.055612, 0.056258
0.190795, 0.461576, 0.308669, 0.240884; 0.207600, 0.218445, 0.217776, 0.212641, 0.232817, 0.226986, 0.218310, 0.218710, 0.239457, 0.237313, 0.238161, 0.226145, 0.221026, 0.223163, 0.216444, 0.213679, 0.213942, 0.210874, 0.209674, 0.206910, 0.209480, 0.210066, 0.210037, 0.207789, 0.221318, 0.226684, 0.225309, 0.223018, 0.224170, 0.222220, 0.221431, 0.220166, 0.229011, 0.227515, 0.231199, 0.228888, 0.228212, 0.228905, 0.228204, 0.226484, 0.225622, 0.231805, 0.228202, 0.227052, 0.227639, 0.230585, 0.230223
0.152683, 0.129156, 0.265224, 0.247746, 0.212778, 0.186876, 0.167277, 0.183197, 0.169346, 0.161653; 0.158140, 0.154125, 0.167978, 0.164999, 0.156036, 0.160071, 0.157316, 0.160066, 0.163913, 0.157323, 0.157461, 0.171368, 0.161766, 0.171766, 0.168570, 0.165271, 0.127502, 0.123796, 0.129649, 0.128338, 0.126774, 0.131143, 0.132707, 0.131763, 0.152105, 0.150207, 0.168209, 0.169267, 0.166869, 0.163977, 0.165457, 0.162148, 0.162098, 0.161587, 0.162050, 0.161580, 0.159142, 0.165270, 0.164139, 0.162779, 0.170780
