1.047934, 3.100174, 1.113459, 1.419442; 0.477642, 0.675895, 0.463747, 0.553139, 0.618393, 0.897856, 0.934767, 0.875879, 0.877364, 0.749215, 0.790079, 0.963973, 0.961265, 0.983265, 0.894379, 0.923115, 0.961712, 0.981313, 0.945246, 0.962286, 0.978527, 0.979602, 0.990932, 1.078639, 1.095825, 1.094159, 1.104633, 1.115050, 1.132018, 1.140960, 1.103917, 1.103752, 1.091123, 1.104628, 1.158465, 1.167013, 1.173558, 1.133266, 1.141218, 1.153361, 1.164362, 1.151591, 1.158979, 1.161268, 1.148529, 1.155570, 1.204528
0.414255, 2.511396; 0.429616, 0.255258, 0.124607, 0.407451, 0.309098, 0.230716, 0.305505, 0.254175, 0.199328, 0.320750, 0.291968, 0.259228, 0.232909, 0.253145, 0.228290, 0.225794, 0.274545, 0.233505, 0.212976, 0.255904, 0.257115, 0.238394, 0.264648, 0.252836, 0.221060, 0.262145, 0.230810, 0.215864, 0.313904, 0.293001, 0.288633, 0.306141, 0.284868, 0.264852, 0.260208, 0.268355, 0.257466, 0.239617, 0.247817, 0.233024, 0.224230, 0.243819, 0.233885, 0.218226, 0.224542, 0.217477, 0.210491, 0.226011, 0.217809
42.886355, 60.704825, 24.326312, 27.012092, 27.354488, 8.848421, 8.554247, 26.210921, 26.290995, 26.349862, 25.931502, 25.677760, 47.241104, 47.035676, 76.911690, 76.770079, 77.271041, 77.303921, 101.296638, 101.339387, 101.506484, 103.241289, 103.338760, 103.432681, 103.321894; 104.153331, 104.097694, 104.215105, 104.208361, 104.241196, 104.363032, 104.289264, 104.357705, 104.388336, 105.301874, 105.414426, 105.596801, 105.692721, 105.607513, 105.641537, 105.554463, 104.223357, 104.288591, 104.662624, 104.470548, 104.323094, 104.300018, 104.876831, 104.883439, 104.947624, 104.974374
0.724871, 0.451809, 0.043880; 0.858461, 0.781564, 0.651390, 0.570941, 1.136621, 1.062025, 1.014331, 0.941373, 1.181493, 1.135659, 1.084785, 1.074908, 1.023786, 1.009680, 0.967362, 0.954044, 1.061348, 1.043301, 1.017774, 0.993939, 1.127421, 1.116707, 1.107325, 1.096657, 1.174357, 1.170544, 1.162011, 1.162683, 1.243698, 1.226018, 1.218754, 1.197587, 1.249790, 1.231167, 1.219904, 1.204891, 1.179423, 1.165438, 1.157030, 1.150284, 1.129439, 1.114039, 1.099072, 1.093582, 1.123833, 1.117569, 1.112746, 1.102499
22.048413, 24.992852, 3.935533, 2.809926, 2.995184, 2.725494, 2.798013, 2.370807, 2.364892; 2.362923, 2.201895, 2.211519, 2.075339, 2.099939, 2.765299, 2.807930, 2.682149, 2.693467, 2.560135, 2.563528, 2.443828, 2.462947, 2.390338, 2.418734, 2.340994, 2.366592, 2.291775, 2.317865, 2.295255, 2.298047, 2.242714, 2.245932, 2.223506, 2.173108, 2.192757, 2.150402, 2.170172, 2.463963, 2.472305, 2.443693, 2.460588, 2.429941, 2.441565, 2.367696, 2.378690, 2.349607, 2.360558, 2.312994, 2.323403, 2.293081, 2.296181
2.108308, 2.995611; 0.910880, 1.092268, 1.224505, 1.080589, 1.163971, 1.206535, 1.058243, 1.182671, 1.229314, 1.247873, 1.077522, 1.140299, 1.143166, 1.090891, 1.094820, 1.111257, 1.065736, 1.104251, 1.156926, 1.115865, 1.146381, 1.181263, 1.147808, 1.161553, 1.167523, 1.148996, 1.150002, 1.162979, 1.153985, 1.179559, 1.188734, 1.201314, 1.181540, 1.191076, 1.210648, 1.194336, 1.204428, 1.212903, 1.165327, 1.169794, 1.179960, 1.158389, 1.161307, 1.168620, 1.147173, 1.155624, 1.152661, 1.143242, 1.160036
56.699630, 0.000000, 0.000000, 0.000000, 0.000000, 64.671889, 64.474298, 64.293111, 64.141135, 64.005086, 63.875136, 63.737811, 63.621590, 63.498347; 63.341377, 63.224009, 63.130258, 63.039879, 62.952645, 62.853283, 62.772326, 62.689665, 62.613754, 62.423916, 62.354204, 62.278179, 62.208311, 61.995891, 61.928850, 61.864541, 61.801714, 61.740030, 61.679792, 61.546324, 61.496538, 61.441377, 61.393279, 61.340147, 61.293780, 61.248067, 61.123114, 61.074576, 61.026851, 60.984751, 60.943238, 60.819441, 60.776169, 60.733236, 60.691089, 60.654038, 60.615158
25.970290, 46.051702, 46.051702, 46.051702, 46.051702, 46.051702; 24.728167, 24.915570, 25.064617, 25.187904, 25.307663, 25.404237, 25.441959, 25.527804, 25.606812, 25.348644, 25.420883, 25.323508, 25.367028, 25.427605, 25.444308, 25.497353, 25.464581, 25.519635, 25.548581, 25.559245, 25.603180, 25.647177, 25.716190, 25.753025, 25.788467, 25.826299, 25.859122, 25.892538, 25.888944, 25.920968, 25.952080, 25.983634, 25.992925, 25.901520, 25.927561, 25.936834, 25.961958, 25.972451, 25.996755, 26.020485, 26.046081, 26.054600, 25.931209, 25.953314, 25.863566
0.737371, 0.591765; 1.236237, 1.196236, 1.465334, 1.378466, 1.352972, 1.325159, 1.297944, 1.286206, 1.230988, 1.257286, 1.232364, 1.205221, 1.227191, 1.189454, 1.728618, 1.687225, 1.659379, 1.649360, 1.626115, 1.617547, 1.585987, 1.556470, 1.559167, 1.542603, 1.532365, 1.517547, 1.493482, 1.481341, 1.458578, 1.463038, 1.442205, 1.446613, 1.435446, 1.422265, 1.426770, 1.409182, 1.415220, 1.405872, 1.389705, 1.394350, 1.386052, 1.387066, 1.376168, 1.367343, 1.375893, 1.368625, 1.368273, 1.355275, 1.346860
1.001783, 1.825824, 0.728244, 0.770944, 0.610872, 0.647701; 0.555058, 0.560280, 0.505130, 0.524409, 0.549496, 0.487515, 0.511387, 0.466748, 0.491732, 0.507479, 0.480454, 0.492722, 0.595523, 0.606646, 0.560378, 0.577326, 0.573424, 0.586644, 0.589037, 0.540130, 0.547031, 0.522535, 0.534532, 0.591477, 0.603205, 0.575826, 0.584811, 0.587140, 0.581507, 0.583814, 0.569830, 0.580600, 0.580274, 0.549176, 0.549190, 0.536429, 0.544467, 0.534711, 0.541704, 0.519780, 0.527390, 0.535915, 0.523567, 0.531716, 0.514571
74.506507, 94.340920, 4.253344, 4.077342, 4.505467, 7.538264, 7.224532, 7.277902, 7.834591, 7.767648, 7.793290, 43.345580, 42.978867, 42.659760, 65.432077, 65.139317, 64.956304, 65.345018, 65.167085, 65.009343, 65.590171, 65.341199, 65.109928; 65.266451, 65.173597, 65.030779, 64.819118, 64.576057, 64.498378, 64.405924, 64.222420, 64.052634, 64.090073, 63.939719, 64.523005, 64.426785, 64.716118, 64.728348, 64.721633, 64.607447, 64.802413, 64.733158, 64.609771, 64.771114, 64.597716, 64.488238, 64.523978, 64.367888, 64.293748, 64.918422, 64.804580
214.219976, 88.714629, 88.171632, 107.062560, 143.669694, 213.160359, 211.814030, 215.738717, 214.937622, 214.221954, 215.240566, 215.435919, 216.806285, 217.713995, 217.520046, 217.945128, 218.912851, 218.481495, 218.281033; 219.446525, 219.172727, 219.266725, 220.758178, 220.527633, 220.313565, 220.415344, 220.488967, 220.393500, 220.165738, 220.027780, 220.036848, 220.081862, 220.211068, 220.281909, 220.134356, 219.890988, 219.682828, 219.547887, 219.412423, 219.594784, 219.488460, 219.747090, 219.586350, 219.629767, 219.762312, 219.814985, 219.844782, 220.345723, 220.297950, 220.217608, 220.257182
0.010939, 0.945558; 0.654030, 0.682027, 0.558612, 0.584054, 0.492126, 0.437864, 0.406983, 0.514108, 0.451398, 0.413083, 0.453544, 0.423537, 0.410173, 0.349522, 0.402303, 0.392580, 0.372437, 0.407650, 0.401009, 0.390308, 0.447400, 0.430849, 0.406543, 0.422993, 0.393639, 0.380407, 0.358468, 0.469587, 0.458907, 0.449903, 0.465335, 0.457430, 0.448858, 0.484095, 0.475553, 0.472617, 0.463707, 0.487918, 0.479264, 0.472495, 0.496375, 0.493528, 0.486214, 0.500689, 0.490872, 0.483566, 0.480418, 0.507890, 0.503206
1.314212, 0.531615; 2.220410, 2.201276, 2.126811, 1.944239, 1.865466, 1.824682, 1.822855, 1.809193, 1.783062, 1.760782, 1.766031, 1.817789, 1.820486, 1.798178, 1.780956, 1.770648, 1.755852, 1.756299, 1.738004, 1.733926, 1.727936, 1.718940, 1.714278, 1.711868, 1.709690, 1.706191, 1.713731, 1.697950, 1.690310, 1.677833, 1.690896, 1.695823, 1.698340, 1.691599, 1.678855, 1.674430, 1.623325, 1.649468, 1.633284, 1.625173, 1.607173, 1.609795, 1.607241, 1.605117, 2.734956, 2.714570, 2.698751, 2.683945, 2.680378
0.000000, 0.000000, 0.000000, 0.000000, 0.000000, 0.000000, 61.781702, 61.579402, 61.456637, 61.184537, 61.006325, 60.780884, 62.028063, 62.044357, 62.054931, 61.885019, 61.881478, 61.845374; 61.831185, 61.722058, 61.590685, 61.688953, 61.702366, 61.710023, 61.662148, 61.670241, 61.684127, 61.669884, 61.673499, 61.646688, 61.124123, 61.057736, 61.040906, 60.976334, 60.962091, 60.975462, 61.043085, 61.054878, 61.038019, 61.043298, 61.056079, 61.042514, 61.007058, 60.989192, 60.989870, 60.998170, 60.997949, 60.967793, 60.966955, 60.949801, 60.934489
0.111406, 0.845091; 0.747477, 0.634602, 0.586388, 0.496820, 0.499400, 0.492723, 0.474780, 0.537891, 0.495361, 0.489464, 0.497982, 0.468973, 0.457315, 0.457500, 0.522692, 0.509751, 0.441939, 0.522868, 0.513914, 0.507380, 0.516795, 0.500600, 0.492097, 0.511352, 0.505314, 0.502412, 0.503628, 0.516242, 0.507231, 0.497933, 0.516891, 0.511266, 0.496411, 0.484185, 0.469939, 0.457010, 0.453987, 0.468337, 0.465727, 0.453680, 0.489195, 0.482174, 0.474697, 0.486733, 0.484189, 0.485978, 0.481068, 0.491732, 0.493157
0.093351, 1.585421, 1.345160; 0.879239, 0.886513, 0.837437, 0.799449, 1.589625, 1.569599, 1.565861, 1.560286, 1.435808, 1.434084, 1.429302, 1.421001, 1.355767, 1.338165, 1.332882, 1.313792, 1.252233, 1.245454, 1.244260, 1.237116, 1.184431, 1.180270, 1.180602, 1.168968, 1.109275, 1.102300, 1.098082, 1.093066, 1.072852, 1.067699, 1.064517, 1.051939, 0.991936, 0.989763, 0.983713, 0.974755, 0.975787, 0.973997, 0.971470, 0.963535, 0.970570, 0.963334, 0.961948, 0.954985, 0.975727, 0.974667, 0.966503, 0.963718
0.575613, 1.103159, 0.400503; 1.462103, 1.275896, 1.163389, 1.046313, 1.259397, 1.195168, 1.138805, 1.109003, 1.326413, 1.303597, 1.280154, 1.259401, 1.297070, 1.271494, 1.247687, 1.225373, 1.192217, 1.168908, 1.148223, 1.128665, 1.224048, 1.214299, 1.208278, 1.193182, 1.208710, 1.193157, 1.187484, 1.173984, 1.178003, 1.170761, 1.161482, 1.153519, 1.178715, 1.171281, 1.164970, 1.158762, 1.134773, 1.124635, 1.114209, 1.104670, 1.071610, 1.066395, 1.057730, 1.051605, 1.109638, 1.092018, 1.083308, 1.074832
0.000000, 74.427163, 74.427163, 73.671133, 72.159548, 74.371104, 74.677884, 74.901355, 74.823919, 74.397689, 74.337576, 73.959965, 73.689761, 73.929219, 73.713430, 76.623340, 76.672989, 76.704160, 76.762195, 76.642213; 76.486335, 76.487323, 76.353784, 76.231068, 76.250131, 76.271415, 76.166458, 76.188978, 76.191058, 76.209367, 73.428542, 73.523634, 73.608582, 73.687323, 73.762770, 73.467798, 73.443063, 73.412251, 73.382181, 73.453498, 73.511866, 73.576232, 73.551057, 73.619564, 73.674042, 73.789799, 73.753876, 73.792052, 73.840796, 73.886015, 73.923025
229.713869, 164.295702, 139.962465, 121.119394, 78.376508, 79.985560, 80.718025, 263.378951, 262.164254, 263.781896, 262.756977, 266.939881, 268.797658, 268.321396, 267.889380, 268.558935, 268.101609, 262.315916, 261.551067, 262.785967, 263.714803, 263.341184, 265.460983, 264.863412, 265.615421, 265.350341, 265.129332, 265.833448, 266.737522, 266.895290, 267.954991, 267.554402, 267.298100, 266.441121, 267.516148, 267.737390, 269.120427, 269.112392, 268.651668, 269.119632, 269.028724; 269.719727, 269.916740, 270.194217, 269.089699, 269.619022, 269.692658, 270.277143, 270.240968, 270.110287, 267.031575
0.390887, 1.600725, 1.600725; 0.369222, 0.334832, 0.211218, 0.129613, 0.053105, 0.100891, 0.541287, 0.534214, 0.516898, 0.467890, 0.461136, 0.397193, 0.314405, 0.310019, 0.315930, 0.310223, 0.251387, 0.287482, 0.268113, 0.274053, 0.272597, 0.270931, 0.289750, 0.284391, 0.287856, 0.285483, 0.282853, 0.279827, 0.319394, 0.317399, 0.312471, 0.310032, 0.307465, 0.321144, 0.318865, 0.287610, 0.289663, 0.287656, 0.289909, 0.288312, 0.285934, 0.283470, 0.280798, 0.277586, 0.318167, 0.315003, 0.293168, 0.290246
63.491553, 59.806588, 60.458122, 60.498381, 60.851878, 60.906535; 61.490477, 61.577061, 61.712133, 61.887557, 61.933148, 60.242184, 60.360709, 60.387380, 60.428200, 60.473630, 60.647817, 60.656323, 60.693955, 60.781419, 60.815279, 60.815442, 60.877090, 60.935931, 60.939929, 60.951386, 61.093048, 61.100116, 61.104228, 61.073235, 61.141592, 61.138980, 61.158879, 61.112488, 61.204233, 61.213749, 61.243512, 60.953741, 60.960727, 60.957673, 61.007388, 60.985500, 60.983288, 61.023747, 61.039037, 61.089247, 61.095256, 61.184349, 61.194477, 61.205110, 61.220892
19.296535, 39.262824, 19.607872, 19.521111, 19.429091, 19.243135, 19.201196, 19.142134, 19.182509, 18.887472, 19.175614, 19.231096, 19.374219, 19.234661, 19.192754, 19.284903, 19.353654, 19.224179, 19.358775, 19.327000, 19.388964; 19.394235, 19.346365, 19.327472, 19.253704, 19.279845, 19.341198, 19.324558, 19.336476, 19.321053, 19.300435, 2.931322, 2.887710, 2.833560, 2.850053, 2.782190, 2.778346, 2.787153, 2.760700, 2.769921, 2.735703, 2.693445, 2.722358, 2.702290, 2.624307, 2.636918, 2.627633, 2.620940, 2.598199, 2.530230, 2.508923
19.529280, 21.626422, 19.499362, 19.597721, 19.703107, 19.347910, 19.380491, 19.430282, 19.389028, 19.400436, 19.410096; 4.767087, 4.777984, 4.670302, 4.684773, 4.698269, 4.609079, 4.623761, 4.640407, 4.536267, 4.550263, 4.565576, 4.481164, 4.494753, 4.507497, 4.369071, 4.382535, 4.395935, 4.227210, 4.225140, 4.237049, 4.162352, 4.175644, 4.187199, 4.057102, 4.067674, 3.952504, 3.961800, 3.970607, 3.880746, 3.890559, 3.898901, 3.845564, 3.854478, 3.861819, 3.787395, 3.793769, 3.799719, 3.780316, 3.780362, 3.787132
0.880704, 2.540696, 2.082869, 1.345317, 1.468914, 1.601506, 1.641253; 1.089339, 1.149355, 1.269158, 1.324131, 1.355428, 1.064933, 1.146758, 1.174256, 1.206321, 1.234697, 1.263085, 1.106300, 1.131089, 1.153218, 1.178098, 1.096942, 1.121211, 1.144536, 1.172020, 1.188897, 1.208567, 1.127966, 1.145308, 1.164319, 1.101742, 1.134688, 1.150360, 1.169942, 1.187982, 1.196914, 1.142609, 1.153374, 1.170477, 1.184366, 1.196446, 1.133883, 1.144028, 1.152985, 1.163988, 1.075423, 1.064798, 1.078018, 1.090582, 1.101286
25.259148, 25.259148, 8.628559, 8.908279, 8.908279, 8.922813, 9.465982, 7.223474, 7.230847, 6.695732, 6.702291; 7.461420, 6.685312, 6.675741, 6.491846, 6.385903, 6.168585, 6.097153, 6.027619, 5.975517, 6.019485, 5.960743, 5.948490, 5.859603, 5.850713, 5.818361, 5.723611, 5.761319, 5.709086, 5.789656, 5.776537, 5.784055, 5.747435, 5.724882, 5.719550, 5.702398, 5.705070, 5.708796, 5.704281, 5.676522, 5.674551, 5.702206, 5.705718, 5.690384, 5.709959, 5.758158, 5.761454, 5.780321, 5.779341, 5.772415, 5.769152
1.043171, 1.861481, 1.568046, 2.731442, 2.369500, 2.360928, 2.213919; 2.299443, 2.176281, 2.091698, 2.000433, 1.941361, 1.936114, 1.875856, 1.929620, 1.878699, 1.934117, 1.980938, 1.995457, 1.954356, 1.968462, 2.028597, 2.037996, 2.002869, 1.976337, 1.951141, 1.975750, 1.987425, 1.998784, 2.009502, 2.105048, 2.109199, 2.077699, 2.057153, 2.055356, 2.097818, 2.077872, 2.084047, 2.089412, 2.095037, 2.297935, 2.296748, 2.290428, 2.267183, 2.323780, 2.305806, 2.299284, 2.289906, 2.289347, 2.313529, 2.300674
0.069063, 22.109490; 0.816277, 0.820361, 0.733282, 0.789859, 0.734490, 0.700096, 0.751897, 0.707375, 0.700507, 0.504484, 0.515625, 0.497443, 0.399429, 0.427656, 0.414899, 0.419465, 0.452596, 0.416722, 0.404093, 0.406785, 0.395635, 0.369096, 0.483485, 0.487087, 0.470781, 0.495686, 0.480731, 0.438043, 0.493604, 0.482449, 0.477219, 0.470326, 0.524521, 0.480688, 0.477649, 0.519164, 0.516737, 0.505394, 0.504180, 0.496003, 0.489145, 0.499471, 0.488016, 0.468749, 0.498180, 0.497411, 0.497534, 0.529611, 0.535109
8.003363, 8.750577, 8.750577, 8.750577; 6.190797, 6.116088, 6.194225, 6.218805, 6.237599, 6.224744, 6.247533, 5.706488, 5.683968, 5.664615, 5.692609, 5.727280, 5.757168, 5.768616, 5.836308, 6.169101, 6.168402, 6.185591, 6.209107, 6.208387, 6.229978, 6.253694, 6.095972, 6.100897, 6.137583, 6.150662, 6.162005, 6.183308, 6.201298, 5.833958, 5.849493, 5.862032, 5.862078, 5.872138, 5.881640, 5.890999, 5.900548, 5.794696, 5.798278, 5.810268, 5.813280, 5.828815, 5.842284, 5.881193, 5.883109, 5.888371, 5.895662
1.070978, 1.497907; 0.671661, 0.812284, 0.863314, 0.586283, 0.630049, 0.439760, 0.496865, 0.582215, 0.497447, 0.551780, 0.614439, 0.578693, 0.599418, 0.641563, 0.608858, 0.611319, 0.583764, 0.614620, 0.638942, 0.566421, 0.566060, 0.598143, 0.521603, 0.540846, 0.556303, 0.545777, 0.557888, 0.537813, 0.538011, 0.563803, 0.546414, 0.570627, 0.594930, 0.574680, 0.607785, 0.618522, 0.600594, 0.609891, 0.601683, 0.630504, 0.631775, 0.618191, 0.628516, 0.631037, 0.597953, 0.601289, 0.622657, 0.610077, 0.617814
29.757796, 30.388424, 30.246769, 31.524808, 31.993001, 33.009664, 32.250835; 32.574692, 32.535401, 32.725688, 31.610721, 31.927436, 31.565220, 31.668782, 31.861926, 31.626843, 31.158320, 31.279704, 31.241450, 31.431507, 31.490080, 31.232382, 31.461878, 28.392907, 28.650200, 28.731141, 28.679172, 28.556067, 28.628760, 28.714855, 28.703766, 28.786855, 28.714989, 29.008676, 29.063093, 29.103861, 29.075342, 29.251747, 29.162532, 29.316475, 29.445922, 29.260056, 29.223768, 29.263629, 29.200786, 29.225848, 29.383260, 29.331543, 29.436312, 29.429294, 29.430868
1.808635, 2.516381, 2.593392; 2.566930, 2.629978, 2.661233, 2.606346, 2.635440, 2.660369, 2.676102, 2.696047, 2.687579, 2.754863, 2.757640, 2.761502, 2.765894, 2.770317, 2.772856, 2.762140, 2.769454, 2.770935, 2.798558, 2.803937, 2.795502, 2.800553, 2.796725, 2.802517, 2.806087, 2.810586, 2.813584, 2.814979, 2.817209, 2.821254, 2.824279, 2.828068, 2.840580, 2.821569, 2.822497, 2.825968, 2.831004, 2.831918, 2.833727, 2.833866, 2.835140, 2.838711, 2.841846, 2.842841, 2.843285, 2.844894, 2.842431, 2.855276
1.686399, 2.433613, 2.433613, 2.433613; 0.459066, 0.266449, 0.223623, 0.088563, 0.072029, 0.048765, 0.075200, 0.183981, 0.219622, 0.252833, 0.244700, 0.244798, 0.274913, 0.285549, 0.282206, 0.409251, 0.428660, 0.435013, 0.454742, 0.470870, 0.481456, 0.486656, 0.514053, 0.552865, 0.589129, 0.598143, 0.607595, 0.617624, 0.644289, 0.619794, 0.645785, 0.654271, 0.659376, 0.687692, 0.676630, 0.692650, 0.699732, 0.759207, 0.773836, 0.787097, 0.791376, 0.795271, 0.799405, 0.805744, 0.761075, 0.767505, 0.771904
2.050612, 1.342866, 1.342866; 1.897752, 1.718405, 1.989983, 1.903667, 1.819217, 1.771834, 1.868054, 1.840973, 1.805849, 1.810995, 1.752924, 1.851905, 1.828221, 1.803599, 1.784095, 1.766147, 1.749705, 1.825802, 1.828900, 1.795613, 1.781907, 1.754959, 1.819367, 1.795376, 1.783952, 1.769450, 1.761226, 1.751310, 1.788452, 1.778509, 1.769012, 1.750760, 1.731534, 1.775158, 1.767083, 1.764942, 1.757217, 1.749292, 1.742152, 1.761505, 1.754642, 1.748005, 1.733723, 1.727683, 1.759454, 1.753435, 1.756011, 1.742535
1.575546, 2.134781, 2.156692, 5.519707, 5.338863; 5.401845, 5.269697, 5.138870, 4.974664, 4.695909, 4.631914, 4.546564, 4.460817, 4.553407, 4.476259, 4.387904, 4.256199, 4.118546, 4.076087, 4.022216, 4.088566, 4.066817, 3.988510, 3.984345, 3.940032, 3.902973, 3.827968, 3.773283, 3.747069, 3.695030, 3.764249, 3.722159, 3.694249, 3.680946, 3.640973, 3.642157, 3.594200, 3.581214, 3.632106, 3.613727, 3.567867, 3.554194, 3.524693, 3.495783, 3.479973, 3.874442, 3.866756, 3.822873, 3.821117, 3.801077, 3.772186
1.447036, 2.656874, 3.217563; 0.172506, 0.077023, 0.118169, 0.141760, 0.179517, 0.214461, 0.469128, 0.499760, 0.528680, 0.570723, 0.601258, 0.362100, 0.398249, 0.390735, 0.405686, 0.422817, 0.450103, 0.446863, 0.462549, 0.477307, 0.495700, 0.516739, 0.563326, 0.566706, 0.573297, 0.579799, 0.586057, 0.598876, 0.628928, 0.642325, 0.653329, 0.665656, 0.690732, 0.192729, 0.197915, 0.208023, 0.217736, 0.224764, 0.238484, 0.074806, 0.085844, 0.100762, 0.101988, 0.103293, 0.058386, 0.062150, 0.061320, 0.063856
0.998615, 2.725878, 1.010085; 0.986443, 0.919336, 0.706316, 0.749244, 0.477241, 0.492914, 0.703377, 0.632272, 0.673563, 0.625001, 0.616776, 0.517880, 0.550267, 0.578884, 0.573204, 0.570929, 0.550797, 0.576724, 0.587162, 0.571112, 0.583541, 0.606221, 0.588364, 0.577434, 0.589647, 0.584871, 0.587392, 0.560672, 0.584093, 0.597940, 0.565209, 0.579149, 0.567642, 0.569043, 0.534010, 0.543990, 0.529063, 0.520017, 0.533077, 0.502164, 0.500633, 0.495378, 0.453508, 0.461364, 0.471656, 0.438309, 0.432837, 0.436767
2.278938, 2.065364; 2.232814, 2.170207, 2.238089, 2.337189, 2.393256, 2.400838, 2.413682, 2.426802, 2.437793, 2.440445, 2.424127, 2.438871, 2.440852, 2.442705, 2.444585, 2.450869, 2.464098, 2.469712, 2.470442, 2.471149, 2.471748, 2.445874, 2.446582, 2.544395, 2.545425, 2.519301, 2.521518, 2.523356, 2.520051, 2.532214, 2.422026, 2.422756, 2.432788, 2.420570, 2.415060, 2.409275, 2.409866, 2.401679, 2.409787, 2.410639, 2.412862, 2.423548, 2.436895, 2.427796, 2.437845, 2.439183, 2.439428, 2.445013, 2.426618
0.682907, 1.892745, 1.892745; 0.568466, 0.545906, 0.522298, 0.420427, 0.248295, 0.221170, 0.414066, 0.448104, 0.447968, 0.446328, 0.442609, 0.533208, 0.531312, 0.528483, 0.524491, 0.513990, 0.518841, 0.458666, 0.452823, 0.387956, 0.331993, 0.330314, 0.396211, 0.376504, 0.336709, 0.344604, 0.340781, 0.340243, 0.389728, 0.389794, 0.386529, 0.351372, 0.351433, 0.411302, 0.403844, 0.402375, 0.407391, 0.396304, 0.397583, 0.453299, 0.450437, 0.454907, 0.454918, 0.456727, 0.506597, 0.504386, 0.504458, 0.507800
20.964578, 20.160747, 20.160747, 20.060163; 21.549565, 21.514830, 21.481195, 21.391783, 21.273096, 21.248009, 21.207215, 21.180128, 21.363392, 21.352355, 21.279145, 21.266008, 21.210396, 21.160693, 21.149451, 21.135421, 21.252045, 21.242970, 21.231883, 21.216315, 21.207352, 21.191610, 21.179171, 21.295545, 21.285517, 21.276587, 21.265853, 21.252899, 21.244535, 21.213657, 21.198461, 21.271964, 21.265089, 21.239944, 21.233085, 21.226373, 21.219762, 21.209970, 21.203830, 21.306293, 21.300291, 21.293364, 21.287340, 21.267281, 21.260720, 21.253800, 21.300089
1.231154, 3.845616, 2.624922, 2.165953; 0.290910, 0.553589, 0.372714, 0.317745, 0.379802, 0.368790, 0.352520, 0.298532, 0.271609, 0.119060, 0.097153, 0.110818, 0.114925, 0.110330, 0.204795, 0.263619, 0.100587, 0.102479, 0.146276, 0.159689, 0.169005, 0.238409, 0.258469, 0.341917, 0.368268, 0.437961, 0.460409, 0.480890, 0.492438, 0.177119, 0.148161, 0.181417, 0.188276, 0.218313, 0.225315, 0.258536, 0.270686, 0.280136, 0.284360, 0.293015, 0.284839, 0.305664, 0.287768, 0.289676, 0.303583, 0.302640, 0.274583
2.459363, 2.401793, 2.197768, 2.246986, 2.350971, 2.486987, 2.489925; 2.467274, 2.453573, 2.454850, 2.476309, 2.483352, 2.430335, 2.459273, 2.482387, 2.532027, 2.551780, 2.561234, 2.571268, 2.563279, 2.596120, 2.609289, 2.585988, 2.585087, 2.588834, 2.551636, 2.554139, 2.556027, 2.542490, 2.545292, 2.559784, 2.559664, 2.518609, 2.522628, 2.530181, 2.506139, 2.513591, 2.516604, 2.514797, 2.522497, 2.549852, 2.556779, 2.540937, 2.545527, 2.545684, 2.523508, 2.526482, 2.527963, 2.507930, 2.512080, 2.511637
3.458209, 0.859279, 3.729464, 3.621397, 3.643030, 3.624372; 4.227889, 3.866424, 4.007446, 3.712088, 3.862268, 3.656296, 3.791763, 3.588370, 3.496770, 3.544351, 3.468365, 3.551722, 3.461775, 3.618735, 3.568410, 3.596920, 3.528031, 3.575581, 3.519537, 3.458459, 3.531106, 3.465370, 3.559904, 3.516748, 3.595918, 3.532830, 3.587826, 3.521552, 3.602127, 3.545060, 3.566098, 3.539365, 3.531118, 3.523869, 3.469665, 3.531218, 3.495702, 3.531770, 3.512759, 3.526494, 3.514559, 3.532037, 3.525485, 3.488692, 3.533497
1.312326, 3.258041, 2.311554, 2.182314, 2.043814; 1.586998, 1.776961, 1.760794, 1.728244, 1.866993, 1.721027, 1.739928, 1.796251, 1.868247, 1.799570, 1.852219, 1.910750, 1.819418, 1.813595, 1.792107, 1.818072, 1.799819, 1.703852, 1.676657, 1.659972, 1.682295, 1.712310, 1.766130, 1.754127, 1.738289, 1.697548, 1.717784, 1.746849, 1.724757, 1.724327, 1.707140, 1.691938, 1.712433, 1.731506, 1.712873, 1.725270, 1.738251, 1.720502, 1.715013, 1.715630, 1.731628, 1.725979, 1.658821, 1.651063, 1.651760, 1.655932
0.998529, 0.998529, 0.998529, 0.998529, 0.998529, 0.998529; 0.364857, 0.376528, 0.372628, 0.389879, 0.407116, 0.418292, 0.426441, 0.430357, 0.449527, 0.466635, 0.482823, 0.437523, 0.441942, 0.455597, 0.458340, 0.471474, 0.474516, 0.486923, 0.513768, 0.524716, 0.532286, 0.535805, 0.312358, 0.313814, 0.315499, 0.317384, 0.323049, 0.334177, 0.344805, 0.350180, 0.352605, 0.351668, 0.354082, 0.203175, 0.213772, 0.218745, 0.221310, 0.241549, 0.251212, 0.256227, 0.265503, 0.274525, 0.283213, 0.284085, 0.140889
0.465435, 1.173181, 1.396993; 1.645649, 1.471868, 1.399396, 1.430355, 1.405131, 1.329126, 1.151716, 1.097774, 1.110248, 1.126792, 1.149391, 0.971032, 0.914975, 0.928286, 0.880464, 0.860895, 0.843148, 0.762079, 0.724064, 0.689795, 0.691480, 0.682031, 0.739694, 0.748038, 0.753099, 0.744939, 0.737371, 0.716365, 0.680034, 0.681990, 0.677725, 0.687455, 0.680774, 0.974164, 0.973606, 0.946638, 0.941422, 0.942380, 0.930415, 0.941482, 0.917119, 0.914573, 0.904208, 0.891632, 0.944561, 0.937199, 0.936741, 0.929755
1.493779, 21.575191, 1.853082, 2.404036, 2.244116, 2.141064; 0.038392, 0.092137, 0.210825, 0.268978, 0.347898, 0.371045, 0.448204, 0.506111, 0.517554, 0.539731, 0.551109, 0.677360, 0.715163, 0.795750, 0.819401, 0.794396, 0.860664, 0.860860, 0.870382, 2.098428, 2.099446, 2.083675, 1.925040, 1.917580, 1.919894, 1.927220, 1.920475, 1.923293, 1.939832, 1.923845, 1.911247, 1.904642, 1.854505, 1.763713, 1.768759, 1.763977, 1.764499, 1.757989, 1.767052, 1.758935, 1.752891, 1.768624, 1.782576, 1.779536, 1.680776
0.108193, 0.995497; 0.206253, 0.053231, 0.210423, 0.396958, 0.379538, 0.359375, 0.518248, 0.486198, 0.438775, 0.429289, 0.546755, 0.515121, 0.504986, 0.564373, 0.527628, 0.527729, 0.577560, 0.552384, 0.552720, 0.596147, 0.581569, 0.540982, 0.570434, 0.556266, 0.552219, 0.576399, 0.567110, 0.569223, 0.607519, 0.606149, 0.596041, 0.588147, 0.575955, 0.553946, 0.553209, 0.566688, 0.568399, 0.569855, 0.597705, 0.589798, 0.588800, 0.572503, 0.565907, 0.564241, 0.575332, 0.574003, 0.571318, 0.587756, 0.586540
0.342015, 0.489340; 0.724420, 0.363511, 0.396533, 0.689538, 0.507248, 0.472826, 0.526532, 0.500459, 0.487425, 0.555131, 0.545248, 0.533765, 0.518926, 0.515431, 0.485016, 0.461092, 0.551222, 0.481191, 0.443176, 0.444173, 0.418511, 0.389943, 0.562826, 0.530761, 0.511776, 0.508519, 0.487362, 0.467625, 0.575037, 0.521762, 0.497757, 0.453889, 0.438428, 0.405225, 0.403661, 0.424157, 0.401866, 0.390206, 0.401702, 0.394621, 0.379657, 0.376327, 0.352585, 0.348600, 0.365789, 0.354378, 0.339278, 0.345206, 0.329619
0.441510, 1.116634, 1.116634; 1.936097, 1.980679, 1.908893, 1.853343, 2.365918, 2.335579, 2.312986, 2.290047, 2.071302, 2.023888, 2.004214, 1.915900, 1.880200, 1.812547, 1.782512, 1.757126, 1.748774, 1.729127, 1.677057, 1.658174, 1.638363, 1.613018, 1.576261, 1.571885, 1.554240, 1.518899, 1.525148, 1.511003, 1.502741, 1.487442, 1.445446, 1.426180, 1.414033, 1.406020, 1.381138, 1.318233, 1.308548, 1.304720, 1.295227, 1.298366, 1.288466, 1.279569, 1.276118, 1.266590, 1.275577, 1.267647, 1.257698, 1.249091
1.699985, 0.356251; 2.157130, 1.870348, 1.836857, 1.741792, 1.955539, 1.902680, 1.878953, 1.750925, 1.825024, 1.761069, 1.715131, 1.809967, 1.811803, 1.780267, 1.765137, 1.811620, 1.803208, 1.796748, 1.776877, 1.825388, 1.806444, 1.773033, 1.810228, 1.780117, 1.761659, 1.735002, 1.794219, 1.768924, 1.745057, 1.744906, 1.765660, 1.762029, 1.739906, 1.771803, 1.766828, 1.758593, 1.750586, 1.786711, 1.782089, 1.769678, 1.762231, 1.758724, 1.760265, 1.742875, 1.776034, 1.759442, 1.743470, 1.740663, 1.773397
0.184984, 0.325453, 1.360786, 1.053369, 0.631399; 1.178875, 0.581278, 0.404564, 0.611688, 0.568442, 0.529126, 0.870755, 0.837722, 1.567694, 1.488709, 1.415344, 1.366960, 1.360347, 1.328657, 1.431167, 1.390339, 1.333390, 1.484447, 1.453620, 1.447230, 1.391190, 1.348377, 1.346004, 1.564513, 1.530372, 1.477713, 1.470907, 1.468448, 1.435400, 1.498053, 1.475005, 1.443743, 1.425752, 1.390332, 1.391189, 1.346432, 1.332374, 1.391453, 1.343510, 1.325212, 1.343233, 1.333589, 1.276854, 1.271141, 1.261973, 1.201142
200.591860, 200.591860, 180.427839, 180.875916, 182.613815, 182.440927, 147.113216, 128.655631, 150.050655, 149.915802, 150.064725, 252.946301, 259.306676, 263.241569, 262.978354, 264.903632, 266.241616, 270.205434, 270.329882, 268.415349, 270.352644, 270.533091, 271.364160, 271.329260, 269.061210, 268.831022, 268.728262, 268.750481, 268.829987, 268.397404, 268.437370, 267.436005, 267.310357, 267.012790, 266.724414, 266.653787, 266.652627, 266.506717, 266.556285, 266.479961, 266.095005, 266.377804, 267.634214, 267.595224; 267.149639, 267.173531, 267.169690, 266.806808, 266.764076, 267.308496, 267.316654
1.037814, 2.200223, 1.539458, 1.769767, 1.880396; 2.511875, 2.340264, 2.364667, 2.020774, 2.060078, 2.009380, 1.989727, 1.944281, 2.003768, 1.804726, 2.040413, 2.009916, 2.145861, 2.198441, 2.137879, 2.127599, 2.048321, 2.067724, 2.025998, 1.973961, 1.968959, 1.623003, 1.624823, 2.247642, 2.250917, 2.249789, 2.252718, 2.247746, 2.245182, 2.252139, 2.253281, 2.255752, 2.252244, 2.248407, 2.250106, 2.219444, 2.220230, 2.209778, 2.209345, 2.203563, 2.199620, 2.189923, 2.186955, 2.174278, 2.169434, 2.173633
1.758636, 2.792387, 3.194079, 3.211347, 3.029911, 2.890082, 2.875587; 3.577643, 3.584762, 3.436178, 3.401533, 3.355876, 3.323191, 3.298138, 3.319673, 3.338329, 3.296470, 3.274520, 3.240902, 3.258077, 3.275467, 3.481418, 3.459685, 3.465703, 3.450242, 3.455517, 3.426585, 3.432161, 3.407862, 3.414285, 3.400191, 3.405646, 3.385211, 3.366866, 3.354621, 3.449305, 3.425499, 3.429596, 3.433750, 3.437265, 3.540063, 3.541110, 3.523840, 3.507377, 3.496161, 3.486366, 3.488320, 3.479286, 3.470229, 3.527781, 3.529062
0.931144, 1.444823, 1.815841, 0.560176, 1.085380, 1.114526, 1.040895; 1.855735, 1.677781, 1.602229, 1.570089, 1.538126, 1.645181, 1.612885, 1.533151, 1.458408, 1.150742, 1.126128, 1.229551, 1.224396, 1.436286, 1.440951, 1.421344, 1.316399, 1.320100, 1.325278, 1.387173, 1.388281, 1.380853, 1.518601, 1.516782, 1.363971, 1.344048, 1.363289, 1.365069, 1.350691, 1.350383, 1.305088, 1.299417, 1.326207, 1.303943, 1.292243, 1.432744, 1.390247, 1.291264, 1.280790, 1.271939, 1.268888, 1.218060, 1.223468, 1.149162
22.178553, 20.081412; 22.940084, 22.726032, 22.530568, 22.844835, 22.702515, 22.579961, 22.567811, 22.470286, 22.403631, 22.244224, 22.356546, 22.310891, 22.278732, 22.264487, 22.218879, 22.184043, 22.172821, 22.091908, 22.059466, 22.013180, 21.990438, 21.954067, 21.960956, 21.942672, 21.900096, 21.975704, 21.937978, 21.917363, 22.005148, 21.992621, 21.980238, 21.951668, 21.946759, 21.932629, 21.917249, 21.983339, 21.971963, 21.942219, 21.942621, 21.933242, 21.923468, 21.921638, 21.915552, 21.908900, 21.952635, 21.951107, 21.945335, 21.957048, 21.951224
0.287718, 0.923707; 0.410609, 0.096788, 0.037395, 0.203722, 0.101774, 0.028061, 0.063839, 0.134465, 0.005056, 0.065723, 0.113173, 0.025148, 0.027640, 0.044038, 0.067728, 0.065269, 0.097687, 0.134895, 0.152590, 0.044131, 0.071488, 0.096405, 0.014130, 0.034725, 0.058802, 0.082554, 0.084394, 0.110337, 0.117078, 0.123789, 0.058149, 0.065684, 0.080143, 0.028930, 0.045163, 0.060860, 0.067059, 0.018064, 0.027698, 0.031683, 0.046616, 0.048844, 0.057680, 0.073760, 0.038012, 0.052650, 0.064820, 0.077275, 0.041042
1.435852, 0.087779, 0.950891; 0.929165, 0.665273, 0.828731, 0.873766, 1.107564, 1.134966, 0.954554, 0.978368, 1.071160, 1.008639, 1.185480, 1.254659, 1.137645, 1.114858, 1.137812, 1.067484, 1.055436, 1.032734, 0.982500, 1.024829, 1.048156, 1.040502, 1.072572, 1.061509, 1.088858, 1.102708, 1.090962, 1.090321, 1.107366, 1.070896, 1.055125, 1.079565, 1.078544, 1.100353, 1.111134, 1.061955, 1.052403, 1.079581, 1.080453, 1.101482, 1.105829, 1.046573, 1.059222, 1.066394, 1.073667, 1.096797, 1.057748, 1.095517
1.235065, 1.235065, 1.235065, 1.235065, 1.235065, 0.973334, 0.998395, 1.019060; 1.370612, 1.352234, 1.291153, 1.284232, 1.279297, 1.277700, 1.275219, 1.273875, 1.290813, 1.202255, 1.203474, 1.187645, 1.191231, 1.192594, 1.193638, 1.194853, 1.235602, 1.208829, 1.210511, 1.211548, 1.212187, 1.195119, 1.196890, 1.198222, 1.200101, 1.200854, 1.201573, 1.203137, 1.203763, 1.268867, 1.251444, 1.251213, 2.164653, 2.167295, 2.169736, 2.145964, 2.144048, 2.140938, 2.139052, 2.143834, 2.145785, 2.147588, 2.149260
1.327477, 2.885622, 2.885622; 2.178622, 2.246680, 2.304419, 2.367379, 1.057489, 1.080744, 1.110384, 1.124829, 0.655192, 0.701085, 0.728174, 0.769485, 0.784423, 0.610177, 0.630035, 0.651098, 0.674456, 0.831843, 0.846848, 0.864639, 0.878941, 0.904187, 0.755379, 0.773990, 0.792114, 0.808164, 0.689710, 0.715129, 0.733553, 0.750696, 0.765380, 0.678845, 0.691490, 0.704198, 0.719087, 0.743114, 0.756772, 0.763163, 0.777686, 0.843826, 0.861889, 0.880241, 0.888958, 0.894323, 0.804274, 0.821026, 0.832120, 0.838770
23.873149, 24.760452; 22.908139, 23.102560, 23.230804, 23.096201, 23.076525, 23.328275, 23.334854, 23.386631, 23.424085, 23.449546, 23.359751, 23.355377, 23.420160, 23.271322, 23.294617, 23.309524, 23.291930, 23.334386, 23.371765, 23.259349, 23.198676, 23.221392, 23.216176, 23.237468, 23.235944, 23.142299, 23.188094, 23.203501, 23.096046, 23.105221, 23.121897, 23.183081, 23.125069, 23.152471, 23.184658, 23.176183, 23.198602, 23.209075, 23.159607, 23.187729, 23.189064, 23.168418, 23.178843, 23.195690, 23.197959, 23.164778, 23.190325, 23.153267, 23.093315
66.729128, 63.915718, 63.915718, 64.099281, 64.062483, 64.590251, 64.543176, 64.468195; 64.510910, 64.523905, 64.483356, 64.406393, 64.389200, 64.310180, 64.272481, 64.173090, 64.163972, 64.155769, 64.098297, 64.069615, 64.105170, 64.104161, 64.059131, 64.042393, 64.039873, 64.036319, 64.026321, 64.025295, 64.027789, 64.019762, 64.150194, 64.216990, 64.272919, 64.242998, 64.238234, 64.226247, 64.213502, 64.259688, 64.248426, 64.244483, 64.229868, 64.221550, 64.217609, 64.212660, 64.197126, 64.162733, 64.179317, 64.176930, 64.160177, 64.158834, 64.188405
0.066277, 1.661327; 0.115600, 0.005497, 0.199978, 0.099541, 0.091096, 0.082712, 0.160373, 0.061818, 0.019399, 0.019006, 0.050726, 0.019468, 0.015585, 0.010532, 0.050716, 0.051112, 0.045236, 0.061606, 0.097229, 0.039856, 0.066742, 0.083101, 0.024857, 0.038047, 0.049385, 0.008044, 0.010570, 0.008002, 0.002761, 0.015175, 0.039213, 0.037737, 0.004016, 0.004275, 0.004047, 0.019485, 0.019645, 0.007794, 0.031768, 0.020474, 0.019686, 0.039238, 0.027902, 0.009340, 0.020394, 0.020582, 0.018636, 0.044509, 0.048212
1.184873, 0.158862; 1.459885, 1.357268, 1.204621, 1.172559, 1.341624, 1.347608, 1.273410, 1.250653, 1.362655, 1.350812, 1.310645, 1.377496, 1.388371, 1.357783, 1.350413, 1.309217, 1.316609, 1.291876, 1.286608, 1.249941, 1.246018, 1.241493, 1.276716, 1.280461, 1.275477, 1.257592, 1.243293, 1.238082, 1.232577, 1.218916, 1.237872, 1.235057, 1.220283, 1.230326, 1.227362, 1.223229, 1.210468, 1.227528, 1.203283, 1.191691, 1.189452, 1.213768, 1.203322, 1.200151, 1.193957, 1.192160, 1.184353, 1.176917, 1.191110
1.744940, 0.535102, 0.535102; 2.871634, 2.316625, 2.062545, 1.894226, 1.769002, 1.754099, 2.088282, 2.071320, 2.023134, 2.002105, 1.976384, 2.124733, 2.061874, 2.046193, 2.029674, 2.009122, 1.991184, 2.157169, 2.148269, 2.091258, 2.038474, 1.991881, 2.305318, 2.289919, 2.287975, 2.285688, 2.252577, 2.239284, 2.282055, 2.251019, 2.247446, 2.243897, 2.229856, 2.278011, 2.282936, 2.276623, 2.272238, 2.267677, 2.262499, 2.331872, 2.330148, 2.323938, 2.316512, 2.311072, 2.339191, 2.341806, 2.335804, 2.322363
0.245711, 0.390278; 0.758256, 0.578702, 0.297112, 0.191686, 0.544752, 0.370125, 0.248781, 0.202104, 0.370235, 0.309509, 0.257612, 0.568724, 0.527592, 0.467341, 0.441857, 0.624002, 0.576929, 0.568605, 0.546217, 0.569441, 0.530143, 0.518028, 0.630010, 0.598750, 0.572552, 0.547615, 0.575935, 0.573318, 0.555427, 0.535401, 0.632145, 0.612029, 0.601964, 0.617385, 0.611954, 0.597327, 0.579642, 0.688948, 0.678858, 0.669860, 0.662083, 0.711656, 0.703810, 0.698743, 0.708499, 0.700353, 0.698891, 0.693857, 0.695627
5.144117, 6.231984, 5.403978, 4.688079, 4.616704; 4.714304, 4.899879, 5.018887, 4.751556, 4.846244, 4.845756, 4.927316, 4.983376, 5.010930, 4.943327, 5.011767, 4.929326, 4.988250, 4.948570, 5.028590, 5.051975, 5.024410, 5.047261, 4.828076, 4.873648, 4.893070, 4.910496, 4.930431, 4.847339, 4.851154, 4.844747, 4.900984, 4.920505, 4.936269, 4.973387, 4.984203, 4.989493, 5.007792, 5.019299, 4.949080, 5.014281, 4.908331, 4.939196, 4.891928, 4.910613, 4.940231, 4.929509, 4.947208, 4.936482, 4.953272, 4.961995
0.193275, 0.553939, 0.223216, 0.154239; 1.282642, 1.260696, 1.232823, 1.121836, 1.101022, 1.092299, 1.055035, 1.416627, 1.365945, 1.320486, 1.301168, 1.281958, 1.274313, 1.231924, 1.208142, 1.313132, 1.298061, 1.277894, 1.263388, 1.248791, 1.234763, 1.220975, 1.341513, 1.329768, 1.313875, 1.307722, 1.284336, 1.256387, 1.246246, 1.433563, 1.425796, 1.409000, 1.402278, 1.381431, 1.375106, 1.360270, 1.354202, 1.552527, 1.544530, 1.536924, 1.531623, 1.526337, 1.520704, 1.512763, 1.529079, 1.523975, 1.518888
1.753538, 0.973380, 1.717313, 1.309110; 1.997031, 1.800270, 1.772174, 1.772524, 1.757824, 1.693062, 1.675751, 1.710118, 1.699196, 1.661753, 1.612532, 1.560488, 1.547116, 1.571656, 1.568126, 1.554246, 1.591235, 1.588076, 1.653633, 1.611465, 1.576927, 1.569032, 1.551705, 1.539440, 1.529346, 1.500860, 1.528111, 1.574541, 1.540003, 1.518862, 1.536693, 1.517915, 1.506154, 1.505929, 1.488408, 1.487785, 1.540879, 1.523467, 1.523902, 1.560883, 1.559848, 1.554332, 1.549268, 1.535914, 1.548051, 1.528160, 1.536050
21.521651, 21.521651, 21.521651, 21.521651, 21.521651, 21.521651, 21.521651, 21.521651, 21.521651, 21.521651, 21.521651; 0.651230, 0.592041, 0.580990, 0.577976, 0.480342, 0.396025, 0.383454, 0.311075, 0.245916, 0.235770, 0.231777, 0.200661, 0.175066, 0.163693, 0.136053, 0.124606, 0.109728, 0.094864, 0.083102, 0.068270, 0.056400, 0.011450, 0.167389, 0.175323, 0.183373, 0.191505, 0.206979, 0.215096, 0.223262, 0.231478, 0.239735, 0.250283, 0.253708, 0.262083, 0.270464, 0.303591, 0.311525, 0.321457, 0.329396, 0.359849
2.805362, 3.488458, 3.644000, 3.625741; 3.272461, 3.371889, 3.372710, 3.483586, 3.396960, 3.269273, 3.296280, 3.320659, 3.397416, 3.425537, 3.475489, 3.489875, 3.441512, 3.363517, 3.341171, 3.296668, 3.230553, 3.234159, 3.207345, 3.221865, 3.250132, 3.247718, 3.232147, 3.226362, 3.225623, 3.211121, 3.250397, 3.269874, 3.251171, 3.237689, 3.248621, 3.221353, 3.207806, 3.228758, 3.227645, 3.239592, 3.066909, 3.043786, 3.056391, 3.028866, 3.049136, 3.071072, 3.052220, 3.053192, 3.077764, 3.080065, 3.099851
1.025686, 1.870984; 0.768864, 0.839739, 0.872490, 0.932666, 0.934325, 1.054909, 1.025481, 1.018936, 1.128852, 1.098717, 1.112490, 1.065944, 1.065364, 1.045600, 1.046363, 1.049037, 1.060979, 1.030314, 1.038165, 1.031727, 1.041960, 1.046167, 1.039777, 1.056623, 1.092562, 1.116838, 1.085693, 1.094178, 1.068179, 1.073525, 1.057806, 1.063329, 1.068652, 1.064202, 1.064621, 1.060164, 1.065457, 1.052682, 1.053377, 1.049439, 1.052891, 1.048952, 1.044049, 1.047581, 1.069345, 1.069380, 1.052562, 1.052632, 1.021012
0.511932, 0.664749, 0.664749; 0.738079, 0.606815, 0.403259, 0.387080, 0.454138, 0.394403, 0.359932, 0.253390, 0.414920, 0.401659, 0.348737, 0.288236, 0.573586, 0.564004, 0.543465, 0.524148, 0.654999, 0.623039, 0.623773, 0.591467, 0.650054, 0.636981, 0.623505, 0.615595, 0.716591, 0.707119, 0.697154, 0.681353, 0.722462, 0.711240, 0.701003, 0.693438, 0.724129, 0.703537, 0.694229, 0.659834, 0.692102, 0.685887, 0.669413, 0.663372, 0.718926, 0.716134, 0.716144, 0.709264, 0.758691, 0.752230, 0.747939, 0.747574
0.638108, 0.638108, 0.359828, 0.438657, 0.482614, 0.523118; 0.265634, 0.208406, 0.158584, 0.120763, 0.089905, 0.085176, 0.057420, 0.037936, 0.013437, 0.010568, 0.011412, 0.369922, 0.330505, 0.308124, 0.290018, 0.274919, 0.257842, 0.238662, 0.233534, 0.223167, 0.205657, 0.188176, 0.225618, 0.208272, 0.175269, 0.172281, 0.170015, 0.166912, 0.164514, 0.153413, 0.151105, 0.141275, 0.132554, 0.211341, 0.202545, 0.199518, 0.196702, 0.193908, 0.185607, 0.176249, 0.173680, 0.165834, 0.163374, 0.155775, 0.193689
23.391266, 24.005933, 23.219920, 23.275809; 23.989790, 23.898538, 23.781766, 23.797743, 23.806596, 23.736470, 23.737313, 24.078062, 24.027388, 24.059615, 24.070759, 24.074700, 24.033491, 24.070892, 24.077036, 24.032756, 24.003932, 24.018622, 24.030254, 23.968970, 23.986620, 23.982186, 23.940322, 23.938489, 24.053277, 24.065750, 24.034445, 24.030064, 24.035647, 23.963314, 23.967958, 23.949106, 23.958745, 23.969445, 23.948502, 23.957551, 23.948656, 23.949772, 23.962142, 23.955005, 24.031106, 24.035022, 24.040132, 24.016800, 24.022173, 24.022341, 23.998202
0.390887, 1.098633, 1.098633; 0.885166, 0.894022, 0.937021, 0.944188, 0.968007, 0.985710, 0.726576, 0.756029, 0.781126, 0.758464, 0.764323, 0.703334, 0.723005, 0.728688, 0.748269, 0.762841, 0.779178, 0.769482, 0.783541, 0.787193, 0.799959, 0.811435, 0.728524, 0.741465, 0.748239, 0.751639, 0.755087, 0.766115, 0.583189, 0.595646, 0.607375, 0.609472, 0.611664, 0.369211, 0.379815, 0.378807, 0.373694, 0.373384, 0.372943, 0.336833, 0.347125, 0.346971, 0.346097, 0.346248, 0.111160, 0.109084, 0.107091, 0.105242
0.449599, 1.659437, 2.031778; 0.617387, 0.599949, 0.578104, 0.556302, 0.532572, 0.479557, 0.100929, 0.087602, 0.077886, 0.058461, 0.037381, 0.051526, 0.070035, 0.076167, 0.077744, 0.098964, 0.106254, 0.221397, 0.239201, 0.245153, 0.260077, 0.275760, 0.257692, 0.262641, 0.277221, 0.289080, 0.301971, 0.313359, 0.388590, 0.393359, 0.399169, 0.403339, 0.411943, 0.350591, 0.359599, 0.362508, 0.364986, 0.367966, 0.375677, 0.359627, 0.358714, 0.366284, 0.369173, 0.372429, 0.312068, 0.314848, 0.321594, 0.324358
2.332455, 6.238168, 3.935151, 4.447614, 2.285316, 4.188907, 4.224428, 4.188182, 4.201310, 4.057248, 4.060270; 4.502068, 4.436583, 4.361931, 4.193866, 4.225896, 4.219242, 4.217551, 4.432102, 4.363233, 4.322286, 4.334897, 4.122659, 4.152367, 4.149966, 4.141806, 4.328324, 4.327941, 4.350389, 4.265254, 4.284671, 4.283235, 4.285879, 4.536308, 4.541278, 4.541492, 4.544026, 4.458019, 4.457681, 4.459223, 4.473384, 4.472702, 4.484407, 4.458558, 4.547740, 4.524393, 4.523057, 4.525515, 4.472405, 4.453477, 4.462654
0.108103, 0.779200; 1.183374, 0.458237, 0.333846, 0.615229, 0.492699, 0.451188, 0.636657, 0.421407, 0.416151, 0.413558, 0.457233, 0.430485, 0.416743, 0.488752, 0.462859, 0.414885, 0.495045, 0.493049, 0.484290, 0.546617, 0.554228, 0.554340, 0.604018, 0.580813, 0.532173, 0.550129, 0.518554, 0.506075, 0.518010, 0.503829, 0.448337, 0.450994, 0.491360, 0.492343, 0.440766, 0.462991, 0.462144, 0.459434, 0.480271, 0.476924, 0.458209, 0.492563, 0.475890, 0.475488, 0.473794, 0.452071, 0.445745, 0.452275, 0.448851
5.704177, 4.913866, 5.939507, 5.939605, 6.842528, 6.876258, 6.846361, 7.283474, 7.238677, 6.971510, 7.305857, 7.267550, 7.107184, 7.284274; 7.552725, 7.389737, 7.345458, 7.269938, 7.131471, 7.152700, 7.120491, 7.031573, 6.989650, 7.070797, 7.038013, 7.216083, 7.293939, 7.225592, 7.185450, 7.091391, 7.082828, 7.093310, 7.053130, 6.991422, 6.971615, 6.947117, 7.020562, 7.008214, 7.015189, 7.005079, 6.977643, 6.975940, 7.082814, 7.028220, 7.009808, 7.014762, 6.949062, 6.976123, 6.973114, 6.930658, 6.908475
65.725146, 66.264142, 66.015681, 65.048636, 64.984772, 65.331299; 65.609997, 65.574617, 65.500510, 65.628175, 65.581601, 65.654708, 65.671628, 65.693551, 65.793948, 65.835890, 65.774094, 65.781052, 65.763448, 65.843807, 65.780593, 65.817916, 65.778977, 65.625113, 65.616857, 65.676251, 65.698162, 65.689833, 65.690246, 65.617726, 65.616162, 65.617313, 65.612281, 65.637049, 65.633986, 65.624864, 65.620862, 65.635977, 65.523778, 65.541021, 65.556146, 65.552010, 65.550754, 65.559523, 65.589267, 65.585670, 65.598693, 65.585004, 65.554484, 65.551575, 65.561212
0.000000, 0.000000, 0.000000, 0.000000, 0.000000, 0.000000, 0.000000, 0.000000, 0.000000, 0.000000, 0.000000, 0.000000, 21.109897, 21.044675, 20.942078, 20.873447, 20.787347, 20.760170; 53.444456, 53.228016, 53.026518, 52.829477, 52.714022, 52.605983, 52.441833, 52.343032, 52.192511, 52.101479, 51.962482, 51.830171, 52.431345, 52.354013, 52.234673, 52.160022, 52.089170, 51.979850, 54.273747, 54.209854, 54.170762, 54.072826, 54.011210, 53.918334, 53.852434, 53.796274, 53.741144, 53.685417, 53.601626, 53.549951, 53.499149, 53.420422, 53.371767
21.865363, 20.641588, 21.330821, 23.391848, 23.104443; 23.910435, 23.688502, 23.487520, 23.343475, 23.755065, 23.667048, 23.586037, 23.947307, 23.865329, 23.810605, 23.947068, 23.870602, 23.774288, 23.709243, 23.827612, 23.789455, 24.018954, 23.980583, 23.930074, 23.889419, 23.799535, 23.792630, 23.766680, 23.935638, 23.903365, 23.860164, 23.841622, 23.889347, 23.859243, 23.817430, 23.967228, 23.937710, 23.916674, 23.966050, 23.944192, 23.920219, 23.868883, 23.948006, 23.928884, 23.986523, 23.954442, 23.916204, 23.902960, 23.890043, 23.922496, 23.898458
2.976063, 0.892473, 0.892473; 0.892473, 0.933156, 1.002667, 1.005408, 1.026707, 1.019646, 1.012864, 1.012827, 1.020499, 1.051772, 1.082585, 1.110294, 1.077991, 1.080283, 1.082708, 1.128629, 1.141462, 1.152910, 1.131670, 1.144122, 1.185864, 1.156395, 1.169331, 1.147468, 1.162178, 1.168690, 1.179447, 1.175591, 1.206939, 1.190996, 1.194318, 1.216145, 1.241579, 1.258001, 1.272732, 1.257873, 1.278560, 1.284596, 1.297642, 1.291900, 1.306534, 1.296608, 1.296772, 1.294893, 1.287762, 1.280027, 1.265523, 1.272654
2.909630, 4.750180, 3.923549, 3.378845; 3.091573, 3.223143, 3.225609, 3.173058, 3.405848, 3.339446, 3.238869, 3.264432, 3.429853, 3.411651, 3.425199, 3.327096, 3.276936, 3.301351, 3.243611, 3.213542, 3.238066, 3.213546, 3.201236, 3.164437, 3.191765, 3.211954, 3.212157, 3.188166, 3.308154, 3.351231, 3.335680, 3.313450, 3.325286, 3.305983, 3.299337, 3.290533, 3.387036, 3.371213, 3.397095, 3.378079, 3.372163, 3.378822, 3.372543, 3.356636, 3.346675, 3.411351, 3.381662, 3.370901, 3.376301, 3.401691, 3.397169
3.177064, 3.699105, 3.386384, 3.369816, 3.170959, 3.345546, 3.059446, 3.402994, 3.191842, 3.155767; 3.098280, 3.138255, 3.283752, 3.256141, 3.154612, 3.181781, 3.216129, 3.278341, 3.194559, 3.100341, 3.175612, 3.327562, 3.180469, 3.616666, 3.593575, 3.574492, 2.601060, 2.590335, 2.602371, 2.608460, 2.594691, 2.655614, 2.682989, 2.687074, 2.794435, 2.779031, 2.893458, 2.919307, 2.900623, 2.887497, 2.918432, 2.906760, 2.917296, 2.923884, 2.939910, 2.946799, 2.942776, 2.975514, 2.965119, 2.963990, 2.993531
