0.357143, 0.499081, 0.521068; 0.592188, 0.632795, 0.645537, 0.627111, 0.605550, 0.616545, 0.612055, 0.631253, 0.623968, 0.634770, 0.646055, 0.654785, 0.648822, 0.641537, 0.636857, 0.658737, 0.656536, 0.653513, 0.637230, 0.633937, 0.631118, 0.622841, 0.616039, 0.619183, 0.623338, 0.614251, 0.610110, 0.606831, 0.610443, 0.606055, 0.598605, 0.603709, 0.609348, 0.614723, 0.616777, 0.614401, 0.608797, 0.613941, 0.611084, 0.614313, 0.618259, 0.614150, 0.612186, 0.608658, 0.603355, 0.601946, 0.603886
0.263158; 0.658023, 0.614170, 0.572937, 0.707107, 0.651736, 0.622449, 0.638619, 0.612292, 0.593332, 0.683642, 0.675416, 0.661085, 0.654999, 0.648465, 0.636619, 0.631186, 0.642274, 0.639013, 0.628857, 0.639960, 0.625744, 0.616966, 0.627169, 0.620973, 0.618819, 0.634168, 0.632184, 0.624393, 0.673103, 0.669315, 0.662033, 0.659362, 0.656913, 0.654332, 0.648514, 0.646990, 0.641758, 0.639528, 0.638627, 0.635784, 0.633696, 0.638488, 0.636077, 0.634204, 0.636316, 0.634102, 0.631913, 0.636320, 0.632336
0.869565, 0.593513, 1.111320, 0.970324, 0.927495, 0.883806, 0.897360, 0.861042, 0.856159, 0.844482, 0.832670, 2.442759, 2.317063, 2.222846, 2.115648, 2.632284, 2.490231, 2.411572, 2.310401, 2.213434, 2.176569, 2.090426, 2.033076, 1.994704; 1.953954, 1.917359, 1.878823, 1.859635, 1.812028, 1.766365, 1.741459, 1.695190, 1.657815, 1.647712, 1.607331, 1.570758, 1.536594, 1.526188, 1.495747, 1.485910, 1.493523, 1.473675, 1.470273, 1.480807, 1.561765, 1.545247, 1.533892, 1.512122, 1.487389, 1.434678
0.357143, 0.363757; 0.673634, 0.582679, 0.534227, 0.487631, 0.607552, 0.582945, 0.552812, 0.537264, 0.602741, 0.587543, 0.573934, 0.554334, 0.562077, 0.551827, 0.544214, 0.536464, 0.561736, 0.550091, 0.543826, 0.537702, 0.576211, 0.569530, 0.562230, 0.556445, 0.579187, 0.570012, 0.564839, 0.559481, 0.585736, 0.580972, 0.573624, 0.569820, 0.586712, 0.582479, 0.575228, 0.571545, 0.570643, 0.567148, 0.560995, 0.557784, 0.562308, 0.559153, 0.556087, 0.552994, 0.560990, 0.554310, 0.550912, 0.547649
0.357143, 0.431736, 0.513146, 0.556039, 0.547580, 0.551142, 0.545042, 0.539751; 0.571082, 0.564429, 0.546992, 0.539131, 0.531827, 0.538481, 0.551471, 0.571048, 0.566454, 0.557662, 0.555648, 0.552245, 0.547473, 0.534704, 0.540020, 0.544250, 0.549581, 0.546782, 0.555964, 0.546587, 0.541770, 0.533545, 0.532648, 0.536601, 0.530035, 0.534098, 0.535348, 0.541699, 0.545200, 0.542095, 0.534324, 0.537704, 0.531472, 0.529063, 0.529757, 0.527397, 0.522266, 0.520108, 0.518773, 0.516553, 0.516232, 0.513092
0.285714; 0.527993, 0.492843, 0.463126, 0.476910, 0.466115, 0.470055, 0.495676, 0.497585, 0.497220, 0.485437, 0.523936, 0.520130, 0.512791, 0.520331, 0.520652, 0.518754, 0.525140, 0.525028, 0.524522, 0.530195, 0.529682, 0.529586, 0.533520, 0.528510, 0.523714, 0.523822, 0.520341, 0.516293, 0.517531, 0.518592, 0.518171, 0.515042, 0.516607, 0.516257, 0.516243, 0.517051, 0.513674, 0.510404, 0.520903, 0.518659, 0.518877, 0.521970, 0.519189, 0.516481, 0.519815, 0.517986, 0.514527, 0.514432, 0.515710
0.869565, 0.910973, 0.897170, 0.910973, 4.900696, 4.244199, 3.774834, 3.410911, 3.182091, 2.954685, 2.777902, 2.622191, 2.497991; 2.432249, 2.341652, 2.251854, 2.172652, 2.102269, 2.047372, 1.990241, 1.940746, 1.893655, 1.880750, 1.839184, 1.804983, 1.771437, 1.807380, 1.777919, 1.749950, 1.723865, 1.699613, 1.676853, 1.685585, 1.661283, 1.641373, 1.619752, 1.602059, 1.582633, 1.564269, 1.570127, 1.555120, 1.540844, 1.525051, 1.510004, 1.530430, 1.517716, 1.505696, 1.494123, 1.481031, 1.469496
0.869565, 0.634783, 0.726219, 0.762055, 0.800120; 0.940093, 0.946275, 0.943601, 0.936131, 0.938644, 0.931817, 0.884216, 0.883366, 0.882598, 0.839985, 0.844241, 0.849091, 0.838672, 0.843812, 0.817597, 0.820956, 0.800530, 0.808140, 0.797839, 0.801285, 0.804476, 0.808914, 0.839347, 0.840793, 0.842118, 0.846265, 0.847288, 0.849593, 0.833455, 0.836004, 0.838504, 0.841999, 0.828376, 0.831181, 0.832457, 0.821052, 0.822511, 0.813022, 0.814657, 0.816240, 0.819660, 0.810149, 0.796660, 0.798470, 0.800990
0.357143; 0.767045, 0.710772, 0.784025, 0.769281, 0.735184, 0.701058, 0.689352, 0.671603, 0.664128, 0.674763, 0.658414, 0.645366, 0.636596, 0.634174, 1.007172, 0.980794, 0.951987, 0.933802, 0.914892, 0.898529, 0.883088, 0.868697, 0.856295, 0.844470, 0.835305, 0.824808, 0.815190, 0.797927, 0.789441, 0.788664, 0.781368, 0.774350, 0.768068, 0.762024, 0.756140, 0.750881, 0.746583, 0.741832, 0.737226, 0.737514, 0.733425, 0.735343, 0.729875, 0.723831, 0.722448, 0.719081, 0.720420, 0.717201, 0.712228
0.370370, 1.136933, 0.892837, 0.875144, 0.765012; 0.807242, 0.738669, 0.731568, 0.703201, 0.676458, 0.726136, 0.693471, 0.727674, 0.706092, 0.686695, 0.698120, 0.677947, 0.717006, 0.698864, 0.696470, 0.683308, 0.705461, 0.690870, 0.679859, 0.687576, 0.677972, 0.689366, 0.678334, 0.702977, 0.694100, 0.706838, 0.698599, 0.690713, 0.686942, 0.679753, 0.679106, 0.673518, 0.668273, 0.672780, 0.663557, 0.673695, 0.666489, 0.664348, 0.658896, 0.659865, 0.653464, 0.648803, 0.652919, 0.648209, 0.654477
0.357143, 0.620673, 0.537190, 0.584299, 0.602373, 0.579781, 0.599511, 0.586350, 0.573446, 0.585632, 0.566855, 0.559154, 0.565186, 0.576771, 0.578020, 0.577740, 0.566221, 0.560665, 0.579506, 0.581691, 0.585692, 0.594840; 0.581645, 0.577077, 0.573006, 0.575561, 0.581734, 0.577329, 0.577762, 0.580704, 0.585159, 0.573675, 0.575707, 0.571706, 0.568654, 0.576600, 0.572013, 0.564192, 0.567385, 0.568205, 0.564901, 0.566965, 0.564856, 0.568825, 0.570633, 0.566186, 0.569438, 0.570635, 0.571922, 0.574179
0.357143, 0.376030, 0.380222, 0.379938, 0.377256, 0.368647, 0.357434, 0.348204, 0.342822, 0.336791, 0.341766, 0.357603, 0.352854, 0.349217, 0.345030, 0.340809, 0.344181, 0.341141; 0.333975, 0.332950, 0.335538, 0.334136, 0.330714, 0.332421, 0.330316, 0.327330, 0.325450, 0.332889, 0.331165, 0.333758, 0.333587, 0.338580, 0.337687, 0.337117, 0.336622, 0.344781, 0.344320, 0.343476, 0.341648, 0.340172, 0.338452, 0.338698, 0.336834, 0.349256, 0.347202, 0.345842, 0.344687, 0.344771, 0.344979, 0.344196
0.357143; 0.527993, 0.527902, 0.528885, 0.524595, 0.526746, 0.520705, 0.508966, 0.531789, 0.532797, 0.533465, 0.540977, 0.539929, 0.530988, 0.544262, 0.557895, 0.550385, 0.549025, 0.552178, 0.559137, 0.552004, 0.556470, 0.556311, 0.557223, 0.553032, 0.561190, 0.560781, 0.565555, 0.579115, 0.578336, 0.577419, 0.577495, 0.573814, 0.572926, 0.576907, 0.576328, 0.572820, 0.572617, 0.574802, 0.574664, 0.574040, 0.577485, 0.574581, 0.574118, 0.575793, 0.575285, 0.574718, 0.572078, 0.572755, 0.571289
0.357143; 0.681449, 0.662350, 0.712587, 0.767098, 0.738028, 0.722398, 0.724341, 0.730420, 0.708241, 0.696073, 0.684675, 0.709385, 0.697008, 0.687778, 0.677238, 0.665428, 0.669401, 0.661039, 0.654605, 0.646799, 0.635297, 0.629527, 0.617363, 0.612442, 0.607247, 0.602978, 0.601760, 0.597656, 0.590151, 0.593134, 0.594258, 0.595427, 0.587572, 0.577451, 0.580835, 0.573539, 0.588415, 0.594074, 0.596273, 0.592798, 0.602074, 0.599267, 0.596263, 0.592935, 1.015231, 1.008081, 0.996578, 0.985198, 0.986485
0.555556, 0.555556, 0.503704, 0.477778, 0.556135, 0.750084, 0.727836, 0.695046, 0.699060, 0.687419, 0.689341, 0.772401, 0.752694, 0.735450, 0.758534, 0.745513, 0.740368; 0.733361, 0.750277, 0.773019, 0.771066, 0.769043, 0.759214, 0.762333, 0.752995, 0.742703, 0.748190, 0.740360, 0.739510, 0.742035, 0.750868, 0.748545, 0.757394, 0.754760, 0.752715, 0.762886, 0.755456, 0.754763, 0.749104, 0.747799, 0.746531, 0.735735, 0.734633, 0.729498, 0.722820, 0.718172, 0.720214, 0.715905, 0.715272, 0.714321
0.357143; 0.674554, 0.667989, 0.647979, 0.607597, 0.576650, 0.554248, 0.539566, 0.564217, 0.565522, 0.551202, 0.558184, 0.556137, 0.552834, 0.542664, 0.571642, 0.561830, 0.588850, 0.608303, 0.604151, 0.595176, 0.597533, 0.594187, 0.590949, 0.598750, 0.592996, 0.585676, 0.582509, 0.585914, 0.580068, 0.577331, 0.581286, 0.575940, 0.573985, 0.566150, 0.564293, 0.562087, 0.557205, 0.561338, 0.556565, 0.554744, 0.562918, 0.561243, 0.559915, 0.563486, 0.559609, 0.558091, 0.556883, 0.559963, 0.558521
0.357143, 0.310150; 0.635285, 0.612843, 0.616302, 0.614615, 1.107265, 1.091412, 1.063418, 1.037968, 0.941053, 0.925001, 0.911124, 0.897904, 0.849326, 0.847043, 0.837245, 0.834394, 0.803512, 0.797206, 0.789713, 0.787978, 0.754672, 0.748178, 0.742764, 0.741323, 0.703234, 0.698807, 0.694385, 0.689494, 0.683081, 0.678253, 0.673619, 0.672408, 0.652232, 0.647659, 0.644126, 0.643046, 0.648506, 0.644536, 0.642237, 0.641345, 0.646064, 0.645312, 0.641818, 0.641068, 0.641631, 0.638544, 0.638001, 0.635204
0.263158, 0.310150; 0.598880, 0.568565, 0.540555, 0.521122, 0.561554, 0.550559, 0.540415, 0.521345, 0.575948, 0.571426, 0.566597, 0.555484, 0.571769, 0.568421, 0.565029, 0.561637, 0.545973, 0.543295, 0.540109, 0.537033, 0.553323, 0.550890, 0.544322, 0.542347, 0.547799, 0.546397, 0.540701, 0.538937, 0.551260, 0.549262, 0.547296, 0.545362, 0.555938, 0.554147, 0.552378, 0.550632, 0.571445, 0.569122, 0.567151, 0.564924, 0.578003, 0.573569, 0.571140, 0.568779, 0.589750, 0.591478, 0.588669, 0.585925
0.869565, 0.869565, 0.698758, 0.762164, 0.827873, 0.848564, 0.777466, 0.726573, 0.751831, 0.785690, 0.812015, 0.824483, 0.841551, 0.848977, 1.133113, 1.135643, 1.143156, 1.123986, 1.130705; 1.047174, 1.017909, 1.024519, 1.030279, 1.037847, 1.039395, 1.043397, 1.043404, 1.022082, 1.022766, 1.780197, 1.754198, 1.726925, 1.701398, 1.680593, 1.678983, 1.656464, 1.637978, 1.620569, 1.604227, 1.610899, 1.595235, 1.578117, 1.562448, 1.546920, 1.537297, 1.524955, 1.497978, 1.487141, 1.475698, 1.456424
0.357143, 0.317460, 0.318790, 0.501618, 0.497540, 0.481893, 0.470231, 0.519559, 0.506493, 0.490392, 0.480503, 0.472678, 0.505980, 0.496289, 0.490064, 0.479114, 0.670083, 0.660391, 0.649437, 0.617846, 0.610733, 0.606890, 0.601259, 0.582183, 0.591212, 0.582943, 0.575595, 0.569847, 0.551881, 0.546641, 0.536291, 0.531045, 0.570327, 0.566454, 0.557774, 0.553426, 0.547395, 0.560263, 0.546992, 0.542748; 0.537986, 0.534033, 0.529668, 0.548862, 0.543671, 0.541318, 0.533901, 0.530062, 0.527969, 0.561500
0.400000, 0.356250; 0.553458, 0.501351, 0.501223, 0.489401, 0.537935, 0.520190, 0.617208, 0.607184, 0.603298, 0.616538, 0.608768, 0.607835, 0.641582, 0.631998, 0.617246, 0.609701, 0.632999, 0.652711, 0.655739, 0.643785, 0.636620, 0.629869, 0.640507, 0.636507, 0.627561, 0.622215, 0.617194, 0.612566, 0.627847, 0.623588, 0.621099, 0.617306, 0.613687, 0.620060, 0.616573, 0.629634, 0.623746, 0.620284, 0.614486, 0.614488, 0.611360, 0.608350, 0.605525, 0.603066, 0.606187, 0.603505, 0.611234, 0.608518
1.492537, 1.371027, 0.899475, 0.919631, 0.747802; 0.758680, 0.696945, 0.660951, 0.607719, 0.585897, 3.555493, 3.311750, 3.089370, 2.885884, 2.739343, 2.945846, 2.809722, 2.747638, 2.647040, 2.613731, 2.445641, 2.394634, 2.321865, 2.242051, 2.178605, 2.134757, 2.082424, 2.028543, 2.026780, 1.988470, 1.936931, 1.867858, 1.869181, 1.840409, 1.829325, 1.801592, 2.462799, 2.401858, 2.334123, 2.298322, 2.300379, 2.258632, 2.237733, 2.229922, 2.217268, 2.171324, 2.198472, 2.183291, 2.141282, 2.102726
0.370370, 0.614350, 0.611855, 0.524012, 0.558734, 0.596692, 0.554953, 0.593142, 0.651094, 0.674985, 0.703105, 0.715895, 0.714091, 0.689921, 0.703752, 0.699468, 0.710841, 0.741974, 0.719898, 0.735374; 0.737240, 0.723755, 0.719107, 0.718908, 0.715103, 0.719745, 0.706171, 0.696558, 0.706640, 0.692817, 0.698772, 0.704443, 0.696874, 0.695053, 0.697257, 0.687245, 0.680994, 0.670679, 0.665679, 0.672724, 0.667210, 0.677711, 0.681492, 0.685063, 0.685978, 0.683699, 0.683682, 0.696071, 0.698844, 0.692691
0.285714, 0.562157, 0.512125, 0.483920, 0.571408, 0.559252, 0.557185, 0.593362, 0.585683, 0.578014; 0.580757, 0.569121, 0.563396, 0.558987, 0.554182, 0.549458, 0.545140, 0.547528, 0.540166, 0.536520, 0.538653, 0.530426, 0.527394, 0.523277, 0.525185, 0.526532, 0.529684, 0.535367, 0.530404, 0.527580, 0.522371, 0.523459, 0.519613, 0.538479, 0.538922, 0.544047, 0.541505, 0.538449, 0.540162, 0.540063, 0.537069, 0.538767, 0.539237, 0.536503, 0.540147, 0.535532, 0.530327, 0.532801, 0.528550, 0.526627
0.263158, 0.429293, 0.492226, 0.487431, 0.555759, 0.536286; 0.609604, 0.586225, 0.564326, 0.565039, 0.548190, 0.578985, 0.560997, 0.548824, 0.535870, 0.523844, 0.521236, 0.543749, 0.531013, 0.522547, 0.514327, 0.522634, 0.519121, 0.511917, 0.503783, 0.498877, 0.493295, 0.499987, 0.495829, 0.490830, 0.498376, 0.491831, 0.488199, 0.485926, 0.485433, 0.481312, 0.487426, 0.482629, 0.480632, 0.476972, 0.474571, 0.481911, 0.483161, 0.479298, 0.474603, 0.488927, 0.491291, 0.488204, 0.485101, 0.483046
20.000000, 10.344828, 9.118774, 6.839080, 5.551264, 7.959387, 7.774713, 6.852874, 6.832184, 6.188966; 5.705141, 6.142573, 5.836861, 5.834255, 5.751923, 6.104733, 6.083624, 6.109028, 6.100800, 6.166400, 6.226532, 6.068560, 6.386977, 6.239726, 6.268416, 6.861293, 6.914501, 7.224099, 7.604526, 7.566494, 7.431343, 7.637300, 6.177197, 6.087771, 6.109406, 6.018494, 5.937441, 5.862456, 6.002514, 5.913208, 5.980182, 5.909910, 5.944898, 5.969970, 6.165940, 6.098422, 6.125232, 6.051055, 6.024583, 5.973152
0.357143, 0.310150, 0.326591, 0.334082, 0.348167, 0.334502; 0.349816, 0.346443, 0.337580, 0.338305, 0.331233, 0.336569, 0.336611, 0.352995, 0.352749, 0.377119, 0.369638, 0.364599, 0.364147, 0.359790, 0.363336, 0.359015, 0.358242, 0.354744, 0.351594, 0.354124, 0.353045, 0.352718, 0.352716, 0.354354, 0.351507, 0.352762, 0.350120, 0.347632, 0.347091, 0.344985, 0.345583, 0.345441, 0.346300, 0.347323, 0.348089, 0.348090, 0.347771, 0.354277, 0.352275, 0.352436, 0.356613, 0.356817, 0.362755, 0.359745
0.357143; 0.677966, 0.711547, 0.694926, 0.642838, 0.650677, 0.642350, 0.626399, 0.629156, 0.640994, 0.704673, 0.688636, 0.682274, 0.710949, 0.701956, 0.694276, 0.694377, 0.689687, 0.700095, 0.695034, 0.685181, 0.679419, 0.680698, 0.699475, 0.688065, 0.683500, 0.683318, 0.678896, 0.690955, 0.700008, 0.695564, 0.690955, 0.687287, 0.694994, 0.705810, 0.701391, 0.709256, 0.705379, 0.711000, 0.708956, 0.706052, 0.702750, 0.701404, 0.702241, 0.707003, 0.711128, 0.705951, 0.701706, 0.705401, 0.698970
0.285714, 0.274436, 0.373434; 0.562125, 0.514821, 0.483745, 0.442297, 0.426153, 0.412327, 0.400289, 0.507870, 0.480642, 0.457062, 0.450566, 0.446989, 0.438878, 0.434641, 0.437243, 0.448916, 0.444756, 0.442373, 0.443052, 0.438925, 0.434600, 0.431417, 0.454962, 0.466168, 0.465889, 0.461767, 0.457276, 0.453582, 0.452694, 0.532967, 0.528965, 0.525450, 0.523752, 0.519582, 0.515411, 0.511390, 0.507638, 0.530782, 0.527850, 0.524172, 0.521136, 0.518800, 0.517992, 0.527245, 0.523976, 0.518965, 0.516161
0.869565; 0.767280, 0.786224, 0.770351, 0.797526, 0.733456, 0.767192, 0.808139, 0.833951, 0.828005, 0.851532, 0.872250, 0.848160, 0.842105, 0.858393, 0.840977, 0.837555, 0.822307, 0.836272, 0.844878, 0.857396, 0.852121, 0.858648, 0.878153, 0.874127, 0.869948, 0.855092, 0.851983, 0.844369, 0.846863, 0.844336, 0.836867, 0.834879, 0.841749, 0.837276, 0.842845, 0.840153, 0.834585, 0.845795, 0.836798, 0.851331, 0.843860, 0.838370, 0.832720, 0.837838, 0.843922, 0.836946, 0.848184, 0.843449, 0.842195
0.270270, 0.373641, 0.401932, 0.393662, 0.485092, 0.452183; 0.442242, 0.420885, 0.417554, 0.412733, 0.414082, 0.402899, 0.392191, 0.385478, 0.385620, 0.385316, 0.377613, 0.373226, 0.375397, 0.369482, 0.370428, 0.375940, 0.577956, 0.577775, 0.570214, 0.571736, 0.563333, 0.554501, 0.545640, 0.534886, 0.528113, 0.519563, 0.519329, 0.514485, 0.513267, 0.505928, 0.501908, 0.497634, 0.501595, 0.506120, 0.515355, 0.509257, 0.506395, 0.504231, 0.499147, 0.499534, 0.496068, 0.493394, 0.490390, 0.487485
6.666667, 4.079602; 2.716661, 2.444423, 2.161068, 2.934890, 2.744427, 2.599045, 2.429628, 2.344216, 2.862365, 3.400855, 3.179981, 2.988155, 2.846340, 2.724190, 2.595728, 2.548255, 2.493397, 2.384695, 2.588780, 2.539225, 2.494052, 2.451186, 2.411164, 2.386838, 2.340838, 2.310789, 2.266846, 2.207702, 2.162467, 2.141759, 2.112089, 2.094368, 2.190066, 2.160679, 2.113097, 2.097880, 2.103806, 2.062115, 2.033187, 1.986456, 1.954855, 1.951535, 1.944804, 1.914165, 1.878629, 1.857886, 1.833699, 1.949767
0.357143, 0.363757, 0.361552; 0.639503, 0.736235, 0.746969, 0.788408, 0.760919, 0.794461, 0.789657, 0.731308, 0.753551, 0.773995, 0.753459, 0.728931, 0.745671, 0.729343, 0.714559, 0.672474, 0.684465, 0.682851, 0.695691, 0.705074, 0.694386, 0.692100, 0.670737, 0.679017, 0.686761, 0.677788, 0.669719, 0.677005, 0.685359, 0.682446, 0.690543, 0.683164, 0.675813, 0.682357, 0.682487, 0.681415, 0.674732, 0.671780, 0.670909, 0.669421, 0.674156, 0.666656, 0.671262, 0.665832, 0.672462, 0.667407, 0.671625
0.869565, 0.869565; 0.924027, 0.923850, 0.829774, 0.843853, 0.861839, 0.864556, 0.868630, 0.820500, 0.827764, 0.833471, 0.844138, 0.849269, 0.851474, 0.860195, 0.861729, 0.863203, 0.864311, 0.867517, 0.871535, 0.877346, 0.877492, 0.879197, 0.887404, 0.887167, 0.886945, 0.886734, 0.881542, 0.881669, 0.879688, 0.879879, 0.880043, 0.880183, 0.882739, 0.884569, 0.884592, 0.870745, 0.871110, 0.872661, 0.872907, 0.874601, 0.874877, 0.875132, 0.876467, 0.876631, 0.878380, 0.878568, 0.875716, 0.877808
0.370370, 0.442110, 4.377723, 4.197126; 4.360771, 3.878293, 3.479637, 3.200737, 2.622615, 2.513674, 2.373733, 2.275638, 2.329699, 2.240794, 2.152124, 1.948323, 1.958344, 1.904771, 1.848217, 1.873113, 1.823529, 1.831738, 1.807439, 1.772224, 1.744315, 1.726488, 1.704139, 1.756114, 1.742636, 1.777113, 1.756131, 1.729927, 1.707608, 1.623398, 1.614780, 1.600728, 1.582849, 1.603559, 1.587201, 1.574764, 1.519765, 1.503817, 1.494754, 1.479108, 1.801237, 1.785573, 1.730339, 1.733081, 1.715570, 1.706898
0.400000, 0.342857; 0.603628, 0.541205, 0.530816, 0.517349, 0.509994, 0.502997, 0.440700, 0.432582, 0.425837, 0.430626, 0.426518, 0.456613, 0.459939, 0.453358, 0.451247, 0.453815, 0.456131, 0.452455, 0.449677, 0.447039, 0.448985, 0.452105, 0.441701, 0.437906, 0.435461, 0.433136, 0.430867, 0.428788, 0.423142, 0.421165, 0.418699, 0.416848, 0.419056, 0.490628, 0.487950, 0.488401, 0.488774, 0.486929, 0.487236, 0.517573, 0.519201, 0.520691, 0.518981, 0.517328, 0.527991, 0.526494, 0.524434, 0.522666
0.555556, 0.663256; 0.770700, 0.647994, 0.645678, 0.593150, 0.615724, 0.588363, 0.649479, 0.641295, 0.637781, 0.633237, 0.654652, 0.661330, 0.655349, 0.659514, 0.651943, 0.639041, 0.638090, 0.640579, 0.633466, 0.632945, 0.623937, 0.620280, 0.621543, 0.612257, 0.605632, 0.603192, 0.598864, 0.604071, 0.604019, 0.609709, 0.611012, 0.607865, 0.609051, 0.608622, 0.611563, 0.605416, 0.600851, 0.601934, 0.609747, 0.612407, 0.609836, 0.604942, 0.612906, 0.609801, 0.607857, 0.613230, 0.610265, 0.608384
0.869565; 0.712560, 0.764895, 0.727518, 0.793492, 0.806435, 0.741664, 0.774688, 0.752146, 0.721882, 0.694619, 0.666136, 0.669280, 0.645203, 0.632515, 0.617218, 0.631353, 0.651878, 0.643524, 0.653615, 0.645443, 0.655205, 0.668839, 0.654815, 0.680229, 0.674197, 0.665311, 0.670469, 0.661079, 0.666602, 0.665886, 0.688343, 0.687901, 0.694717, 0.697447, 0.691139, 0.682797, 0.676977, 0.674946, 0.682429, 0.679571, 0.670204, 0.665253, 0.658411, 0.659074, 0.653902, 0.654802, 0.650819, 0.657430, 0.653088
0.400000, 0.378571; 0.635091, 0.620917, 0.608505, 0.633313, 0.701191, 0.702410, 0.721245, 0.703868, 0.689422, 0.676610, 0.665544, 0.676275, 0.667974, 0.660463, 0.653797, 0.650462, 0.640104, 0.624663, 0.619508, 0.642923, 0.663679, 0.656746, 0.667506, 0.671383, 0.686273, 0.675791, 0.671759, 0.666114, 0.674116, 0.669092, 0.665885, 0.679477, 0.674603, 0.686412, 0.688330, 0.685240, 0.678819, 0.680876, 0.676515, 0.688305, 0.684662, 0.679020, 0.675712, 0.672455, 0.683566, 0.681674, 0.678673, 0.674090
0.869565, 0.712560, 0.594088; 0.766315, 0.692601, 0.644413, 0.642418, 0.673332, 0.641050, 0.621975, 0.598838, 0.648987, 0.624944, 0.650908, 0.632082, 0.649360, 0.666905, 0.650590, 0.636642, 0.663803, 0.649835, 0.638529, 0.632050, 0.624386, 0.619456, 0.608585, 0.636244, 0.627941, 0.619343, 0.611310, 0.607006, 0.598296, 0.609558, 0.608555, 0.625354, 0.618427, 0.626912, 0.620568, 0.614417, 0.608490, 0.605483, 0.598787, 0.612322, 0.606997, 0.602608, 0.597737, 0.604060, 0.599974, 0.595507, 0.606316
0.066667, 0.177556, 0.193987; 0.299524, 0.286195, 0.345186, 0.328935, 0.336420, 0.304117, 0.352452, 0.348915, 0.361211, 0.362648, 0.342175, 0.344254, 0.363656, 0.359136, 0.371022, 0.378601, 0.406022, 0.401871, 0.408287, 0.405084, 0.401388, 0.414111, 0.411244, 0.387165, 0.387480, 0.401983, 0.401395, 0.404424, 0.400964, 0.425843, 0.426551, 0.431680, 0.429991, 0.420443, 0.422486, 0.429009, 0.427579, 0.428266, 0.424674, 0.419308, 0.412636, 0.416384, 0.413934, 0.412840, 0.414740, 0.412199, 0.413798
0.357143, 0.484382, 0.407708, 0.403946, 0.484321, 0.467590; 0.523444, 0.510512, 0.548059, 0.537012, 0.529660, 0.568248, 0.558917, 0.548876, 0.595072, 0.584503, 0.600264, 0.593095, 0.597137, 0.616615, 0.634284, 0.637488, 0.628867, 0.621665, 0.624831, 0.614864, 0.603970, 0.604728, 0.598918, 0.623080, 0.617464, 0.628263, 0.622773, 0.617062, 0.619409, 0.614663, 0.609674, 0.619072, 0.615949, 0.631937, 0.628334, 0.637084, 0.630340, 0.625824, 0.630195, 0.627010, 0.620569, 0.624653, 0.625461, 0.619036
0.555556, 0.645822, 0.611073, 0.645184, 0.604609; 0.614348, 0.698205, 0.670601, 0.729901, 0.715320, 0.749646, 0.729141, 0.766760, 0.788037, 0.778192, 0.795129, 0.777269, 0.802584, 0.799058, 0.799108, 0.794410, 0.813302, 0.797667, 0.800968, 0.817815, 0.803500, 0.811335, 0.810140, 0.820697, 0.817940, 0.830753, 0.817360, 0.828113, 0.833044, 0.840777, 0.829078, 0.830126, 0.823103, 0.823205, 0.831465, 0.824155, 0.829621, 0.828283, 0.826717, 0.824179, 0.818682, 0.813803, 0.808490, 0.816959, 0.811169
0.270270, 0.517017, 0.525970, 0.622844; 0.686118, 0.648128, 0.646084, 0.645866, 0.629551, 0.656459, 0.653683, 0.638924, 0.639484, 0.653649, 0.641780, 0.635018, 0.634532, 0.626554, 0.620418, 0.610743, 0.610112, 0.614774, 0.612982, 0.614479, 0.605352, 0.604616, 0.609880, 0.606782, 0.610845, 0.615065, 0.617667, 0.615987, 0.616558, 0.614875, 0.612071, 0.613830, 0.611155, 0.608511, 0.608713, 0.603253, 0.604954, 0.611935, 0.608894, 0.606351, 0.604178, 0.605814, 0.613891, 0.612310, 0.611701, 0.608927
0.869565, 0.869565, 0.764895, 0.791063, 2.299517; 2.325511, 2.099565, 1.861972, 1.745110, 1.652020, 1.526689, 1.417038, 1.331063, 1.300332, 1.270973, 1.245366, 1.271418, 1.223144, 1.204615, 1.159665, 1.146056, 1.108225, 1.097772, 1.088510, 1.079691, 1.063418, 1.037760, 1.063236, 1.037700, 1.013964, 0.991844, 0.977987, 0.975386, 0.972670, 0.960564, 0.943560, 0.932896, 0.917215, 0.935459, 0.934656, 0.925225, 0.912397, 0.914279, 0.913960, 0.906408, 0.906236, 0.906048, 0.905692, 0.892577, 0.904666
0.555556, 0.555556; 1.340639, 1.410675, 1.415006, 1.358142, 1.322557, 1.334233, 1.175278, 1.193490, 1.172374, 1.134464, 1.092325, 0.992569, 1.009084, 0.980885, 0.994247, 1.006235, 1.016110, 0.978575, 0.987665, 0.995308, 0.977375, 0.968356, 0.982771, 0.966195, 0.950988, 0.945394, 0.939784, 0.947068, 0.933746, 0.928384, 0.922526, 0.906338, 0.909472, 1.060102, 1.046352, 1.047712, 1.034783, 1.021223, 1.014000, 1.020611, 1.023069, 1.011155, 1.004980, 1.006937, 1.036847, 1.031369, 1.021087, 1.015915
0.357143, 0.613354, 0.698758, 0.595497, 0.529029; 0.650897, 0.615639, 0.659426, 0.661933, 0.686994, 0.651409, 0.650723, 0.670383, 0.647796, 0.624115, 0.606241, 0.590749, 0.610116, 0.628499, 0.616320, 0.598971, 0.612404, 0.597092, 0.593666, 1.835539, 1.778082, 1.723956, 1.653995, 1.608455, 1.566556, 1.534469, 1.496635, 1.461819, 1.447923, 1.441283, 1.428473, 1.401308, 1.513478, 1.473332, 1.447271, 1.425329, 1.399078, 1.388291, 1.371635, 1.349432, 1.340271, 1.334320, 1.326656, 1.305805, 1.282686
0.357143; 0.454851, 0.436626, 0.422899, 0.510159, 0.509382, 0.508884, 0.531404, 0.518477, 0.515824, 0.514136, 0.535706, 0.534879, 0.533683, 0.557720, 0.563410, 0.562033, 0.567571, 0.578596, 0.577116, 0.582412, 0.581617, 0.603851, 0.604529, 0.604736, 0.600331, 0.600937, 0.599836, 0.598728, 0.599057, 0.594807, 0.594852, 0.594046, 0.588171, 0.594287, 0.593334, 0.592665, 0.591912, 0.591150, 0.596485, 0.596458, 0.595766, 0.584046, 0.583386, 0.582940, 0.582676, 0.582124, 0.582368, 0.584489, 0.584004
0.263158; 0.430086, 0.502466, 0.531054, 0.609564, 0.597032, 0.575447, 0.538139, 0.514800, 0.503983, 0.492367, 0.474829, 0.460705, 0.450984, 0.436246, 0.428060, 0.421076, 0.437412, 0.440856, 0.435845, 0.426642, 0.424226, 0.424164, 0.453277, 0.451710, 0.446749, 0.437707, 0.438331, 0.438858, 0.452811, 0.455527, 0.454048, 0.454403, 0.450817, 0.450295, 0.448884, 0.446353, 0.445840, 0.442018, 0.435973, 0.433138, 0.433054, 0.427910, 0.427581, 0.424910, 0.430138, 0.427609, 0.426539, 0.429781, 0.428973
0.270270, 0.420849; 0.721529, 0.673407, 0.668926, 0.660819, 0.824973, 0.803147, 0.780931, 0.760742, 0.664175, 0.659688, 0.647418, 0.659258, 0.654493, 0.631682, 0.628211, 0.623707, 0.613645, 0.608630, 0.616889, 0.613441, 0.610678, 0.610333, 0.604594, 0.600776, 0.597962, 0.602353, 0.602889, 0.599631, 0.594311, 0.591986, 0.597569, 0.596385, 0.593814, 0.589730, 0.592739, 0.582129, 0.579500, 0.574563, 0.572130, 0.573084, 0.571199, 0.569011, 0.564663, 0.562950, 0.566767, 0.564249, 0.562684, 0.560667
0.869565; 0.837635, 0.914947, 0.814549, 0.843066, 0.819219, 0.844989, 0.822038, 0.854903, 0.847482, 0.861213, 0.862509, 0.847427, 0.831037, 0.842518, 0.848292, 0.841951, 0.823610, 0.804913, 0.807667, 0.800690, 0.796283, 0.804786, 0.797004, 0.805105, 0.812396, 0.818973, 0.815076, 0.821239, 0.826848, 0.815350, 0.806838, 0.796222, 0.801735, 0.798212, 0.790224, 0.795494, 0.800403, 0.796464, 0.793891, 0.798536, 0.802891, 0.792772, 0.784928, 0.789171, 0.789548, 0.793623, 0.797477, 0.790300, 0.788497
0.357143, 0.532514, 0.520661, 0.657161; 0.621913, 0.690092, 0.646871, 0.672569, 0.670192, 0.666717, 0.661890, 0.636788, 0.857515, 0.845178, 0.866416, 0.838646, 0.820349, 0.801292, 0.795110, 0.780895, 0.797388, 0.856636, 0.842909, 0.825700, 0.798087, 0.789702, 0.779563, 0.793060, 0.785468, 0.785081, 0.779752, 0.768981, 0.775736, 0.770164, 0.761887, 0.747487, 0.738756, 0.748526, 0.747030, 0.747007, 0.741428, 0.738178, 0.746724, 0.740705, 0.744360, 0.735832, 0.743581, 0.739512, 0.737289, 0.745142
0.370370, 0.430082, 0.657875, 0.648263, 0.551545, 0.545606, 0.515001, 0.628381, 0.569943, 0.544122, 0.555437, 0.531590, 0.516623, 0.494955, 0.496431, 0.485836, 0.490532, 0.474057, 0.475656, 0.486929, 0.470826, 0.461633, 0.465364, 0.483477, 0.503059, 0.498870, 0.495512, 0.492212, 0.485155, 0.480461, 0.478185, 0.484926, 0.481124, 0.476822, 0.477709, 0.476893, 0.475287, 0.480170, 0.485843, 0.472845, 0.465664, 0.464018, 0.466782; 0.468736, 0.466553, 0.466189, 0.463631, 0.465707, 0.467665, 0.466850
0.270270, 0.533713, 0.485698, 0.400213; 0.426149, 0.406911, 0.413308, 0.440396, 0.449770, 0.436569, 0.436148, 0.428284, 0.437454, 0.454023, 0.438128, 0.434058, 0.429399, 0.431753, 0.428379, 0.426024, 0.428440, 0.429114, 0.425741, 0.430490, 0.432270, 0.698986, 0.693000, 0.749537, 0.738193, 0.729250, 0.719101, 0.713439, 0.704629, 0.692491, 0.687677, 0.683051, 0.676809, 0.672315, 0.665968, 0.640191, 0.639664, 0.638647, 0.637746, 0.633145, 0.635816, 0.635225, 0.636359, 0.637701, 0.633632, 0.629317
0.869565, 0.869565, 0.897170, 0.910973, 0.958664, 0.943814; 0.930996, 0.911718, 0.932908, 0.922928, 0.927214, 0.930965, 0.925221, 0.934495, 0.948367, 0.949160, 0.949761, 0.947193, 0.948021, 0.957783, 0.952396, 0.957399, 0.953254, 0.949511, 0.944817, 0.949210, 0.946637, 0.947630, 0.954667, 0.955280, 0.955823, 0.955404, 0.953325, 0.954586, 0.944150, 0.951321, 0.948039, 0.949847, 0.946920, 0.947861, 0.948648, 0.949374, 0.949740, 0.951017, 0.950380, 0.955661, 0.954363, 0.953588, 0.945965, 0.945854
0.892857, 0.516882, 0.875486, 0.720042, 0.728219, 0.836796; 0.754338, 0.859543, 0.901849, 0.900986, 0.902505, 0.849893, 0.878170, 0.903633, 0.939502, 0.933192, 0.934134, 0.906349, 0.890067, 0.868119, 0.854298, 0.871832, 0.868878, 0.862313, 0.854051, 0.830796, 0.821644, 0.818244, 0.805263, 0.805888, 0.800927, 0.812719, 0.797054, 0.794731, 0.798240, 0.797528, 0.789362, 0.793316, 0.781109, 0.800266, 0.810350, 0.806880, 0.824119, 0.821117, 0.824869, 0.833578, 0.818244, 0.852979, 0.847171, 0.843178
0.571429; 1.944444, 1.131834, 0.884152, 1.220634, 1.018220, 0.893876, 0.954140, 0.867500, 0.791963, 0.806310, 0.855264, 0.808852, 0.763826, 0.789300, 0.759745, 0.733438, 0.741304, 0.754520, 0.732442, 0.747658, 0.723300, 0.708701, 0.738821, 0.716817, 0.713521, 0.729978, 0.726767, 0.713738, 0.739292, 0.723751, 0.713188, 0.711947, 0.722428, 0.712962, 0.705278, 0.723426, 0.715330, 0.724666, 0.728264, 0.720063, 0.712773, 0.725950, 0.718078, 0.711176, 0.718259, 0.711128, 0.704525, 0.705486, 0.699236
0.869565; 0.995050, 0.981792, 0.902152, 0.899275, 0.942541, 0.900968, 0.905026, 0.902208, 0.902686, 0.910643, 0.910560, 0.933502, 0.934766, 0.933158, 0.901266, 0.905049, 0.904959, 0.907299, 0.893444, 0.917989, 0.918146, 0.917398, 0.934062, 0.923366, 0.924524, 0.914464, 0.920203, 0.921048, 0.921016, 0.921523, 0.935856, 0.936123, 0.927616, 0.937251, 0.936083, 0.935092, 0.934131, 0.944588, 0.936787, 0.935822, 0.936018, 0.937528, 0.930781, 0.929949, 0.935204, 0.934458, 0.933728, 0.933904, 0.940482
0.869565, 0.657005; 0.824323, 0.853200, 0.753848, 0.738391, 0.730877, 0.736287, 0.768174, 0.755848, 0.764360, 0.779227, 0.769513, 0.750412, 0.776774, 0.755336, 0.740387, 0.760159, 0.746478, 0.740635, 0.752186, 0.740255, 0.751041, 0.752545, 0.733845, 0.741072, 0.735043, 0.722898, 0.716047, 0.704486, 0.694476, 0.704026, 0.705295, 0.697223, 0.704990, 0.696850, 0.703849, 0.712029, 0.707945, 0.703057, 0.699343, 0.694609, 0.688841, 0.701585, 0.692818, 0.691704, 0.694466, 0.690577, 0.697789, 0.697182
0.357143, 0.613354, 0.698758, 0.741460, 0.767081, 0.698758, 0.649956; 0.694733, 0.715515, 0.676254, 0.703882, 0.719018, 0.689136, 0.680238, 0.657270, 0.637418, 0.651983, 0.634742, 0.619413, 0.632607, 0.618866, 0.603064, 0.591908, 0.606455, 0.595716, 0.606848, 0.605513, 0.596047, 0.583799, 0.587481, 0.586350, 0.595782, 0.588147, 0.580981, 0.589743, 0.582947, 0.591003, 0.584553, 0.578445, 0.675142, 0.668920, 0.662996, 0.670126, 0.669205, 0.677593, 0.676497, 0.670990, 0.665708, 0.660643, 0.655773
0.357143, 0.357143; 0.624170, 0.534541, 0.482831, 0.464559, 0.529798, 0.504553, 0.486247, 0.463979, 0.508324, 0.502226, 0.490165, 0.485267, 0.471074, 0.485137, 0.475772, 0.467677, 0.461166, 0.483055, 0.475410, 0.469468, 0.462622, 0.460684, 0.480234, 0.474534, 0.469171, 0.463480, 0.480184, 0.477798, 0.473161, 0.468458, 0.463207, 0.475211, 0.469401, 0.463973, 0.459695, 0.472853, 0.468554, 0.461741, 0.458335, 0.465148, 0.463813, 0.462834, 0.458185, 0.452418, 0.459247, 0.458174, 0.455078, 0.450431
0.357143; 0.607673, 0.584093, 0.556366, 0.582164, 0.536566, 0.599975, 0.574247, 0.558950, 0.567915, 0.544838, 0.547802, 0.527864, 0.521397, 0.544287, 0.536323, 0.518740, 0.511317, 0.508884, 0.505662, 0.524115, 0.514409, 0.508718, 0.505760, 0.500448, 0.491002, 0.508203, 0.506946, 0.500251, 0.518993, 0.516412, 0.511045, 0.514557, 0.530685, 0.530987, 0.529334, 0.526652, 0.522581, 0.520154, 0.533991, 0.532575, 0.526668, 0.527862, 0.523827, 0.522707, 0.519537, 0.515212, 0.514457, 0.520747, 0.527002
1.492537, 0.722967, 0.653352, 0.614596, 0.596588, 0.599208, 0.626133; 0.557587, 0.531407, 0.527689, 0.571998, 0.567477, 0.583809, 0.583052, 0.575448, 0.590045, 0.586520, 0.586164, 0.625931, 0.617762, 0.622576, 0.619110, 0.611175, 0.611345, 0.617187, 0.619503, 0.637918, 0.633348, 0.632812, 0.641396, 0.638042, 0.634515, 0.625345, 0.625449, 0.619046, 0.621982, 0.635672, 0.646248, 0.645901, 0.642478, 0.642042, 0.642435, 0.645872, 0.666464, 0.666502, 0.667000, 0.655977, 0.657192, 0.653976, 0.664878
0.689655; 0.711506, 0.660637, 0.678810, 0.695397, 0.693931, 0.665938, 0.669523, 0.707187, 0.704464, 0.685248, 0.681282, 0.684272, 0.690357, 0.688731, 0.694117, 0.681153, 0.689000, 0.687445, 0.699045, 0.705372, 0.706896, 0.706702, 0.714971, 0.714703, 0.713354, 0.717730, 0.711969, 0.703009, 0.702099, 0.703328, 0.704142, 0.703185, 0.706693, 0.699649, 0.694076, 0.693190, 0.687634, 0.689698, 0.691801, 0.693552, 0.688763, 0.693955, 0.695524, 0.701822, 0.700701, 0.695329, 0.691392, 0.694870, 0.690845
0.357143; 0.579710, 0.649376, 0.764374, 0.738474, 0.795213, 0.739468, 0.729066, 0.719261, 0.757254, 0.751741, 0.746545, 0.769257, 0.747737, 0.772579, 0.770876, 0.770018, 0.751972, 0.750327, 0.748853, 0.767695, 0.764513, 0.762053, 0.768937, 0.755483, 0.753106, 0.750767, 0.751726, 0.740648, 0.730579, 0.741921, 0.743728, 0.741160, 0.739965, 0.739157, 0.737712, 0.729278, 0.728076, 0.730366, 0.738992, 0.737943, 0.737000, 0.742258, 0.740852, 0.733870, 0.735931, 0.734881, 0.742028, 0.748751, 0.750692
0.285714, 0.299107; 0.467313, 0.627123, 0.697529, 0.738467, 0.764800, 0.701735, 0.737741, 0.698926, 0.688620, 0.661738, 0.641834, 0.669952, 0.681934, 0.661809, 0.644317, 0.631410, 0.618189, 0.637155, 0.620216, 0.636018, 0.651033, 0.663491, 0.706615, 0.704056, 0.692864, 0.682515, 0.693472, 0.691470, 0.707451, 0.716332, 0.706396, 0.696982, 0.695323, 0.701081, 0.693245, 0.686411, 0.678669, 0.671416, 0.664918, 0.676550, 0.667271, 0.661213, 0.656225, 0.650265, 0.659897, 0.652889, 0.647352, 0.646675
0.357143; 0.481840, 0.398183, 0.385221, 0.378887, 0.413526, 0.407942, 0.405246, 0.399691, 0.413017, 0.399362, 0.386702, 0.425601, 0.416845, 0.417955, 0.416629, 0.442282, 0.439961, 0.431975, 0.425100, 0.424867, 0.425733, 0.422004, 0.437909, 0.437874, 0.436474, 0.435130, 0.439761, 0.433266, 0.430116, 0.428215, 0.440392, 0.439327, 0.438416, 0.438497, 0.433662, 0.431240, 0.428986, 0.444540, 0.441758, 0.438750, 0.438365, 0.445890, 0.442905, 0.439029, 0.438070, 0.435469, 0.432203, 0.430782, 0.429126
0.357143, 0.357143, 0.379537, 0.561606; 0.575953, 0.586655, 0.565912, 0.585629, 0.584358, 0.557822, 0.588905, 0.599424, 0.598671, 0.605231, 0.601519, 0.612868, 0.618400, 0.620994, 0.617307, 0.611446, 0.612975, 0.602837, 0.639098, 0.630242, 0.625898, 0.621744, 0.616748, 0.619362, 0.609264, 0.605872, 0.607176, 0.603157, 0.600289, 0.595734, 0.588004, 0.585647, 0.587180, 0.585888, 0.587235, 0.592692, 0.676543, 0.673941, 0.672327, 0.665717, 0.664233, 0.668404, 0.672699, 0.666869, 0.667016, 0.665241
0.357143, 0.456349, 0.494709; 0.638092, 0.604506, 0.579358, 0.596175, 0.574623, 0.557062, 0.542389, 0.620461, 0.623271, 0.624953, 0.610865, 0.598302, 0.587015, 0.589977, 0.579929, 0.598224, 0.589463, 0.581362, 0.573846, 0.567046, 0.560495, 0.554363, 0.579499, 0.573867, 0.568700, 0.563629, 0.566318, 0.568733, 0.563891, 0.601763, 0.597904, 0.599777, 0.595651, 0.597779, 0.593802, 0.595322, 0.591501, 0.634099, 0.630630, 0.627114, 0.623650, 0.620286, 0.617238, 0.618757, 0.622875, 0.619597, 0.616414
0.357143, 0.317460, 0.349630; 0.409659, 0.416111, 0.400010, 0.411984, 0.419989, 0.410991, 0.405956, 0.405876, 0.402433, 0.404589, 0.424299, 0.427098, 0.431085, 0.433271, 0.429079, 0.421162, 0.423431, 0.419947, 0.423354, 0.427173, 0.429352, 0.432383, 0.430520, 0.433329, 0.429059, 0.431366, 0.433461, 0.431317, 0.436587, 0.438551, 0.438852, 0.440538, 0.441178, 0.441394, 0.454369, 0.456137, 0.457859, 0.459144, 0.457292, 0.461468, 0.461800, 0.461081, 0.464198, 0.465237, 0.464818, 0.467919, 0.469215
0.357143, 0.357143, 0.527950, 0.495963, 0.453913, 0.437785, 0.454609, 0.447783, 0.437712, 0.429655; 0.661538, 0.666570, 0.649947, 0.630782, 0.656393, 0.678119, 0.664821, 0.682759, 0.698449, 0.685305, 0.669667, 0.668901, 0.665755, 0.655653, 0.654509, 0.645389, 0.638495, 0.632007, 0.624345, 0.618604, 0.611737, 0.621734, 0.595208, 0.589534, 0.584151, 0.579030, 0.579762, 0.574971, 0.570396, 0.566025, 0.561846, 0.558920, 0.552769, 0.549119, 0.545612, 0.553871, 0.550361, 0.547921, 0.544659, 0.552158
0.357143, 0.411895, 0.395316; 0.447730, 0.459264, 0.453088, 0.488037, 0.484843, 0.498518, 0.498658, 0.502230, 0.502482, 0.496077, 0.490594, 0.500079, 0.491947, 0.495201, 0.492413, 0.482260, 0.478497, 0.478872, 0.480509, 0.477875, 0.479856, 0.481733, 0.476328, 0.476721, 0.470596, 0.471835, 0.470810, 0.467781, 0.470451, 0.467479, 0.465948, 0.464571, 0.466408, 0.471364, 0.469834, 0.471789, 0.474617, 0.476237, 0.474057, 0.472461, 0.473710, 0.488794, 0.490341, 0.489075, 0.487249, 0.485760, 0.482395
0.357143; 0.627167, 0.641560, 0.610581, 0.615951, 0.599177, 0.611578, 0.618874, 0.604368, 0.585609, 0.571557, 0.569429, 0.582008, 0.572344, 0.577689, 0.570191, 0.562244, 0.563182, 0.571065, 0.573012, 0.572249, 0.573072, 0.568203, 0.567941, 0.571400, 0.569362, 0.569325, 0.575463, 0.575011, 0.579638, 0.579394, 0.587247, 0.586773, 0.586239, 0.586148, 0.582190, 0.582201, 0.581846, 0.583562, 0.580154, 0.580109, 0.577692, 0.577705, 0.574973, 0.574874, 0.574024, 0.571203, 0.574352, 0.571781, 0.589847
0.357143, 0.310150; 0.436799, 0.481844, 0.511791, 0.485948, 0.541935, 0.524618, 0.497981, 0.530040, 0.544265, 0.548542, 0.550813, 0.558367, 0.585949, 0.586321, 0.575573, 0.565539, 0.583093, 0.584927, 0.575225, 0.578861, 0.589307, 0.589808, 0.582545, 0.583480, 0.598928, 0.588580, 0.591280, 0.585286, 0.593676, 0.588816, 0.583704, 0.585424, 0.591350, 0.593555, 0.588842, 0.600888, 0.607533, 0.609372, 0.610667, 0.605172, 0.611008, 0.604090, 0.599549, 0.595632, 0.601148, 0.597484, 0.597735, 0.593924
0.400000, 0.400000, 0.385714, 0.378571, 0.417143; 0.520096, 0.506432, 0.495506, 0.481318, 0.526382, 0.511259, 0.498656, 0.482047, 0.473344, 0.465722, 0.459105, 0.486089, 0.492942, 0.488851, 0.482744, 0.475440, 0.470537, 0.468068, 0.463824, 0.456132, 0.454428, 0.471511, 0.489848, 0.508367, 0.522443, 0.518825, 0.513947, 0.510784, 0.506419, 0.503634, 0.499700, 0.510965, 0.507008, 0.525490, 0.521321, 0.517714, 0.513931, 0.510303, 0.506864, 0.504620, 0.501454, 0.498423, 0.495518, 0.492732, 0.502024
0.285714, 0.527137, 0.476941; 0.573827, 0.793066, 0.768701, 0.684873, 0.654253, 0.670795, 0.625105, 0.665814, 0.676768, 0.646182, 0.634726, 0.615594, 0.617988, 0.653022, 0.638941, 0.635060, 0.650454, 0.633761, 0.628237, 0.623968, 0.613421, 0.600318, 0.600765, 0.596582, 0.611878, 0.605186, 0.603718, 0.596790, 0.593735, 0.598680, 0.593644, 0.610525, 0.609388, 0.610052, 0.606673, 0.604658, 0.604915, 0.603747, 0.599954, 0.596671, 0.607016, 0.600938, 0.599987, 0.600159, 0.594682, 0.596181, 0.597374
0.357143, 0.613354; 0.798601, 0.682401, 0.743020, 0.674957, 0.710503, 0.740265, 0.782735, 0.798310, 0.811799, 0.820472, 0.783653, 0.830022, 0.828978, 0.797142, 0.804422, 0.777802, 0.785024, 0.818880, 0.823530, 0.800218, 0.805924, 0.810399, 0.834996, 0.838764, 0.827787, 0.809185, 0.792125, 0.796569, 0.813995, 0.817970, 0.821560, 0.806656, 0.792700, 0.819759, 0.823765, 0.811050, 0.799060, 0.788126, 0.777397, 0.782536, 0.786434, 0.776422, 0.765776, 0.756806, 0.785651, 0.777239, 0.769131, 0.761379
0.263158, 0.263158; 0.505407, 0.497864, 0.490814, 0.483725, 0.477712, 0.483617, 0.468883, 0.464212, 0.458287, 0.452687, 0.447451, 0.452382, 0.448242, 0.443093, 0.436059, 0.438328, 0.434327, 0.418072, 0.415175, 0.411945, 0.413110, 0.414819, 0.432428, 0.428701, 0.425937, 0.423201, 0.424075, 0.424334, 0.418056, 0.415597, 0.413771, 0.411203, 0.408491, 0.430691, 0.428512, 0.426405, 0.424133, 0.422176, 0.420538, 0.428488, 0.426298, 0.426574, 0.424484, 0.422641, 0.444171, 0.442440, 0.442834, 0.441178
0.357143, 0.335664, 0.337569, 0.488864, 0.552992, 0.553422, 0.532392, 0.529324, 0.512156, 0.544538; 0.579567, 0.571219, 0.554950, 0.581422, 0.577394, 0.570351, 0.566158, 0.566797, 0.563638, 0.554144, 0.545514, 0.569908, 0.562483, 0.558113, 0.554899, 0.566298, 0.560231, 0.557025, 0.556126, 0.553111, 0.549810, 0.545072, 0.567444, 0.562915, 0.560449, 0.558429, 0.588473, 0.586148, 0.582323, 0.580440, 0.578138, 0.574378, 0.587537, 0.587475, 0.586495, 0.584752, 0.581780, 0.580387, 0.578350, 0.575102
0.370370; 0.385004, 0.596767, 0.570772, 0.555352, 0.644654, 0.635880, 0.626080, 0.701618, 0.685678, 0.668061, 0.659168, 0.649501, 0.644392, 0.645380, 0.671565, 0.694247, 0.691717, 0.684411, 0.675560, 0.669988, 0.658700, 0.652303, 0.647214, 0.646430, 0.670809, 0.664827, 0.679707, 0.679706, 0.671077, 0.675084, 0.687776, 0.680968, 0.677977, 0.673149, 0.690445, 0.687377, 0.684713, 0.683328, 0.679755, 0.677645, 0.687823, 0.685743, 0.694875, 0.692628, 0.685711, 0.698647, 0.696214, 0.690170, 0.695599
0.869565, 0.673621, 0.696186, 0.699960, 0.687990, 0.740763, 0.739608, 0.763323, 0.749602, 0.731329, 0.730593, 0.761699, 0.750292; 0.740226, 0.756738, 0.746732, 0.738913, 0.746204, 0.745416, 0.746104, 0.749295, 0.741944, 0.733707, 0.750234, 0.745429, 0.735798, 0.738414, 0.730374, 0.740484, 0.732374, 0.730634, 0.723111, 0.737512, 0.734728, 0.731340, 0.728858, 0.737805, 0.744768, 0.740547, 0.736317, 0.730079, 0.726713, 0.730561, 0.725215, 0.724862, 0.733467, 0.733700, 0.733146, 0.737084, 0.736926
0.357143, 0.357143, 0.468422, 0.590605, 0.564046; 0.509693, 0.507106, 0.520765, 0.501499, 0.514373, 0.512589, 0.492422, 0.498402, 0.492804, 0.488105, 0.517403, 0.505315, 0.537338, 0.536122, 0.580404, 0.571354, 0.570700, 0.625189, 0.619767, 0.609365, 0.595927, 0.591244, 0.592160, 0.606202, 0.599329, 0.590956, 0.588890, 0.603008, 0.596925, 0.607524, 0.604972, 0.598997, 0.614314, 0.609397, 0.606232, 0.606552, 0.600268, 0.603550, 0.602246, 0.608386, 0.603038, 0.618244, 0.616373, 0.613749, 0.606809
0.370370, 0.619968, 0.598497, 0.538159, 0.501955, 0.672371, 0.655579, 0.640708, 0.610827, 0.639353, 0.631036, 0.721613, 0.708263, 0.722778, 0.719515, 0.730936, 0.706823; 0.762326, 0.769501, 0.775789, 0.783507, 0.772821, 0.762376, 0.767693, 0.758375, 0.763370, 0.754969, 0.759676, 0.763902, 0.782081, 0.773963, 0.777509, 0.770625, 0.763681, 0.767191, 0.792950, 0.785757, 0.773009, 0.775934, 0.770258, 0.773087, 0.789028, 0.783025, 0.777324, 0.772308, 0.774906, 0.769792, 0.764913, 0.767483, 0.762864
0.357143, 0.357143, 0.404762, 0.400399; 0.423229, 0.425983, 0.431691, 0.430418, 0.473193, 0.474740, 0.476431, 0.510069, 0.510357, 0.505750, 0.492966, 0.494580, 0.501915, 0.503165, 0.499031, 0.496230, 0.517128, 0.515979, 0.517975, 0.518155, 0.530562, 0.506339, 0.503664, 0.518974, 0.517670, 0.519214, 0.518557, 0.511040, 0.510206, 0.512353, 0.531448, 0.531732, 0.530244, 0.525929, 0.524868, 0.524443, 0.526165, 0.533852, 0.532489, 0.532227, 0.534281, 0.534557, 0.532580, 0.530624, 0.528388, 0.529160
0.869565, 0.689655; 0.882097, 1.028008, 0.996244, 0.985849, 0.976982, 0.934025, 0.932199, 0.890531, 0.853743, 0.904814, 0.872752, 0.843133, 0.851480, 0.862652, 0.846993, 0.864551, 0.864277, 0.856710, 0.860719, 0.864020, 0.857589, 0.865968, 0.850342, 0.845987, 0.830834, 0.828521, 0.830164, 0.820657, 0.817355, 0.822360, 0.815302, 0.818443, 0.806521, 0.805530, 0.796775, 0.792437, 0.788269, 0.779244, 0.777955, 0.785208, 0.778339, 0.774175, 0.767418, 0.767224, 0.772732, 0.774000, 0.778553, 0.771810
1.492537, 1.085252, 0.793657; 0.875515, 0.854452, 0.794751, 0.743539, 0.797095, 0.755655, 0.728021, 0.719023, 0.767496, 0.742425, 0.777784, 0.772615, 0.752057, 0.789662, 0.775335, 0.756758, 0.788375, 0.773327, 0.756534, 0.744763, 0.772408, 0.791523, 0.775901, 0.762109, 0.787464, 0.793217, 0.780106, 0.767878, 0.789932, 0.780135, 0.770155, 0.789878, 0.927098, 0.913889, 0.917828, 0.904953, 0.894603, 0.906212, 0.900578, 0.889974, 0.897183, 0.901250, 0.898038, 0.895766, 0.904004, 0.908317, 0.902492
0.357143, 0.398352, 0.412913, 0.378663, 0.510029, 0.473069, 0.520263, 0.493300, 0.472353; 0.500306, 0.481834, 0.517650, 0.499379, 0.490690, 0.521620, 0.511990, 0.501700, 0.509225, 0.503392, 0.518750, 0.532253, 0.539915, 0.570752, 0.571719, 0.562931, 0.580948, 0.573299, 0.582116, 0.575516, 0.567604, 0.569260, 0.559396, 0.551845, 0.567448, 0.561098, 0.561847, 0.556816, 0.552066, 0.545530, 0.562244, 0.558115, 0.555059, 0.550182, 0.564419, 0.560402, 0.556520, 0.553995, 0.547085, 0.543986, 0.541324
