1.000000, 1.007741, 1.008498; 1.115070, 1.120969, 1.124283, 2.070351, 2.077884, 2.083817, 2.088298, 2.091924, 2.078129, 2.105880, 3.109130, 3.737040, 3.741047, 4.226827, 4.588320, 5.587970, 5.586297, 5.627957, 5.636967, 6.002797, 6.002699, 6.018119, 6.030957, 1.769073, 2.000658, 2.333166, 2.364722, 2.360997, 2.343656, 2.352968, 2.347827, 2.463743, 2.467567, 2.461297, 1.417210, 1.417641, 1.428601, 1.429208, 1.439164, 1.447968, 1.453509, 1.446498, 1.446963, 1.447409, 1.456890, 1.457320, 1.468705
1.000000; 1.011018, 1.020566, 1.022879, 1.316504, 1.293633, 1.279417, 1.307505, 1.293633, 1.388334, 1.405391, 1.396827, 1.390208, 1.384988, 1.396829, 1.391446, 1.386974, 1.396989, 1.392402, 1.506468, 1.513194, 1.510002, 1.507284, 1.513265, 1.510443, 1.508000, 1.513273, 1.510758, 1.508529, 1.517157, 1.514827, 1.512746, 1.541501, 1.539585, 1.537872, 1.536336, 1.539738, 1.549258, 1.547701, 1.551139, 1.549542, 1.548079, 2.055983, 2.061841, 2.067722, 2.055593, 2.062096, 2.068306, 2.078162, 2.083918
1.000000, 1.004456, 1.015013, 1.385540, 1.378833, 1.427802, 1.621037, 1.612091, 1.600140, 2.587635, 3.222314, 3.232735, 3.245390, 3.234800, 3.242398, 3.244435, 3.430967, 4.022339, 4.192620, 4.210560, 4.216237, 4.134239, 4.165384; 4.539008, 4.538823, 4.538699, 4.570823, 4.571599, 5.160843, 5.177418, 5.195438, 5.347387, 6.024726, 6.168651, 6.248426, 6.274311, 6.575286, 6.685065, 6.765179, 6.710223, 6.743237, 6.768599, 6.751031, 7.286260, 7.268688, 7.291963, 7.314751, 7.289424, 7.666753, 7.686949
1.000000; 1.767135, 2.180092, 2.461164, 3.420337, 3.390096, 3.497517, 3.516124, 3.521082, 3.519930, 3.380689, 3.355155, 3.425800, 3.608667, 4.566406, 4.550360, 4.593845, 4.580827, 5.476847, 5.582427, 5.678798, 5.657550, 5.638245, 5.964469, 5.974088, 5.966138, 3.816441, 3.793561, 3.802007, 3.811880, 3.824815, 4.586208, 4.620668, 4.634297, 4.717374, 4.727678, 4.737853, 4.753503, 4.730695, 4.957602, 5.017903, 5.905671, 5.897221, 6.033092, 6.038004, 6.219307, 6.455600, 6.739440, 6.747644, 6.739701
1.000000, 1.408530, 1.000865, 1.961897, 2.000870, 2.277669, 2.350140, 2.371490; 2.352955, 3.368754, 4.283272, 4.378758, 4.336800, 4.660276, 4.951122, 5.009383, 5.149195, 5.215020, 5.148811, 6.068910, 6.024547, 6.783548, 2.008461, 2.192884, 2.225414, 2.581305, 2.662791, 2.641353, 2.833209, 2.807485, 2.854261, 2.893473, 2.972510, 3.133857, 3.107548, 3.129094, 3.444815, 3.910225, 4.107629, 4.130918, 4.144072, 4.167271, 4.141780, 4.957981, 5.202160, 5.245338, 5.290252, 5.319817, 5.547297, 5.583285
1.000000; 1.000000, 1.002241, 1.018936, 1.041193, 1.042342, 1.043331, 1.041865, 1.179252, 1.185474, 1.190296, 1.180111, 1.560690, 1.650197, 2.601590, 2.604762, 2.584632, 2.655652, 2.624810, 2.601421, 1.011566, 1.012660, 1.012657, 1.057692, 1.057186, 1.056726, 1.057692, 1.114767, 1.113369, 1.117122, 1.115725, 1.114440, 1.113247, 1.123873, 1.122631, 1.121475, 1.123981, 1.284689, 1.284471, 1.525752, 1.527233, 1.527014, 1.528067, 1.527822, 1.527616, 1.528086, 1.527853, 1.527655, 1.528102, 1.527881
1.000000, 1.338706, 1.338733, 1.663217, 1.642971, 1.661317, 2.059894, 2.115293, 2.083158, 2.093292, 2.184513, 2.489993, 3.479760; 3.803562, 4.730296, 4.749946, 5.239090, 5.277444, 6.099218, 6.278821, 6.933114, 7.433260, 7.507384, 7.499907, 8.270507, 8.275344, 8.722558, 9.118750, 9.131284, 10.107786, 10.376491, 4.648041, 4.501482, 4.563286, 5.121726, 5.971708, 6.010304, 6.125710, 6.153760, 6.117820, 6.311715, 6.546576, 7.069858, 7.090858, 7.024983, 7.044734, 8.037227, 8.068514, 8.303385, 8.031881
1.000000, 1.153514, 1.153514, 2.001786, 2.300857; 2.158001, 2.796755, 2.935453, 3.004609, 3.266184, 3.653146, 3.678276, 3.736899, 3.741792, 4.079397, 4.054574, 4.315483, 4.336604, 4.482080, 4.486929, 4.881158, 4.899189, 5.236610, 5.874934, 5.884684, 6.893370, 7.865163, 7.911364, 8.088579, 8.103175, 8.110624, 8.664879, 8.681349, 8.724796, 8.881545, 9.743100, 9.843438, 9.934683, 10.073379, 10.123897, 10.158656, 10.164077, 10.163518, 10.178419, 10.406119, 10.402506, 11.089304, 11.421099, 11.420140, 11.443166
1.000000; 1.000302, 1.001878, 1.028236, 1.176970, 1.171194, 1.167475, 1.188490, 1.810372, 2.182822, 2.216648, 2.201531, 3.114235, 3.141099, 3.984831, 4.134587, 4.142510, 4.130530, 2.948865, 2.958873, 2.997778, 3.009323, 3.026916, 3.004268, 3.014554, 3.056495, 3.036597, 3.045731, 3.055057, 3.039742, 3.257209, 3.262770, 3.261363, 3.261963, 3.762703, 4.648826, 4.653766, 4.655083, 4.939826, 4.948503, 5.090099, 5.087196, 5.093013, 5.090500, 5.087891, 5.093235, 5.129265, 5.127104, 5.132429, 5.166049
1.000000, 1.000222, 1.835918, 2.556344, 3.431980; 4.268662, 4.791449, 4.814047, 5.369178, 6.015082, 6.052480, 6.050549, 6.088140, 6.987946, 7.090446, 7.107067, 7.985191, 8.038478, 8.024899, 8.033473, 2.119785, 2.130861, 2.121327, 2.586490, 2.715062, 2.747502, 2.828228, 2.911653, 2.925183, 2.919274, 2.952417, 2.964240, 3.042225, 3.057741, 3.128800, 3.144085, 3.135298, 3.513931, 3.531227, 3.518589, 3.541015, 3.528612, 3.543792, 4.071658, 4.110867, 4.095924, 4.408082, 4.613226, 4.611262, 4.629503
1.000000, 1.772737, 1.971924, 1.206856, 1.221770, 1.175311, 1.231634, 1.294440, 1.377125, 2.423569, 2.653459, 2.595577, 2.703209, 2.683321, 2.775963, 2.913069, 3.045622, 3.008013, 4.087565, 4.049200, 4.017765, 4.939819; 5.599700, 5.548214, 5.688529, 6.067678, 6.218772, 6.297230, 6.749390, 6.673999, 6.860713, 6.802051, 7.599247, 7.512966, 7.470276, 8.583321, 8.497030, 8.438202, 8.615589, 8.776012, 8.722848, 8.860985, 9.152541, 9.103997, 9.239285, 9.110051, 9.065082, 9.448838, 9.384863, 9.453662
1.000000, 1.251087, 1.469515, 1.527076, 1.291018, 1.387392, 1.463833, 1.968251, 2.153498, 2.416092, 1.756788, 1.129912, 1.444969, 1.483642, 1.477788, 1.490937, 1.496231, 1.497785, 1.499908, 1.503121, 1.505884, 1.527523, 1.549647; 1.561984, 1.563451, 1.563540, 1.565443, 1.568818, 1.571822, 1.572252, 1.572485, 1.581893, 1.614940, 1.615566, 1.621104, 1.805965, 1.842522, 1.848220, 1.850217, 1.982762, 1.978451, 2.117642, 2.129095, 2.129963, 2.123721, 2.213442, 2.229935, 2.357230, 2.352227, 2.363540
1.000000; 1.014753, 1.969527, 1.005494, 1.005997, 1.005701, 1.005560, 1.985772, 2.005689, 2.002003, 1.995059, 2.738143, 2.744082, 3.182064, 3.248293, 3.229380, 3.237334, 3.466031, 3.429801, 2.830831, 2.808988, 2.858885, 2.403256, 2.427208, 2.375994, 2.399034, 2.420640, 2.447443, 2.400804, 2.420287, 2.438652, 2.396804, 2.414608, 2.431481, 2.393465, 2.410211, 2.425815, 2.440736, 2.408743, 2.423262, 2.437152, 2.405299, 2.418906, 2.635817, 2.603410, 2.617377, 3.172517, 3.188099, 3.151871, 3.169313
1.000000; 1.059148, 1.069093, 1.055477, 1.048623, 1.070067, 1.523994, 1.510532, 1.515087, 1.647638, 1.640737, 1.835432, 1.865432, 1.964108, 1.972291, 1.959608, 1.995383, 1.982216, 2.032863, 2.844049, 2.985130, 2.994962, 2.971814, 3.032814, 3.510727, 3.486965, 3.465877, 3.525954, 3.504701, 3.581633, 3.564537, 3.634580, 3.652993, 3.632809, 3.686537, 3.666305, 3.648307, 3.630095, 3.678714, 3.766328, 4.437558, 5.408328, 5.480917, 6.427825, 6.403660, 6.475780, 6.466683, 6.443857, 6.643488, 6.708842
1.000000, 1.115687, 1.576394, 1.197240, 1.202345, 1.601856, 1.728455, 1.785724, 1.788613, 1.957212, 2.701617, 3.043342, 3.081744, 3.731277, 3.746623, 3.807926, 3.844079; 3.983999, 4.138947, 4.156730, 4.396382, 4.502776, 5.208953, 5.296688, 5.308377, 5.644856, 5.691779, 6.008642, 6.071000, 6.758318, 6.778462, 7.336984, 7.359582, 7.525569, 7.566491, 7.505430, 7.714692, 7.867753, 6.910564, 6.918362, 7.148924, 7.104666, 7.667813, 7.824462, 8.142223, 8.566895, 8.578751, 9.204854, 9.276412, 9.666191
1.000000; 1.000035, 1.000714, 1.026548, 1.179859, 1.182996, 1.185023, 1.186412, 1.184263, 1.206214, 1.979929, 1.967162, 1.975197, 1.979843, 2.642387, 2.621268, 2.645009, 2.901701, 2.873045, 2.885878, 2.897338, 2.871118, 2.973714, 2.986378, 2.963222, 3.106138, 3.160024, 3.170029, 3.788646, 3.803140, 3.816582, 4.626912, 4.649554, 5.594636, 6.163445, 6.250594, 6.274331, 6.297641, 6.245597, 6.411315, 6.501928, 6.945583, 6.970429, 7.163806, 7.105104, 7.203125, 7.383295, 8.392585, 8.337936, 8.828218
1.000000, 1.950802; 2.537874, 2.637135, 2.710427, 3.626282, 3.412509, 3.278005, 3.325470, 3.148199, 3.436963, 3.354193, 3.289706, 3.239776, 4.054714, 3.995973, 3.941136, 4.530877, 4.575604, 4.572989, 4.609083, 4.739019, 4.753063, 4.754619, 4.752971, 4.748878, 4.782195, 4.781440, 4.803292, 4.835156, 5.760565, 5.770360, 5.772955, 5.770300, 5.790362, 5.791655, 5.788301, 6.015309, 6.060921, 6.053737, 6.050244, 7.010036, 7.031115, 7.025704, 7.036481, 7.030519, 7.482147, 7.474717, 7.474727, 7.467046
1.000000, 1.001569; 1.000000, 1.000000, 1.001509, 1.609882, 1.498851, 1.606951, 1.698455, 1.000864, 1.000796, 1.000817, 1.014465, 1.014618, 1.025816, 1.321961, 1.004437, 1.004384, 1.030051, 1.046051, 1.270736, 1.263233, 1.287151, 1.290011, 1.282991, 1.276662, 1.305249, 1.298732, 1.454613, 1.445553, 1.476471, 1.466982, 1.458248, 1.450184, 1.475376, 1.466982, 1.459184, 1.452249, 1.474846, 1.467316, 1.460270, 1.453662, 1.545377, 1.538026, 1.531097, 1.524556, 1.544753, 1.634646, 1.626792, 1.619345
1.000000, 1.769498, 1.921306, 1.729170, 1.722423, 1.725720, 2.433181, 3.398711, 3.893187, 4.437709, 5.447427, 5.495414, 5.670193, 5.744933, 1.172187, 1.202970, 1.211247, 1.209673, 1.219068; 1.226274, 1.310858, 1.326921, 1.350268, 1.349574, 1.364265, 1.443911, 1.626787, 1.684917, 1.681279, 1.695633, 1.817195, 1.814365, 1.963633, 2.373905, 2.375485, 2.800430, 2.791650, 2.811843, 2.904448, 3.076914, 3.660346, 3.739692, 4.141422, 4.123840, 4.258636, 4.257575, 4.238679, 4.220635, 4.221258, 4.386611
1.000000, 1.000285, 1.000001, 1.335861, 1.332164, 2.023223, 1.974262, 1.142155, 1.149246, 1.148523, 1.144074, 1.146714, 1.145519, 1.139325, 1.136836, 1.132067, 1.175799, 1.172353, 1.167263, 1.169834, 1.167603, 1.162402, 1.157296, 1.163769, 1.168762, 1.292411, 1.277132, 1.269745, 1.273548, 1.267909, 1.262025, 1.254499, 1.675222, 1.669737, 1.673475, 1.699607, 1.696610, 1.687303, 1.682834, 1.675189; 1.667815, 1.678317, 1.692524, 1.693015, 1.775109, 1.771200, 1.779046, 1.783971, 1.798270, 1.887741
1.000000, 1.231741; 1.437336, 1.506816, 1.245556, 1.258124, 1.262875, 1.299738, 1.281480, 1.397479, 1.464659, 1.473732, 1.480434, 2.028701, 2.404026, 2.494130, 2.496583, 2.504915, 2.572007, 2.826718, 2.948564, 3.020764, 3.029928, 3.079045, 3.214266, 4.222800, 4.232798, 4.242215, 4.261911, 4.273921, 4.310260, 4.335275, 4.346920, 4.357683, 4.367156, 4.387577, 4.399940, 4.435216, 5.363117, 5.371010, 5.403313, 5.369858, 4.820544, 4.886218, 5.457498, 5.464792, 5.822254, 6.482454, 6.466140, 6.450615
1.000000, 1.000008, 1.057717, 1.063171, 1.064473, 1.066000; 1.071167, 1.071105, 1.071058, 1.495581, 1.513196, 1.485857, 1.769986, 1.787311, 1.438739, 1.509406, 1.738440, 2.354763, 2.349811, 2.363056, 2.777078, 2.771791, 2.782303, 2.778021, 2.773414, 2.798870, 2.794572, 2.831162, 2.826836, 2.827812, 2.827988, 2.824321, 2.820995, 2.828401, 2.825060, 2.962929, 2.958534, 3.879590, 3.891901, 3.887964, 3.884261, 3.885112, 4.145048, 4.152330, 4.148288, 4.144447, 4.581079, 4.574697, 4.568569, 4.581165
1.000000, 1.445306, 1.293843, 1.515250, 1.118669, 2.066964, 2.195684, 3.228833, 4.229033, 4.751522, 4.763869, 5.081983, 5.151806, 5.176108, 5.136836, 5.184770, 5.226283, 5.198294, 1.239446, 1.234924; 1.229479, 1.245843, 1.237996, 1.253721, 1.661374, 1.757541, 1.722774, 1.764657, 2.377753, 2.453751, 2.392212, 2.509186, 2.595669, 2.644165, 2.618991, 2.692465, 2.660888, 2.754974, 2.815299, 2.814543, 2.884363, 3.762814, 3.792159, 3.862796, 3.948890, 4.013685, 4.345369, 4.339013, 4.380781, 4.416111
1.000000, 1.002833, 1.998594, 2.851643, 1.032284, 1.028824, 2.025662, 1.978409, 2.016916, 2.034846; 2.034589, 2.040149, 2.042009, 2.685430, 2.664890, 3.017365, 3.018414, 3.011931, 3.025503, 2.921914, 2.901938, 2.991497, 2.964455, 2.943512, 2.995669, 2.960972, 2.937946, 2.983279, 2.952357, 2.988865, 3.057344, 3.031466, 3.003431, 3.173596, 3.146809, 3.187083, 3.159357, 3.194347, 3.238998, 3.212044, 3.950072, 4.925287, 4.896996, 4.879774, 4.914404, 4.887518, 5.370604, 5.466021, 5.448091, 5.448818
1.000000, 1.035455, 1.077133, 1.098145, 1.095815, 1.088860; 1.413584, 1.399648, 1.429129, 1.385411, 1.378685, 1.562067, 1.582183, 1.571922, 1.547831, 2.429006, 2.580856, 2.665229, 2.850634, 2.839068, 2.862968, 2.859905, 2.850152, 2.872035, 2.892172, 2.882477, 2.695673, 2.688161, 2.681696, 2.690165, 2.683675, 2.677964, 2.672276, 3.672060, 3.669675, 3.661449, 3.653608, 3.693107, 3.712606, 2.634931, 2.642630, 2.635705, 2.639810, 2.647135, 2.640846, 3.240563, 3.251237, 3.241668, 2.786759, 3.675749
1.000000, 1.000000, 1.000000, 1.995936, 1.080766; 1.095313, 1.095525, 1.094663, 1.095479, 1.617320, 1.628578, 2.580616, 2.589517, 2.596045, 2.601577, 2.606693, 2.835815, 3.485407, 3.720116, 3.828223, 3.835712, 3.842549, 2.364810, 2.371208, 2.799663, 2.826273, 3.446674, 3.352969, 3.363054, 3.372549, 3.381522, 3.389986, 3.868503, 3.876663, 4.145479, 4.152740, 4.159610, 4.210457, 4.139493, 4.195544, 4.205289, 4.291227, 4.835478, 5.019408, 5.115551, 5.145382, 5.464471, 6.448881, 6.456027, 6.383421
1.000000, 1.970099, 1.735698, 2.441247, 2.476637, 2.884702; 2.901889, 2.958690, 3.815666, 4.693504, 5.664423, 5.678787, 5.596298, 5.595881, 5.595625, 5.980958, 6.088188, 6.904740, 7.291293, 7.395383, 7.334107, 7.359173, 7.373030, 7.384023, 7.536452, 7.507563, 7.707921, 7.816756, 8.055664, 8.050037, 8.060958, 8.080298, 3.475263, 3.503360, 3.517427, 3.521035, 3.545996, 3.587861, 3.701900, 3.672468, 4.278154, 4.409383, 4.424599, 4.425298, 4.576267, 4.841443, 4.856872, 5.591999, 5.657318, 5.675179
1.000000; 1.000936, 1.002426, 1.801346, 1.860336, 1.950217, 1.534820, 1.521331, 1.746917, 2.043737, 2.067558, 2.034677, 2.089331, 2.204937, 2.560022, 3.452565, 3.482405, 3.420662, 3.455401, 4.156685, 4.137196, 4.159303, 4.239140, 4.223588, 4.230722, 4.280930, 1.334616, 1.334833, 1.324034, 1.346823, 1.336781, 1.326831, 1.319020, 1.340519, 1.342334, 1.333643, 1.353226, 1.349339, 1.467023, 1.501295, 1.499339, 1.489521, 1.531162, 1.518794, 1.509274, 1.534834, 1.523128, 1.512694, 1.548496, 1.649958
1.000000, 1.952200, 1.952200; 2.620436, 2.639574, 2.708532, 3.663598, 3.350042, 3.878642, 3.865510, 4.758072, 4.792759, 4.891002, 4.913728, 4.929491, 5.022632, 5.723352, 5.778169, 6.132320, 7.159930, 8.083229, 7.561371, 7.578187, 5.788038, 5.804594, 5.792538, 5.807487, 5.822169, 5.836693, 6.513946, 6.530787, 6.547229, 7.251943, 7.270951, 8.260410, 8.284457, 8.301786, 8.318665, 8.335113, 9.225474, 9.112898, 9.426803, 10.286933, 10.306996, 10.326353, 10.345433, 10.969982, 11.646849, 11.665040, 12.080074
1.000000; 1.002631, 1.631782, 1.573971, 2.250331, 1.634161, 1.611499, 1.702182, 1.693340, 1.769175, 2.442440, 1.563327, 1.641584, 2.588158, 2.593336, 3.547320, 4.396308, 4.420508, 4.425661, 4.402144, 4.442893, 4.417863, 4.926229, 5.407850, 5.461428, 5.460554, 5.514203, 5.472368, 5.524110, 5.786636, 5.838617, 5.611506, 6.252503, 6.203319, 6.270684, 6.629795, 6.691199, 6.644168, 7.331952, 7.287524, 7.339786, 7.309749, 7.358562, 7.330273, 7.707630, 7.829194, 7.785491, 7.930068, 7.889362, 7.937189
1.000000, 1.001008, 1.001459, 1.972397, 2.090435, 2.945436, 3.020808; 3.054459, 3.828903, 4.483110, 4.574760, 4.604785, 4.736656, 5.283784, 5.305024, 5.819674, 5.887670, 5.902973, 5.842424, 5.934042, 5.901784, 6.659912, 7.037514, 7.161878, 7.199849, 7.169515, 7.168938, 7.203679, 7.848911, 7.958868, 6.859634, 3.483294, 4.240678, 4.404217, 5.104159, 5.950526, 5.946473, 5.987270, 5.996917, 6.234493, 6.268718, 6.262151, 6.239818, 6.252750, 6.267347, 6.360800, 7.220733, 8.220101, 8.208842, 8.182045
1.000000, 1.199772; 2.097112, 1.008729, 1.059299, 1.059300, 1.099270, 1.227224, 1.241529, 1.304967, 1.341154, 1.487559, 1.037901, 1.038019, 1.155647, 1.156207, 1.156342, 1.157096, 1.157096, 1.157279, 1.157815, 1.157954, 1.377269, 1.377715, 1.377720, 1.377720, 1.377911, 1.378036, 1.378038, 1.423425, 1.425996, 1.442199, 1.442199, 1.477270, 1.477275, 1.485582, 1.485582, 1.485622, 1.485875, 1.485886, 2.478172, 2.613010, 2.613043, 2.613204, 2.613264, 2.613264, 2.619281, 2.619281, 2.621157, 2.621157
1.000000, 1.418335, 1.429797; 1.771286, 1.940134, 2.864289, 2.041200, 2.019116, 2.021726, 2.011929, 2.187745, 2.471676, 3.017066, 3.077014, 3.054963, 3.035802, 3.018977, 3.025750, 3.135320, 2.948130, 3.927457, 2.050744, 2.988602, 2.993609, 2.998222, 2.967567, 2.972984, 2.978123, 3.954379, 3.959060, 4.339711, 4.676361, 4.633369, 4.651166, 4.658095, 4.664643, 4.670839, 4.709621, 4.716983, 4.722380, 4.686647, 4.692475, 4.780524, 4.801722, 4.853587, 4.858729, 4.864625, 4.832567, 4.837836, 4.857200
1.000000, 1.000000; 1.007764, 1.007954, 1.007930, 1.007927, 1.007931, 1.159869, 1.518581, 1.541275, 1.586360, 1.913645, 1.934688, 1.843477, 1.978886, 1.998240, 3.009893, 3.026481, 4.036724, 3.967039, 4.893804, 4.903196, 4.978576, 4.987432, 5.343541, 5.356104, 5.367974, 5.381337, 6.391942, 6.481305, 7.020056, 7.031244, 7.041519, 7.066301, 7.075835, 7.463586, 7.475115, 8.416054, 8.537264, 8.548734, 9.041080, 8.996167, 9.007280, 9.017073, 9.060608, 9.918438, 9.875734, 9.893648, 9.905256, 9.914182
1.000000, 1.261823, 1.293582, 1.319965; 1.360706, 1.366646, 2.351856, 2.345335, 3.161761, 3.161850, 3.161210, 3.184494, 4.013786, 4.078338, 4.070530, 4.772507, 4.769573, 4.770506, 5.333008, 5.327683, 5.354383, 4.668497, 4.726847, 4.757134, 4.684512, 1.637939, 1.631989, 1.636583, 1.640783, 1.644825, 1.755989, 2.038725, 2.037755, 2.041082, 2.043983, 2.132569, 2.147611, 2.199548, 2.945274, 2.982953, 2.984642, 2.994418, 3.007121, 2.995608, 3.002016, 3.516703, 4.258998, 4.446939, 4.432963, 4.433680
1.000000, 1.969201; 2.099838, 2.132671, 1.523520, 2.255439, 2.238121, 2.285894, 2.307866, 3.290391, 3.246500, 3.833447, 3.947849, 3.956547, 3.991276, 4.305993, 4.327596, 5.044330, 6.048657, 5.998348, 6.066359, 6.080115, 6.247152, 6.986874, 7.499727, 7.579891, 7.957051, 8.965651, 8.921730, 9.555355, 10.035771, 10.163217, 10.340918, 10.286324, 10.587736, 11.418071, 11.430361, 11.708351, 12.691032, 11.908793, 12.876682, 13.074267, 13.087968, 13.715309, 14.342969, 15.338051, 15.630169, 15.642688, 15.682337, 15.698058
1.000000, 1.000174; 1.099646, 1.116613, 1.150134, 1.152606, 2.151513, 2.197866, 2.260982, 1.361121, 1.531536, 1.789806, 1.868099, 1.992748, 2.003954, 1.978052, 2.036859, 2.066255, 2.118661, 2.144466, 2.118879, 2.564048, 2.534159, 3.131474, 3.225800, 3.334379, 3.283969, 3.484899, 3.477151, 3.984526, 3.929593, 4.120135, 4.225577, 4.798797, 5.025338, 4.958547, 5.769536, 6.661152, 6.590337, 7.236279, 7.190582, 7.309279, 7.243150, 8.039182, 8.232752, 8.186440, 8.160811, 8.300967, 3.401969, 3.441093
1.000000; 1.425201, 1.300251, 1.756918, 1.849757, 2.347055, 2.156667, 3.146001, 3.466589, 3.330408, 3.465116, 3.352864, 3.491723, 3.383482, 3.488022, 4.136748, 4.339271, 4.219619, 4.369095, 4.261815, 4.560646, 4.519871, 4.610317, 4.521327, 4.888193, 4.803143, 4.886868, 5.301546, 5.636683, 5.605560, 5.984795, 5.971456, 6.048789, 5.972664, 6.047297, 6.006150, 6.076406, 6.142041, 6.429234, 6.393433, 6.672681, 6.615307, 6.897461, 6.844844, 6.916941, 6.908385, 7.013213, 6.958918, 7.033395, 7.012371
1.000000, 1.015877; 1.405630, 1.430454, 1.381276, 1.361619, 2.177212, 2.161607, 2.607142, 3.462808, 3.857986, 3.843041, 3.783574, 3.723149, 3.669970, 3.902462, 4.692106, 4.620503, 4.557941, 5.315639, 5.266132, 5.756062, 5.980395, 6.030116, 6.312089, 6.295589, 6.231555, 6.376944, 6.665719, 6.593373, 6.760079, 7.391530, 7.435406, 7.790995, 7.810881, 8.053790, 7.962811, 8.420531, 8.832446, 8.862208, 8.954031, 9.576993, 9.377343, 9.514057, 9.577698, 9.553883, 9.807927, 10.564610, 11.419249, 12.361415
1.000000, 1.066442, 1.961825, 2.964774; 1.046391, 2.023022, 2.017626, 2.041412, 2.041976, 2.047413, 2.033132, 2.042376, 2.054810, 2.060363, 2.090999, 2.100116, 2.096941, 2.100343, 2.144313, 2.142697, 2.146213, 2.604995, 2.608803, 2.612561, 3.435314, 3.444725, 3.444759, 3.447051, 3.448086, 3.520691, 3.539387, 3.537209, 3.537545, 3.549903, 3.551142, 3.549949, 3.604352, 3.604015, 3.604528, 3.926835, 3.925340, 4.036288, 4.039056, 4.421904, 4.493448, 4.484866, 4.477030, 4.602588, 4.595130, 4.599596
1.000000, 1.362607; 2.259147, 2.200380, 2.107774, 2.128166, 2.016463, 2.144787, 2.378021, 3.041405, 3.002174, 3.039474, 3.006232, 3.036321, 3.015406, 3.044336, 3.717864, 4.104559, 4.154739, 4.974572, 5.003547, 5.005102, 4.854886, 5.659748, 5.651543, 5.667690, 5.705132, 5.701760, 5.740675, 5.736039, 5.650888, 5.603338, 4.646138, 5.755969, 5.694546, 1.554836, 1.594273, 1.621283, 1.649690, 1.644120, 1.991441, 2.002535, 1.999085, 2.026483, 2.034042, 2.035830, 2.059312, 2.064810, 2.464983, 2.495934
1.000000, 1.010801, 1.265201, 1.359695, 1.635479; 1.770585, 1.841214, 1.790591, 1.728076, 1.916814, 2.630387, 2.700175, 2.639554, 2.698979, 1.459889, 1.549785, 2.560719, 2.626978, 2.648143, 2.634754, 2.654184, 2.643057, 2.661129, 2.678622, 2.685141, 2.709318, 2.711736, 2.727301, 2.828784, 2.818364, 2.836261, 3.154105, 3.142770, 4.099526, 4.082012, 4.749757, 4.725162, 4.751793, 4.897173, 5.009007, 4.985911, 5.014782, 4.993745, 5.021482, 4.996783, 1.731306, 1.735196, 1.732907, 1.738049, 1.735876
1.000000, 1.113826, 1.087645, 1.061483, 1.057499, 1.056505; 1.060387, 1.266078, 1.280868, 1.235094, 1.248027, 1.243055, 1.255652, 1.351949, 1.893166, 1.903672, 1.913383, 1.938254, 1.945063, 1.949060, 2.046369, 2.054400, 2.018712, 2.114377, 2.119243, 2.089236, 2.094377, 2.103606, 2.414847, 3.044218, 4.056423, 4.937203, 4.942906, 5.270401, 5.275120, 6.106283, 6.127234, 6.141919, 7.065578, 7.079836, 7.590138, 8.024130, 8.303560, 8.487773, 8.555851, 9.131271, 9.155900, 9.165491, 9.922723, 9.855826
1.000000, 1.000156, 1.000343, 1.163462; 1.169426, 1.333076, 1.334362, 1.321236, 1.335590, 1.329511, 1.386005, 1.396953, 1.385723, 1.728279, 1.816115, 1.845382, 1.886510, 2.525313, 3.310636, 3.382543, 3.518005, 3.477265, 3.557287, 3.582581, 3.583769, 3.568692, 3.591507, 3.577011, 3.712008, 4.102959, 4.134522, 4.979808, 4.953558, 5.018144, 4.975923, 5.002050, 4.994730, 5.923304, 6.322481, 6.792572, 6.832995, 6.834271, 6.824010, 6.835552, 6.816088, 6.842435, 6.859238, 6.865256, 6.875986, 6.857060
1.000000, 1.047921, 1.128177, 1.186585, 1.284556; 1.477484, 2.306705, 2.323066, 2.351509, 2.367645, 2.376475, 2.383933, 2.655638, 2.662177, 2.750266, 3.101178, 3.032166, 3.048846, 3.059822, 3.073332, 3.079427, 3.085221, 3.339007, 3.344993, 3.742717, 3.754799, 3.764924, 3.769201, 3.775333, 3.782215, 4.450022, 4.534270, 4.551727, 4.608599, 4.616598, 4.621267, 5.100546, 5.159646, 5.170329, 5.280863, 5.297841, 5.626380, 5.835235, 5.850885, 5.910901, 5.938717, 5.940895, 5.960060, 6.015925, 6.015513
1.000000, 1.001379; 1.000499, 1.000623, 1.024259, 1.040159, 1.079652, 1.079402, 1.080962, 1.807339, 1.802779, 1.805144, 2.544159, 3.307466, 3.321252, 3.329988, 3.490083, 3.497017, 3.503234, 3.474920, 3.506634, 3.519246, 1.376125, 1.377781, 1.370378, 1.479067, 2.462740, 2.463527, 2.464219, 2.464862, 2.466708, 2.469209, 2.473356, 2.481936, 2.482643, 2.479956, 2.480569, 2.527945, 2.540488, 2.571938, 2.572435, 2.576650, 3.189031, 3.194581, 3.207093, 3.208577, 3.204490, 3.205989, 3.206878, 3.217542
1.000000, 1.004921, 1.001495, 1.938618, 1.964031; 1.955406, 1.957332, 2.542613, 1.576282, 1.582686, 1.581790, 1.581054, 2.335958, 2.366577, 2.416769, 3.397721, 3.395937, 3.769220, 2.595459, 2.596420, 2.602738, 2.722272, 2.722967, 2.774238, 2.775713, 2.776282, 2.776799, 2.771070, 3.008639, 3.219811, 3.294990, 3.749742, 3.870372, 3.880221, 4.678600, 4.688875, 4.691158, 4.694037, 4.670347, 4.672899, 5.330354, 5.336014, 5.604604, 5.649047, 5.675179, 5.799927, 5.804412, 5.807560, 5.839882, 5.814541
1.000000; 1.077609, 1.692819, 1.756046, 1.717787, 1.014195, 1.015251, 1.101140, 1.121216, 1.190833, 2.031852, 2.041355, 2.047128, 2.044525, 2.042527, 3.016681, 4.003972, 3.998837, 4.245494, 4.399952, 4.383681, 5.377251, 5.752719, 6.716146, 6.846182, 3.806680, 3.873262, 3.866513, 4.546728, 4.539630, 4.625623, 4.639625, 4.673927, 4.666892, 4.680332, 4.109241, 4.252633, 4.253451, 4.471246, 4.422552, 4.450846, 4.477146, 4.433613, 4.572439, 4.631290, 4.688284, 5.009402, 5.086295, 5.168645, 5.416656
1.000000; 1.740761, 2.797464, 2.882733, 3.056200, 3.284558, 4.466694, 4.336895, 4.795229, 5.249829, 5.204056, 5.537577, 6.587924, 1.958954, 2.358341, 2.434064, 2.577664, 3.102052, 3.922121, 3.912320, 3.999836, 1.029460, 1.029878, 1.030700, 1.037983, 1.038372, 1.037757, 1.038106, 1.037609, 1.038041, 1.039452, 1.040551, 1.041208, 1.042506, 1.042046, 1.042486, 1.042844, 1.042599, 1.042954, 1.042573, 1.046283, 1.046586, 1.047174, 1.047597, 1.048585, 1.048214, 1.048449, 1.048664, 1.048312, 1.057975
1.000000; 1.020930, 1.175595, 1.237760, 1.557175, 1.636968, 1.039589, 1.040662, 1.218469, 1.216239, 1.263826, 1.261868, 1.302959, 1.410494, 1.417704, 1.414715, 1.412102, 1.418063, 1.415512, 1.414194, 1.553216, 1.752323, 1.754404, 1.750637, 1.752351, 1.860678, 1.858871, 1.859639, 1.860499, 1.901039, 1.952903, 1.954543, 1.951626, 1.952911, 1.954700, 1.956172, 1.953213, 2.674802, 2.671763, 2.683863, 2.680633, 2.695646, 2.702227, 2.699139, 2.696399, 2.709208, 2.706347, 2.704811, 2.710640, 2.764757
1.000000; 1.000000, 1.522104, 2.283582, 2.276430, 2.335958, 2.313057, 2.400302, 2.480781, 2.541671, 2.530368, 2.523721, 2.547275, 2.912787, 2.911329, 2.905061, 3.126996, 3.537311, 3.700526, 3.699056, 3.855110, 3.850257, 4.562402, 4.581734, 4.683935, 4.898314, 4.896142, 4.912042, 4.908282, 4.948812, 4.953473, 4.969393, 4.964054, 5.052787, 5.065567, 5.060659, 5.056115, 5.097799, 5.109560, 5.105184, 5.170902, 5.291019, 5.301063, 5.302914, 5.896375, 5.905720, 5.902142, 5.898799, 5.895739, 5.906482
1.000000, 1.008003, 1.985920, 2.034557; 1.936073, 2.096989, 2.984253, 3.056180, 3.444432, 3.538953, 4.573080, 5.486999, 6.255002, 7.251094, 7.090406, 7.386582, 8.323990, 8.679052, 9.348283, 9.757523, 9.596747, 10.009422, 10.151988, 10.182404, 10.267235, 10.147817, 10.333531, 10.334310, 10.700615, 10.821340, 10.888462, 11.504923, 11.496919, 12.450171, 12.786289, 12.839064, 12.869274, 13.208172, 13.887509, 14.096710, 14.738045, 13.711434, 14.360551, 15.409777, 15.367269, 15.630398, 15.587210, 15.565901, 15.673739, 15.745787
1.000000, 1.670481, 2.021871, 2.794787, 1.000383, 1.000409, 1.367893, 1.368636, 1.369159, 1.619523, 2.417284, 2.410138, 2.415548, 2.408518, 3.281872, 3.317302, 4.255361, 4.327090, 4.363454, 4.330989, 5.344298, 5.328315, 5.607692, 5.600296, 5.628778, 5.656236, 6.042259, 6.065485, 6.051935, 6.069480, 6.068181, 6.088582, 6.062135, 6.095523, 6.220257, 6.472491, 6.438367, 6.407538, 6.680410, 6.650188, 6.781625, 6.749184, 6.779054; 6.820029, 6.801860, 6.836290, 6.848822, 7.424938, 7.410950, 7.443452
1.000000, 1.024941; 1.025087, 1.931947, 2.929393, 3.790525, 3.187950, 3.256320, 4.179966, 4.156019, 2.178989, 2.149056, 2.240561, 2.238333, 3.016755, 3.061870, 3.154292, 3.196354, 4.145872, 4.460429, 4.922526, 5.033740, 5.082251, 5.142647, 5.879874, 5.870866, 5.908104, 5.864832, 5.948196, 5.939230, 5.972011, 6.930306, 7.415275, 7.441062, 7.444449, 7.469281, 7.466856, 7.710002, 7.738672, 7.872958, 7.937839, 7.901952, 7.959457, 8.119790, 8.087274, 8.253821, 8.276861, 8.316213, 8.315488, 8.933424
1.000000, 1.005345, 1.005354, 1.124472, 1.000175, 1.000975; 1.086603, 1.254710, 1.255066, 1.303829, 1.308710, 1.308623, 2.151760, 2.152007, 2.152185, 2.197830, 2.203791, 2.203904, 2.247482, 2.263719, 2.262317, 3.251651, 3.550719, 3.560922, 3.561547, 4.422210, 5.413977, 5.413376, 5.413225, 5.412689, 5.412181, 5.426538, 5.426524, 5.549905, 5.556493, 5.558619, 5.558096, 5.926883, 5.926886, 6.012013, 7.011369, 7.010841, 7.010334, 7.009867, 7.025426, 7.028355, 7.027909, 7.994585, 8.118326, 8.118019
1.000000, 1.053532, 1.929835, 2.229573, 2.512000, 2.706283; 3.101427, 3.247882, 3.361302, 2.569758, 2.806857, 3.209954, 3.378562, 4.000660, 4.024548, 4.363184, 4.394418, 4.351993, 5.337686, 5.321967, 6.281278, 6.341554, 6.472502, 7.419591, 5.600160, 5.564684, 5.756332, 5.992744, 6.132363, 6.425670, 6.512829, 6.557758, 6.571439, 7.318502, 7.330811, 7.390368, 7.858472, 7.871059, 8.812160, 8.851631, 8.864084, 8.950004, 7.238066, 7.439631, 7.400956, 7.367021, 7.370915, 8.264353, 8.928207, 8.963834
1.000000, 1.005992; 1.917667, 2.164935, 2.177789, 2.106822, 2.572286, 2.625771, 2.682483, 2.673206, 2.640253, 2.685996, 3.332452, 3.422658, 3.422178, 3.437016, 3.541574, 4.539801, 4.541752, 4.533656, 4.982250, 5.324131, 5.558615, 5.537852, 5.602845, 5.616655, 5.599044, 6.565658, 6.765382, 6.754759, 6.743297, 6.807357, 7.786642, 7.837551, 8.154557, 8.289319, 8.271101, 8.336941, 8.319340, 8.308996, 8.290482, 9.184286, 1.133351, 1.138021, 1.182525, 1.185331, 1.176000, 1.179063, 1.181665, 1.185186
1.000000; 1.000001, 1.000001, 1.778038, 1.824616, 1.723116, 1.174151, 1.176713, 1.178903, 1.173203, 1.175051, 1.503586, 1.502906, 2.289519, 2.348489, 2.880092, 2.909307, 2.898404, 2.888731, 3.798491, 4.752931, 4.741898, 4.731775, 5.035899, 5.037049, 5.038758, 5.279159, 5.275877, 5.278664, 5.280064, 6.168775, 6.164085, 6.165449, 6.167106, 6.163639, 7.018446, 7.568693, 7.570014, 7.567117, 7.567976, 8.538498, 9.239761, 9.244995, 9.246252, 9.482376, 9.481609, 9.481783, 9.604047, 10.155759, 10.278301
1.000000, 1.011369; 1.000000, 1.011362, 1.011094, 1.085794, 1.086626, 1.087172, 1.089526, 1.088589, 1.120770, 1.256140, 1.301967, 1.300772, 1.376090, 1.398879, 1.399920, 1.400399, 1.401420, 1.401924, 1.398933, 1.399714, 1.400041, 1.403628, 1.800564, 1.821233, 1.822583, 1.825335, 1.824792, 1.827373, 1.834048, 1.830945, 1.886990, 1.892644, 1.892186, 2.096541, 2.176368, 2.368228, 2.369068, 2.369991, 2.370823, 2.901650, 2.947489, 2.946443, 2.945916, 2.946590, 2.947296, 2.946842, 3.048969, 3.049354
1.000000, 1.025128, 1.025188, 1.259052, 1.298811; 1.727238, 2.607003, 2.670312, 2.732482, 3.399713, 3.463927, 3.507286, 3.824029, 3.959892, 3.978825, 3.992393, 3.747580, 3.775420, 3.838047, 4.587684, 4.608665, 4.632464, 4.649899, 4.672863, 4.693157, 5.694936, 5.922316, 5.792755, 6.730943, 6.832594, 6.944445, 6.957808, 6.968379, 7.116696, 7.129863, 7.137523, 7.873320, 7.888329, 7.952609, 7.998605, 8.032880, 8.555029, 8.565191, 8.577434, 8.593073, 9.600623, 9.783142, 9.993413, 9.999708, 9.921725
1.000000, 1.616229; 1.566835, 1.010569, 1.067816, 1.066334, 1.072220, 1.092120, 1.090463, 1.089214, 1.235410, 1.259154, 1.410695, 1.424561, 1.430704, 1.411231, 1.416600, 1.421655, 1.459948, 1.441971, 1.447080, 1.453191, 1.457876, 2.052447, 2.037084, 2.041371, 2.045470, 2.443132, 2.411009, 2.420265, 2.429157, 2.437703, 2.448420, 2.420470, 2.428354, 2.435978, 2.445488, 2.618789, 2.771488, 2.780993, 2.791256, 2.760745, 2.769948, 2.778598, 2.787025, 3.411324, 3.378607, 3.388010, 3.397287, 3.406210
1.000000; 1.126883, 1.104542, 1.677332, 2.758779, 2.705743, 2.658531, 1.351050, 2.274065, 2.697636, 2.704952, 2.696991, 3.703885, 3.712883, 3.695739, 4.700950, 4.750043, 4.842638, 4.849115, 4.853489, 4.534314, 4.495630, 4.459043, 4.554075, 4.643208, 5.491530, 5.656139, 6.261274, 2.235402, 2.228071, 2.242075, 2.255752, 2.264913, 2.245389, 2.254097, 2.299960, 2.286049, 2.319485, 2.649066, 2.630161, 2.697958, 2.965491, 2.965104, 2.973357, 3.140057, 3.120658, 3.129605, 3.138293, 3.706241, 3.713023
1.000000, 1.000000, 1.010002, 1.013727, 1.491043, 1.666787, 1.617622; 1.929395, 2.932854, 3.070061, 3.161335, 1.246706, 1.242776, 1.635356, 1.809135, 2.077726, 2.060922, 2.113759, 2.219041, 2.254262, 2.288997, 3.304004, 3.344727, 3.576686, 3.649081, 3.657663, 3.671644, 3.684689, 3.698374, 3.688387, 3.706030, 4.521891, 4.533900, 4.618277, 4.650163, 4.648896, 4.654003, 4.816811, 4.959387, 4.987062, 4.984603, 5.340974, 5.404924, 5.376901, 5.414008, 5.453442, 5.639154, 5.661772, 5.734313, 5.716583
1.000000; 1.001581, 1.044861, 1.209278, 1.965779, 2.081658, 2.079372, 2.137800, 2.463847, 3.303479, 3.588801, 3.648761, 3.764127, 3.777444, 4.521838, 4.830188, 4.851694, 5.144790, 5.137339, 5.149085, 5.974944, 6.251917, 6.260212, 6.285770, 6.583275, 7.432209, 7.669066, 7.660611, 7.669377, 8.492424, 8.620693, 8.624116, 8.623501, 9.504665, 9.507294, 9.506149, 5.291682, 5.097442, 5.552340, 5.622633, 5.628915, 6.330204, 6.480769, 6.488484, 6.500779, 6.484739, 6.819803, 7.424883, 7.428913, 7.418447
1.000000; 1.000390, 1.946786, 1.950899, 2.520150, 3.059306, 4.143749, 5.204298, 3.273390, 3.273243, 3.272682, 3.277568, 3.879057, 3.869331, 3.873226, 3.874188, 4.280434, 4.712504, 4.737017, 5.191061, 5.482782, 5.718381, 5.748965, 5.674870, 6.333710, 6.896560, 6.937012, 6.863168, 7.096942, 7.137683, 7.165691, 7.666908, 7.699686, 7.840970, 7.788844, 7.990027, 8.177704, 8.220025, 8.167520, 8.189734, 8.211936, 9.094413, 9.035533, 9.405614, 9.655275, 9.587976, 9.916221, 9.961087, 9.986444, 9.924168
1.000000, 1.002955; 1.025351, 1.167167, 1.612818, 2.563780, 2.543073, 2.651912, 2.919372, 2.785249, 2.795908, 2.804682, 3.167878, 3.730498, 3.751978, 3.772044, 3.969261, 3.984886, 3.998742, 3.973590, 3.990099, 4.004614, 4.416693, 4.436956, 4.375899, 4.415003, 4.450842, 4.466710, 4.505557, 4.680049, 4.629095, 4.666063, 4.860411, 4.935664, 4.975846, 4.940820, 4.952236, 4.962430, 5.167874, 5.189079, 5.199043, 5.177125, 5.505113, 5.573777, 5.584451, 5.594582, 5.708692, 5.717698, 5.726340, 5.772994
1.000000; 1.909771, 1.828788, 1.941284, 2.623628, 2.478159, 2.536594, 2.577886, 3.460005, 3.332881, 3.391436, 3.627773, 3.790772, 3.873121, 4.468135, 4.843331, 5.546851, 5.800716, 6.745580, 7.761279, 4.388942, 4.378046, 4.373366, 5.296650, 5.317319, 6.253945, 6.855920, 7.159077, 7.136197, 7.129550, 7.152328, 7.221338, 7.254272, 1.950909, 1.932937, 1.953740, 1.983115, 1.989934, 1.972824, 1.990804, 1.997328, 2.079411, 2.061746, 2.068248, 2.074508, 2.058248, 2.237335, 2.304357, 2.710322, 2.695193
1.000000, 1.016988, 1.980112, 1.722611; 1.980017, 1.887081, 2.246790, 2.364587, 2.318060, 3.112768, 3.553247, 3.558623, 3.514151, 4.061003, 4.264727, 4.379083, 4.323868, 5.266137, 5.237110, 5.192380, 5.730017, 5.832891, 5.895450, 5.844803, 5.815479, 5.993770, 6.009188, 6.595615, 6.651913, 6.664054, 6.642105, 6.623158, 6.668556, 7.142891, 6.826728, 6.872608, 6.914215, 6.900655, 6.875498, 6.940248, 6.911702, 6.912407, 6.887454, 6.926474, 6.916662, 7.019203, 6.993559, 6.970775, 7.352034, 7.544775
1.000000, 1.031724, 1.088435; 1.086312, 1.089830, 2.089455, 2.092444, 3.087930, 3.088139, 3.090701, 3.089415, 4.019318, 4.385401, 5.328933, 5.379210, 5.379048, 5.567132, 5.985870, 5.960476, 6.550569, 6.555149, 6.573813, 6.578121, 6.582292, 6.586335, 6.562869, 6.566738, 6.574237, 6.672004, 6.675410, 7.093287, 7.114359, 7.094900, 7.098254, 7.528647, 7.531722, 7.535498, 7.538261, 8.087150, 8.090044, 8.071975, 8.193630, 8.202048, 8.351284, 8.354420, 8.356952, 8.359494, 8.344096, 8.346507, 8.538288
1.000000, 1.000333, 1.001824; 1.005027, 1.505333, 1.526041, 1.609960, 1.628746, 2.075686, 2.070370, 2.728535, 2.727765, 2.764683, 2.762252, 2.801293, 2.984327, 3.018648, 3.037977, 3.966475, 3.950331, 3.953131, 4.528816, 4.562904, 4.568465, 4.806817, 4.811455, 4.825270, 4.828572, 4.842109, 5.822585, 5.835592, 6.521187, 6.515225, 6.510367, 6.505222, 6.526840, 6.521222, 6.517785, 6.514229, 7.521478, 7.515578, 7.510349, 7.563281, 7.558234, 7.555342, 7.550643, 7.546823, 7.543891, 7.539951, 7.607891
1.000000, 1.271165, 1.271604, 1.061143, 1.061488, 1.177886, 2.148321, 2.159645, 3.085975, 3.154400; 3.194145, 3.419875, 3.417177, 4.407688, 4.404667, 4.401959, 4.421537, 4.424316, 4.489827, 4.487962, 4.518268, 5.512774, 5.511487, 5.746931, 5.807684, 6.687724, 6.912192, 7.404046, 7.601230, 7.606515, 7.606426, 7.821803, 7.828940, 7.834059, 7.833869, 7.898160, 8.114689, 8.114417, 8.114624, 8.118703, 8.523411, 8.772970, 9.460845, 10.372998, 10.402646, 10.760692, 10.885649, 10.898285, 11.234300, 11.247628
1.000000, 1.007784, 1.881488; 2.443647, 3.756438, 1.256428, 1.615763, 2.505466, 1.001044, 1.000896, 1.001635, 1.003907, 1.003660, 1.003582, 1.058049, 1.076642, 1.077527, 1.072112, 1.069835, 1.069444, 1.082488, 1.544380, 1.561590, 1.562872, 1.597776, 1.629630, 1.643628, 2.084536, 2.082447, 2.033594, 2.027072, 2.025780, 2.109483, 2.067663, 2.061163, 2.059717, 2.058837, 2.322004, 2.307168, 3.058640, 3.041553, 3.323669, 3.294714, 3.276985, 3.443424, 4.212901, 4.175736, 4.151481, 4.128974, 4.442565
1.000000; 1.004349, 1.832780, 1.667309, 1.787066, 1.840083, 1.948232, 2.355530, 1.713803, 1.729841, 1.942221, 2.016005, 2.437091, 2.430416, 2.039943, 1.996980, 2.051233, 3.008350, 3.104426, 3.173956, 3.221563, 3.188598, 3.146923, 3.335328, 3.303452, 3.970196, 3.928837, 3.977182, 4.079113, 4.132157, 4.095546, 4.139118, 4.103738, 4.120354, 4.258956, 4.222304, 5.265380, 5.242395, 5.283616, 5.251163, 5.503839, 5.470732, 5.555139, 5.546620, 5.513686, 6.348377, 6.385665, 6.425799, 6.395127, 6.547527
1.000000; 1.115427, 1.195108, 1.294920, 1.435586, 1.458327, 1.466249, 1.546153, 1.848222, 1.889378, 2.198738, 2.813751, 3.404917, 3.436913, 3.461091, 3.513845, 3.505639, 2.789560, 2.744642, 2.683218, 2.852898, 2.796510, 2.741010, 2.916035, 2.874186, 2.822650, 2.890690, 3.030097, 3.025878, 2.980315, 2.959109, 3.085968, 3.039391, 3.000792, 3.179661, 3.183864, 3.199786, 3.227010, 3.241437, 3.315023, 3.310690, 3.406797, 3.422274, 3.416638, 3.413195, 3.443288, 3.438871, 3.502033, 3.496587, 3.511122
1.000000, 1.593037, 2.592883, 2.597966, 2.620709; 2.571396, 3.542969, 3.548993, 4.245734, 4.248728, 5.236964, 5.256224, 5.903792, 5.950615, 6.145142, 6.949980, 6.876433, 7.772125, 7.843583, 7.879701, 7.647985, 7.726532, 7.769413, 7.772800, 7.775956, 7.790749, 7.873178, 8.210395, 6.492912, 6.486834, 6.480935, 6.653918, 6.648473, 6.646628, 7.361378, 7.366882, 7.424993, 8.210864, 8.254510, 8.779596, 9.610664, 9.606316, 9.660340, 9.656684, 9.660312, 9.657966, 9.654663, 10.207069, 10.392650, 10.461665
1.000000, 1.023800, 1.542456; 1.948381, 2.229056, 3.236319, 3.369332, 4.185440, 4.189045, 4.276777, 4.283754, 4.476254, 4.501603, 5.492695, 5.617707, 5.647680, 5.652134, 6.546731, 6.563705, 6.627755, 7.127355, 7.597807, 7.708304, 8.655879, 8.782378, 8.980172, 9.608717, 9.898439, 9.895633, 9.928713, 9.982512, 9.978046, 10.103124, 10.640872, 10.901473, 11.218765, 11.964794, 11.980880, 12.201569, 12.722119, 12.941852, 4.066877, 4.044129, 4.112740, 4.060220, 4.193959, 4.149713, 4.193500, 4.419778, 4.420658
1.000000, 1.554629; 1.828569, 2.528535, 2.472360, 2.431283, 2.414865, 3.197762, 3.380244, 3.343596, 3.341436, 4.222465, 4.421142, 4.576094, 5.076890, 5.039506, 5.071588, 5.060098, 5.067222, 5.304978, 5.391256, 5.991890, 5.968614, 5.951869, 6.348536, 6.438358, 6.709906, 6.696397, 6.722099, 7.161138, 7.424059, 7.480116, 7.823355, 7.856272, 8.202999, 8.271249, 8.257520, 9.152541, 9.174602, 9.166217, 9.580501, 9.861582, 10.228204, 10.397464, 10.531170, 10.525487, 11.465585, 11.582575, 12.526336, 12.743938
1.000000, 1.276486; 1.509268, 1.630057, 1.366655, 1.025893, 1.908261, 1.934795, 1.938960, 2.940667, 2.948882, 2.959815, 3.035781, 3.259599, 4.159606, 4.150993, 4.143952, 4.137368, 4.187669, 4.222743, 4.243369, 4.238888, 4.247642, 4.243784, 4.273732, 5.266924, 5.748195, 5.743121, 5.907920, 6.783121, 3.007287, 2.945071, 2.887807, 3.037149, 2.979000, 3.449729, 3.442016, 3.489908, 3.424676, 3.363276, 3.320390, 3.723335, 3.689915, 4.068692, 4.532235, 5.453835, 5.887011, 6.764140, 7.257757, 7.182335
1.000000, 1.000002, 1.014270, 1.345487, 1.784179, 1.851552, 2.194697, 2.367365, 2.351682, 2.383431; 2.382874, 2.479798, 2.554613, 2.540281, 2.553737, 3.315839, 3.627086, 3.633446, 3.628292, 3.614349, 3.610514, 3.656992, 3.657211, 4.454445, 4.468114, 4.460001, 5.123888, 5.124282, 5.180606, 6.141876, 6.131392, 6.150635, 6.281597, 6.309269, 6.297981, 6.396636, 6.448125, 6.715842, 6.747963, 7.671565, 7.658331, 8.206504, 8.194077, 8.696029, 8.149210, 8.154360, 8.327623, 8.763850, 8.793637, 9.267051
1.000000; 1.018388, 1.017977, 1.019953, 1.019170, 1.021409, 1.021857, 1.021239, 1.066555, 1.070499, 1.069126, 1.272293, 1.339787, 1.344799, 1.341858, 1.339376, 1.346182, 1.390468, 1.387887, 1.408033, 1.448752, 1.445874, 1.446315, 1.457789, 1.455177, 1.452799, 1.451884, 1.457756, 1.455545, 2.044015, 2.213824, 2.213869, 2.216659, 2.573360, 2.571002, 2.573519, 2.581144, 2.664065, 2.664184, 1.376311, 1.378717, 1.381024, 1.374861, 1.495202, 1.497655, 1.491247, 1.493663, 1.495990, 1.498536, 1.492599
1.000000, 1.000021, 1.012465, 1.206741, 1.187653, 2.138549, 2.620465, 2.580719, 2.695601, 2.947764; 2.814110, 2.867539, 1.763829, 1.753738, 1.792795, 1.797432, 1.804073, 1.889876, 1.892102, 1.885302, 1.885362, 2.054406, 2.073135, 2.083785, 2.091417, 2.130497, 2.184189, 2.185179, 2.255490, 2.271672, 2.283049, 2.335984, 2.339147, 2.342668, 2.340181, 2.406292, 2.410832, 2.409473, 2.418724, 2.636278, 2.644254, 2.649790, 2.645815, 2.643488, 2.696917, 2.702526, 2.649865, 2.656810, 2.663542, 2.661858
1.000000, 1.000109, 1.000064, 1.976403, 2.368858; 2.345230, 2.420926, 2.345860, 2.368589, 2.349504, 3.345881, 2.194705, 2.181705, 2.445060, 2.359044, 2.424629, 2.444160, 2.430912, 2.356587, 2.566824, 2.588357, 2.642451, 2.632820, 2.835203, 3.555319, 3.602366, 3.860046, 3.887382, 3.863221, 3.899416, 4.392103, 4.318216, 4.328014, 4.367196, 4.716708, 4.704131, 5.167092, 5.179214, 5.210484, 5.143075, 4.786376, 5.101672, 5.136360, 5.115382, 5.401754, 5.507425, 5.572042, 5.898509, 6.668143, 6.807244
1.000000, 1.074602, 1.077516, 1.089844, 1.109610, 2.165437, 2.169960, 2.007141, 1.926675, 2.725565, 2.771752, 2.724064, 2.865826, 3.829708, 3.834552, 4.369776, 4.375300; 4.348102, 4.915418, 4.701217, 4.902151, 5.287949, 5.672310, 5.673511, 5.709021, 6.290469, 6.594004, 6.595339, 6.596374, 6.688848, 6.935602, 6.964544, 6.967763, 7.105918, 7.782409, 7.824922, 7.831286, 8.327719, 9.162609, 9.165060, 9.167178, 9.522991, 9.831720, 9.996097, 10.544364, 10.557298, 11.160966, 11.168551, 11.338099, 11.357894
1.000000, 1.033266, 1.769869, 2.125785; 1.255499, 1.237132, 1.359057, 1.343293, 1.400743, 1.383588, 1.405488, 1.390532, 2.166907, 2.140202, 2.121428, 2.207861, 2.220528, 2.304296, 2.375639, 2.353511, 2.336442, 2.409991, 2.388127, 2.368279, 3.261351, 3.239293, 3.405231, 3.406962, 3.487756, 3.467475, 3.546874, 3.587830, 3.694397, 3.672194, 3.668321, 3.740943, 3.808463, 3.837791, 3.816111, 4.479667, 4.710208, 4.803376, 4.786838, 4.875982, 5.614182, 5.625288, 5.802893, 5.771270, 5.879539, 5.847956
1.000000, 1.000002; 1.000359, 1.404656, 1.530381, 1.536172, 1.559714, 1.563690, 1.097631, 2.030874, 2.034235, 2.047251, 2.048671, 2.058533, 2.610424, 2.609787, 2.613279, 2.612808, 3.113949, 3.113899, 3.122951, 3.136104, 3.138623, 3.100401, 3.129964, 3.095153, 3.983835, 4.072721, 4.071640, 4.198169, 4.239567, 4.233020, 4.350547, 4.350679, 4.375421, 4.397071, 4.412652, 4.439150, 4.439028, 4.455173, 4.454706, 4.469101, 4.618472, 5.004686, 5.020551, 5.021593, 5.022583, 5.036641, 5.135773, 5.137097
1.000000, 1.000000, 1.079594; 1.080804, 1.086757, 1.192840, 1.202476, 1.198145, 1.191521, 1.296047, 1.302049, 1.295576, 1.298431, 1.344931, 1.348278, 1.445673, 2.382133, 2.380534, 2.386484, 2.392467, 3.086610, 3.079382, 3.441701, 3.483335, 3.492806, 3.501007, 3.486402, 3.530801, 3.531863, 3.953185, 4.014572, 4.119740, 4.129355, 4.231244, 4.457864, 5.044840, 5.100465, 5.114877, 5.123709, 6.076627, 6.394860, 6.575728, 6.585756, 6.583966, 7.456992, 7.434100, 7.445190, 8.140617, 8.214281, 8.710953
1.000000, 1.011268, 1.022598, 1.021476, 1.020984, 1.020552; 1.025484, 1.024394, 1.025466, 1.026520, 1.025807, 1.026622, 1.037953, 1.037121, 1.580627, 2.495302, 3.107427, 3.152049, 3.134999, 3.169510, 3.792026, 3.826085, 3.857662, 4.048877, 4.133686, 4.165182, 4.153249, 4.163644, 4.132181, 4.122744, 4.166484, 4.161169, 4.185343, 4.387551, 4.377060, 4.407036, 4.396731, 4.406718, 4.401431, 4.376952, 4.380351, 4.404837, 4.537259, 4.566987, 4.558356, 4.553149, 4.601820, 4.593653, 5.451953, 5.480304
