0.514809, 0.282287, 0.283032, 0.283104; 0.293616, 0.294167, 0.294479, 0.362621, 0.363327, 0.363812, 0.364243, 0.364592, 0.363309, 0.365956, 0.411595, 0.422112, 0.422287, 0.428264, 0.439176, 0.453822, 0.453941, 0.454134, 0.453417, 0.461488, 0.461575, 0.461240, 0.461294, 0.440260, 0.440137, 0.440113, 0.440167, 0.440398, 0.440488, 0.440441, 0.440397, 0.436159, 0.437144, 0.437130, 0.493688, 0.493675, 0.494028, 0.494002, 0.494045, 0.493604, 0.493485, 0.493796, 0.493774, 0.493752, 0.495180, 0.495149, 0.494489
0.197589, 0.314789; 0.308319, 0.306203, 0.304636, 0.308093, 0.307230, 0.306450, 0.307795, 0.307230, 0.307020, 0.307919, 0.307521, 0.307142, 0.306782, 0.307520, 0.307213, 0.306920, 0.307474, 0.307219, 0.297249, 0.297923, 0.297626, 0.297341, 0.297918, 0.297657, 0.297406, 0.297917, 0.297684, 0.297460, 0.297937, 0.297728, 0.297525, 0.289769, 0.289500, 0.289238, 0.288985, 0.289521, 0.288504, 0.288278, 0.288752, 0.288537, 0.288328, 0.153502, 0.151377, 0.149287, 0.153645, 0.151440, 0.149508, 0.154362, 0.152490
6.852625, 7.890830, 7.890830, 7.101828, 6.791341, 6.792561, 3.189444, 3.149869, 3.116131, 3.091058, 3.250121, 3.215588, 3.193960, 3.693277, 3.673878, 3.656508, 3.634750, 2.159932, 2.195833, 2.204685, 2.201725, 2.199403, 2.620163, 1.964318; 1.867482, 1.869148, 1.870815, 1.873534, 1.875287, 2.159047, 2.161438, 2.163766, 2.166097, 1.783233, 1.779759, 1.767406, 1.768029, 1.760151, 1.758253, 1.757163, 1.759903, 1.759875, 1.760052, 1.764717, 1.752347, 1.758983, 1.759086, 1.759222, 1.763380, 1.756462, 1.756633
0.293709, 0.078247; 0.406531, 0.481387, 0.508955, 0.406368, 0.334104, 0.355267, 0.374244, 0.389753, 0.347523, 0.443485, 0.450554, 0.433128, 0.429611, 0.478534, 0.482129, 0.472717, 0.476014, 0.414201, 0.415527, 0.410410, 0.413729, 0.416778, 0.413735, 0.415618, 0.417615, 0.422743, 0.420120, 0.421086, 0.421909, 0.422806, 0.398931, 0.398839, 0.399258, 0.404892, 0.405584, 0.406365, 0.406822, 0.405040, 0.401781, 0.402137, 0.366865, 0.365794, 0.364755, 0.365138, 0.365155, 0.360527, 0.358112, 0.358403, 0.357436
3.818408, 5.378307, 3.745381, 3.577789, 3.783416, 1.799485, 1.888081, 1.891448, 1.239461; 1.231085, 0.791726, 0.960848, 1.000375, 0.965968, 1.015388, 1.018229, 1.043858, 1.017837, 1.039762, 1.017565, 0.972943, 0.957937, 0.915545, 0.679792, 0.658099, 0.658536, 0.658915, 0.654962, 0.658145, 0.642398, 0.645582, 0.642267, 0.642974, 0.635881, 0.654100, 0.657297, 0.653995, 0.655123, 0.719436, 0.722237, 0.718542, 0.725362, 0.722004, 0.725233, 0.761348, 0.741104, 0.739489, 0.749233, 0.746686, 0.745304, 0.743332
1.015196, 0.590175; 0.266383, 0.960517, 0.961228, 0.960562, 0.960444, 0.960405, 0.960568, 0.960554, 0.960402, 0.960356, 0.960438, 0.987023, 0.909710, 0.502179, 0.497556, 0.489201, 0.508747, 0.500137, 0.493007, 0.882971, 0.883180, 0.883123, 0.867390, 0.867509, 0.867616, 0.867390, 0.848850, 0.849245, 0.848167, 0.848561, 0.848926, 0.849263, 0.846099, 0.846446, 0.846770, 0.846069, 0.849002, 0.849299, 0.790441, 0.790742, 0.790978, 0.790368, 0.790600, 0.790820, 0.790352, 0.790570, 0.790776, 0.790338, 0.790543
4.288378, 0.000000, 0.000000, 0.000000, 0.000000, 0.000000, 0.000000, 0.000000, 0.000000, 0.000000, 0.000000, 0.000000, 0.000000, 0.000000; 0.000000, 0.000000, 0.000000, 0.000000, 0.000000, 0.000000, 0.000000, 0.000000, 0.000000, 0.000000, 0.000000, 0.000000, 0.000000, 0.000000, 0.000000, 0.000000, 0.000000, 0.000000, 0.000000, 0.000000, 0.000000, 0.000000, 0.000000, 0.000000, 1.372701, 1.374346, 1.374223, 1.374652, 1.374776, 1.372759, 1.374222, 1.363375, 1.364840, 1.357307, 1.358608, 1.358806, 1.339106
5.992556, 23.025851, 5.107159, 5.107159, 5.451566, 5.517113; 5.413958, 5.556035, 5.581049, 5.594137, 5.635107, 5.691035, 5.695803, 5.704269, 5.706213, 5.748331, 6.183762, 5.729724, 5.718403, 5.560828, 5.551213, 5.193433, 5.183773, 5.204932, 5.256869, 5.248004, 4.627985, 4.763616, 4.862126, 4.862422, 4.853799, 4.845250, 4.871589, 4.864340, 4.849337, 4.850259, 4.424238, 4.422965, 4.421488, 4.475779, 4.471146, 4.464456, 4.458668, 4.452909, 4.448072, 4.453532, 4.448278, 4.480840, 4.438739, 4.433817, 4.485517
0.123224, 0.230240; 0.229887, 0.222519, 0.021082, 0.207051, 0.207538, 0.207850, 0.210769, 0.213934, 0.215080, 0.214665, 0.214872, 0.141516, 0.139943, 0.152250, 0.154078, 0.154566, 0.153572, 0.191113, 0.191209, 0.191334, 0.191435, 0.192521, 0.192289, 0.192395, 0.192656, 0.192454, 0.192548, 0.192639, 0.192470, 0.206528, 0.206593, 0.206483, 0.206535, 0.054910, 0.102902, 0.101420, 0.102067, 0.106648, 0.105528, 0.107905, 0.108465, 0.107271, 0.107823, 0.108347, 0.107233, 0.107421, 0.107900, 0.106857, 0.107761
0.402031, 0.547479, 0.547464, 0.246206, 0.295273, 0.367568; 0.339980, 0.351285, 0.349773, 0.357727, 0.358559, 0.357807, 0.358639, 0.358133, 0.358002, 0.359241, 0.358882, 0.369155, 0.369736, 0.369906, 0.369462, 0.519325, 0.518543, 0.519363, 0.517607, 0.511932, 0.514917, 0.500135, 0.500268, 0.502035, 0.502234, 0.501597, 0.501769, 0.501580, 0.500999, 0.502247, 0.501716, 0.501922, 0.501948, 0.501489, 0.501543, 0.502707, 0.502831, 0.502423, 0.505773, 0.505422, 0.505486, 0.505360, 0.500486, 0.498283, 0.498039
3.541026, 3.160982, 2.297667, 2.399311, 3.968110, 3.374674, 3.538866, 2.868421, 2.693457, 2.836118, 1.584440, 2.297249, 2.334426, 2.298162, 2.316529, 2.314702, 2.329284, 2.363067, 2.392725, 2.525920, 2.977802, 3.004443, 3.125450; 3.069440, 3.088210, 3.085996, 3.002345, 2.997429, 2.989833, 2.994914, 3.011904, 3.008363, 3.022130, 3.041124, 3.019959, 3.031286, 3.092983, 3.079697, 3.094046, 3.090288, 3.085518, 3.099010, 3.094813, 3.030231, 3.043104, 3.040885, 3.022863, 3.034939, 3.040567, 3.027828, 3.041164
3.665174, 6.801182, 6.865885, 6.915328, 6.928085, 5.948153, 5.980859, 6.006776, 6.053726, 6.937306, 6.920975, 6.538246, 6.390529, 6.364400, 6.352071, 6.350071, 6.350677, 6.346359, 6.346007, 6.344400, 6.344651, 6.342152, 6.345228, 6.349704; 6.347652, 6.350129, 6.350086, 6.352447, 6.352037, 6.350952, 6.351020, 6.351254, 6.349072, 6.355723, 6.355666, 6.354878, 6.361131, 6.367323, 6.365591, 6.365643, 6.385655, 6.386804, 6.401389, 6.403358, 6.402267, 6.403043, 6.418478, 6.418085, 6.416455, 6.417278, 6.418251
0.004717, 0.108494; 1.123637, 0.674411, 0.169995, 0.169850, 0.169902, 0.169950, 0.060574, 0.048768, 0.053484, 0.057428, 0.023683, 0.021360, 0.024346, 0.015054, 0.018754, 0.017299, 0.014451, 0.008920, 0.053184, 0.054397, 0.051666, 0.429567, 0.426859, 0.432772, 0.430157, 0.427716, 0.424471, 0.429703, 0.427512, 0.425454, 0.430162, 0.428158, 0.426266, 0.430539, 0.428656, 0.426904, 0.425231, 0.429242, 0.427613, 0.426058, 0.429630, 0.428102, 0.412449, 0.415654, 0.414271, 0.378595, 0.377427, 0.380146, 0.378772
0.390851, 0.130501; 1.801509, 1.791852, 1.814880, 1.826863, 1.790718, 1.448254, 1.456021, 1.455253, 1.242946, 1.245687, 1.197592, 1.189150, 1.169931, 1.167658, 1.170628, 1.162426, 1.165496, 1.156807, 0.968316, 0.945120, 0.945813, 0.949807, 0.939644, 0.873609, 0.876749, 0.879529, 0.871971, 0.874767, 0.865829, 0.868922, 0.860543, 0.860361, 0.862816, 0.856353, 0.858791, 0.861218, 0.863417, 0.857611, 0.872865, 0.801521, 0.728902, 0.723105, 0.869527, 0.871396, 0.867152, 0.869635, 0.871406, 0.863804, 0.859165
0.000000, 0.000000, 0.000000, 0.000000, 0.000000, 0.000000, 0.000000, 0.000000, 0.000000, 2.574658, 2.566616, 2.520660, 2.458858, 2.462633, 2.440199, 2.443544, 2.445013, 2.446863; 2.428252, 2.427084, 2.429528, 2.425475, 2.425110, 2.406260, 2.406323, 2.488709, 2.482475, 2.482770, 2.477278, 2.477164, 2.455787, 2.456539, 2.446962, 2.447560, 2.445840, 2.446058, 2.435763, 2.433596, 2.432332, 2.358719, 2.359432, 2.356316, 2.352720, 2.343292, 2.341737, 2.337624, 2.331885, 2.332433, 2.323328, 2.323091, 2.318534
0.046986, 0.129399; 0.129414, 0.129372, 0.130923, 0.116406, 0.116255, 0.116161, 0.116099, 0.116325, 0.120008, 0.122779, 0.122538, 0.122562, 0.122650, 0.123834, 0.123663, 0.124095, 0.130093, 0.129929, 0.130104, 0.130267, 0.129900, 0.126846, 0.126846, 0.126511, 0.129423, 0.129560, 0.129689, 0.131604, 0.131727, 0.131843, 0.229292, 0.230774, 0.218785, 0.218165, 0.218004, 0.219027, 0.220006, 0.217743, 0.215371, 0.215164, 0.214576, 0.215424, 0.216638, 0.214802, 0.214146, 0.212670, 0.192102, 0.190493, 0.189891
0.035555, 0.035555, 0.134720; 0.268689, 0.283899, 0.293150, 0.280138, 0.263405, 0.072092, 0.076484, 0.058494, 0.054339, 0.055742, 0.056356, 0.056186, 0.143767, 0.146679, 0.149230, 0.047468, 0.038891, 0.041800, 0.044654, 0.050604, 0.043175, 0.045568, 0.047762, 0.049849, 0.045966, 0.047988, 0.049372, 0.051618, 0.062900, 0.063894, 0.065096, 0.066418, 0.062421, 0.063752, 0.065066, 0.065613, 0.062429, 0.063573, 0.064533, 0.208138, 0.206237, 0.206902, 0.207013, 0.207613, 0.201674, 0.202286, 0.202648, 0.203205
0.192966, 0.034000, 0.192851; 1.038589, 1.038589, 1.037805, 0.400783, 0.315244, 0.332914, 0.348629, 0.193044, 0.193019, 0.193025, 0.191902, 0.191895, 0.196746, 0.314245, 0.388402, 0.388418, 0.979474, 0.974107, 0.894844, 0.897154, 0.889839, 0.889954, 0.892085, 0.894017, 0.889727, 0.891768, 0.859967, 0.862148, 0.854939, 0.857169, 0.859242, 0.861175, 0.855195, 0.857169, 0.859019, 0.860698, 0.855339, 0.857110, 0.858780, 0.860359, 0.838184, 0.839782, 0.841300, 0.842743, 0.838319, 0.857379, 0.858549, 0.859666
0.000000, 0.000000, 0.000000, 0.000000, 3.372302, 3.372776, 3.372564, 3.326701, 3.270536, 4.234287, 4.425925, 4.361393, 4.372619, 4.379372, 4.388428, 3.709781, 3.707485, 3.707845, 3.709428, 3.710054; 3.648838, 3.956110, 3.955252, 3.953791, 3.954606, 3.954048, 3.998880, 3.983616, 3.979545, 3.980598, 3.979817, 3.971353, 3.971987, 3.962257, 3.936166, 3.922717, 3.900166, 3.901155, 3.900873, 3.897401, 3.914778, 3.888852, 3.930636, 3.916491, 3.917197, 3.900713, 3.907803, 3.908337, 3.908874, 3.908889, 3.903977
2.777620, 4.124701, 8.220188, 4.113255, 4.123234, 4.110502, 4.037138, 4.038215, 3.942118, 3.941594, 3.941574, 3.941752, 3.942328, 3.942273, 3.941826, 3.941637, 3.941366, 3.945000, 3.944839, 3.944535, 3.944930, 3.944900, 3.944647, 3.944276, 3.946203, 3.942033, 3.960726, 3.958580, 3.957418, 3.957829, 3.957331, 3.956935, 3.956108, 3.930561, 3.930782, 3.930927, 3.930132, 3.930634, 3.930143, 3.930491, 3.930125; 3.929723, 3.930014, 3.930237, 3.930857, 3.931337, 3.931621, 3.931748, 3.931736, 3.932934, 3.907046
0.143677, 0.546013, 0.173766; 0.075308, 0.061258, 0.457944, 0.452237, 0.448632, 0.440220, 0.453602, 0.432957, 0.433087, 0.431453, 0.430292, 0.454542, 0.254511, 0.258208, 0.257925, 0.257986, 0.260577, 0.254994, 0.200272, 0.201505, 0.200205, 0.200647, 0.204209, 0.267092, 0.265992, 0.264953, 0.264238, 0.263396, 0.266403, 0.265828, 0.264984, 0.264170, 0.263373, 0.249744, 0.248478, 0.247914, 0.221193, 0.220361, 0.219355, 0.223010, 0.227128, 0.226274, 0.206288, 0.207290, 0.191703, 0.173227, 0.174673, 0.176056
4.917582, 5.027001, 5.027007, 5.037867, 5.038859, 5.039095, 5.039143; 5.040067, 5.040059, 5.040052, 5.202052, 5.207790, 5.197690, 5.203667, 5.208662, 5.554506, 5.537374, 5.478479, 5.425973, 5.427112, 5.424652, 5.405511, 5.406413, 5.404841, 5.405783, 5.406565, 5.404569, 5.405282, 5.407408, 5.408124, 5.408227, 5.407691, 5.408327, 5.408916, 5.407853, 5.408428, 5.402461, 5.403040, 5.364678, 5.363668, 5.364036, 5.364386, 5.363999, 5.333863, 5.333380, 5.333743, 5.334091, 5.288581, 5.289149, 5.289693, 5.288819
1.301884, 4.502480, 1.976822, 2.231412, 1.914431, 1.325801, 4.221630, 4.225614, 4.461138, 4.254004, 4.198797, 4.209199, 4.221467, 4.239718, 4.250114, 4.242247, 4.245513, 4.254311, 4.246572, 3.249778, 3.243305; 3.249421, 3.241819, 3.238597, 3.230917, 3.040504, 3.018364, 3.022385, 3.014166, 2.968550, 2.982725, 2.970690, 3.146079, 3.158960, 3.174222, 3.169784, 3.185944, 3.180813, 3.193922, 3.192980, 3.190928, 3.201977, 3.248798, 3.246143, 3.253839, 3.251828, 3.256583, 3.258723, 3.258336, 3.264378, 3.261995
2.621407, 3.778739, 2.751403, 2.909788, 2.948460, 3.089466, 3.089775, 3.340069, 3.396801, 3.370929, 3.350531; 2.680063, 2.657015, 2.682296, 1.336946, 1.330500, 1.206396, 1.198435, 1.191686, 1.205734, 0.739668, 0.731755, 0.739020, 0.734342, 0.730728, 0.738737, 0.733453, 0.729539, 0.736654, 0.731962, 0.736295, 0.742741, 0.738842, 0.734800, 0.754698, 0.750859, 0.755197, 0.751250, 0.750036, 0.754389, 0.750765, 0.780390, 0.630926, 0.626616, 0.623390, 0.631045, 0.627066, 0.636699, 0.641099, 0.638148, 0.636056
0.209379, 0.197666, 0.438064, 0.429175, 0.213728, 0.213591, 0.213292; 0.202102, 0.201974, 0.202199, 0.201867, 0.201796, 0.205636, 0.205771, 0.205688, 0.205589, 0.203528, 0.203273, 0.204355, 0.206543, 0.206508, 0.206579, 0.206465, 0.206438, 0.206499, 0.206555, 0.206528, 0.201682, 0.201687, 0.201669, 0.201666, 0.201673, 0.201657, 0.201663, 0.200461, 0.200456, 0.200449, 0.200443, 0.200423, 0.200439, 0.198844, 0.198849, 0.198844, 0.198842, 0.198843, 0.198839, 0.205809, 0.205830, 0.205798, 0.201534, 0.200252
2.761064, 18.440594, 12.787665, 12.787489, 13.365194, 2.792197; 2.795298, 2.795286, 2.794884, 2.791263, 2.784766, 2.784527, 2.945826, 2.947179, 2.949535, 2.951625, 2.953520, 2.840623, 2.808380, 2.529374, 2.531799, 2.531545, 2.531330, 2.666069, 2.665755, 2.556026, 2.555891, 2.576139, 2.583544, 2.582719, 2.581949, 2.581228, 2.580552, 2.591739, 2.591166, 2.595926, 2.595417, 2.594935, 2.595281, 2.600304, 2.593010, 2.592553, 2.597178, 2.606856, 2.609063, 2.609911, 2.609845, 2.613878, 2.631721, 2.631446, 2.634424
0.179600, 1.905330, 1.921220, 0.575928, 0.435329, 0.428354, 0.404107; 0.377091, 0.402149, 0.334417, 0.295905, 0.244890, 0.250569, 0.304274, 0.303767, 0.303304, 0.321439, 0.322845, 0.586903, 0.585530, 0.582390, 0.588886, 0.586438, 0.584446, 0.582645, 0.575734, 0.580517, 0.576893, 0.571925, 0.565428, 0.571185, 0.569732, 0.568184, 0.391497, 0.389337, 0.391811, 0.391296, 0.391501, 0.391198, 0.394253, 0.394857, 0.413597, 0.429889, 0.429814, 0.429896, 0.426246, 0.419945, 0.419727, 0.401176, 0.401371, 0.401568
0.030239, 0.338559; 0.338371, 2.794285, 1.030558, 1.002721, 0.951607, 0.416816, 0.415237, 0.433610, 0.381764, 0.381837, 0.379877, 0.380296, 0.363989, 0.361907, 0.357294, 0.357151, 0.357074, 0.357396, 0.350848, 0.351070, 0.351716, 0.351495, 0.351689, 0.351600, 0.348189, 1.031655, 1.031897, 1.039935, 1.023158, 1.030577, 1.037946, 1.043871, 1.027938, 1.028630, 1.034959, 1.020856, 1.023350, 0.928892, 0.913984, 0.914398, 0.920186, 0.897028, 0.904052, 0.909702, 0.895326, 0.901950, 0.907891, 0.896960, 0.897465
2.817360, 0.730271, 0.600405, 0.600405; 0.852188, 0.855401, 0.846852, 1.193895, 1.741240, 1.959900, 1.965171, 1.990324, 1.998089, 1.986847, 1.993717, 2.000209, 2.009301, 1.520952, 1.529716, 1.434977, 1.385456, 1.311273, 1.118848, 1.121368, 1.432781, 1.433959, 1.432335, 1.433301, 1.434262, 1.435225, 1.383809, 1.384471, 1.385141, 1.325879, 1.326068, 1.238350, 1.238986, 1.239374, 1.239768, 1.240167, 1.203375, 1.204641, 1.191761, 1.239297, 1.239239, 1.239184, 1.239150, 1.268886, 1.296300, 1.296139, 1.304376
0.122478, 0.609712; 0.608660, 0.051240, 0.098081, 0.094805, 0.785458, 0.793552, 0.756784, 0.764782, 0.736695, 0.505033, 0.592314, 0.585847, 0.536693, 0.533295, 0.536621, 0.544798, 0.546554, 0.544817, 0.641227, 0.639719, 0.641323, 0.403624, 0.406637, 0.412579, 0.407946, 0.413569, 0.407803, 0.413104, 0.391919, 0.396737, 0.524596, 0.575587, 0.580428, 0.574984, 0.575669, 0.570373, 0.574649, 0.570506, 0.574385, 0.569880, 0.572779, 0.568491, 0.572468, 0.552745, 0.551596, 0.554931, 0.554118, 0.557367, 0.553538
2.203294, 3.025222, 3.025055, 3.025044, 2.951662, 2.942838, 2.658862, 2.661658; 2.678680, 2.756037, 1.912842, 1.908069, 1.902940, 1.896674, 1.932978, 1.930573, 1.907154, 1.905712, 1.888450, 1.876336, 1.877393, 1.877338, 1.903658, 1.936480, 1.938550, 1.937612, 1.937266, 1.938462, 1.937090, 1.977411, 1.978367, 1.555864, 1.270003, 1.251079, 1.272748, 1.619842, 1.560128, 1.556519, 1.556814, 1.551379, 1.549594, 1.549790, 1.546726, 1.553637, 1.554317, 1.549890, 1.549544, 1.527740, 1.450804, 1.454798, 1.453553
0.913019, 1.530725, 1.530725; 1.530725, 1.045843, 1.045807, 1.045807, 1.052088, 1.070845, 1.064888, 1.073136, 1.072733, 1.089932, 0.314259, 0.314221, 0.241186, 0.240917, 0.240844, 0.240434, 0.240434, 0.240335, 0.240045, 0.239973, 0.144885, 0.144705, 0.144703, 0.144703, 0.144626, 0.144585, 0.144584, 0.128904, 0.128474, 0.123128, 0.123128, 0.112569, 0.112568, 0.109572, 0.109572, 0.109557, 0.109467, 0.109463, 0.289332, 0.272394, 0.272394, 0.272376, 0.272384, 0.272384, 0.273032, 0.273032, 0.273286, 0.273286
0.759452, 1.867299, 1.142054, 1.130403; 0.872266, 0.192529, 0.437902, 0.452295, 0.451010, 0.439075, 0.438574, 0.452208, 0.478815, 0.524253, 0.528109, 0.527001, 0.526038, 0.525191, 0.525743, 0.531120, 0.276113, 0.053193, 0.516435, 0.616318, 0.615412, 0.614582, 0.620045, 0.619016, 0.618141, 0.462114, 0.461601, 0.354301, 0.350275, 0.355131, 0.354812, 0.354039, 0.353310, 0.352621, 0.353544, 0.353011, 0.352428, 0.356323, 0.355685, 0.359019, 0.355271, 0.356881, 0.356353, 0.355892, 0.359191, 0.358647, 0.358779
0.433153, 0.263056, 0.263056; 0.158961, 0.159374, 0.159438, 0.159491, 0.159535, 0.179347, 0.411462, 0.422583, 0.432291, 0.426708, 0.433616, 0.403535, 0.410829, 0.416649, 0.405540, 0.409101, 0.377384, 0.365163, 0.385096, 0.386902, 0.389376, 0.390963, 0.385190, 0.386667, 0.388073, 0.389393, 0.372938, 0.374005, 0.368956, 0.369974, 0.370950, 0.372276, 0.373178, 0.376785, 0.377656, 0.377512, 0.377115, 0.377819, 0.378160, 0.375167, 0.375819, 0.376456, 0.377055, 0.377012, 0.374519, 0.375000, 0.375517, 0.376039
0.199152, 0.425482, 0.393545, 0.390311, 0.435879; 0.432349, 0.431577, 0.369390, 0.370918, 0.351223, 0.351952, 0.352165, 0.351342, 0.341594, 0.341046, 0.341305, 0.337153, 0.336951, 0.337158, 0.358433, 0.358084, 0.357538, 0.336557, 0.337084, 0.337306, 0.336787, 0.309960, 0.309958, 0.310090, 0.310196, 0.310150, 0.309790, 0.311134, 0.311222, 0.311145, 0.311201, 0.312496, 0.312493, 0.308168, 0.307081, 0.308218, 0.308353, 0.308333, 0.307298, 0.307276, 0.307206, 0.308933, 0.308234, 0.308085, 0.308081, 0.308019
0.528089, 1.246463, 1.246463; 1.020017, 0.971789, 0.275726, 0.353334, 0.340644, 0.344126, 0.344253, 0.420760, 0.422340, 0.469017, 0.474760, 0.474071, 0.467011, 0.479066, 0.478577, 0.521605, 0.636535, 0.635739, 0.638534, 0.638754, 0.617923, 0.657681, 0.676588, 0.677918, 0.677961, 0.490236, 0.493956, 0.511597, 0.454303, 0.455553, 0.458108, 0.462538, 0.470169, 0.500010, 0.498635, 0.484542, 0.526837, 0.466902, 0.495487, 0.485211, 0.484198, 0.496185, 0.511338, 0.536439, 0.546380, 0.545508, 0.545188, 0.544255
0.316664, 0.637759, 0.637759; 0.202203, 0.200921, 0.203269, 0.203626, 0.194338, 0.193826, 0.193829, 0.186282, 0.201080, 0.154313, 0.154717, 0.153741, 0.163248, 0.162526, 0.161534, 0.164455, 0.163616, 0.164873, 0.164852, 0.198081, 0.197345, 0.194859, 0.194658, 0.202753, 0.202035, 0.191919, 0.191507, 0.215069, 0.215021, 0.229822, 0.229522, 0.225492, 0.224608, 0.224549, 0.206653, 0.229417, 0.229231, 0.226958, 0.226707, 0.226519, 0.226354, 0.254371, 0.250652, 0.250377, 0.250638, 0.250438, 0.348556, 0.349310
0.885732, 0.808345; 2.028959, 2.184115, 1.793308, 1.774892, 1.588189, 1.653634, 1.722308, 0.864476, 0.796053, 0.852440, 0.795630, 0.838580, 0.792069, 0.831320, 0.922997, 0.952525, 0.912917, 0.947882, 0.912679, 0.952257, 0.920948, 0.948969, 0.921012, 0.944797, 0.920066, 0.943186, 0.959402, 0.956737, 0.940715, 0.933893, 0.908618, 0.926778, 0.908613, 0.925611, 0.910375, 0.926563, 0.920758, 0.930238, 0.915059, 0.912748, 0.899421, 0.911321, 0.898796, 0.911359, 0.894643, 0.904068, 0.891100, 0.902043, 0.893191
0.136644, 0.533615, 0.975470; 1.354028, 1.286047, 1.305076, 1.302618, 1.292985, 1.302629, 1.286087, 0.916598, 0.808801, 0.821599, 0.838572, 0.855177, 0.870004, 0.819765, 0.647870, 0.663214, 0.677505, 0.682211, 0.696152, 0.639316, 0.448928, 0.445670, 0.425979, 0.428351, 0.432930, 0.423525, 0.405071, 0.409810, 0.398927, 0.356564, 0.354535, 0.340173, 0.342458, 0.334681, 0.339236, 0.330915, 0.310559, 0.319942, 0.317956, 0.295355, 0.173945, 0.173626, 0.175978, 0.180377, 0.174509, 0.209357, 0.177006, 0.168341
2.296184, 2.197666, 2.191200, 2.194901, 2.195828; 2.197624, 2.303586, 2.305770, 2.301243, 2.302908, 2.299765, 2.305717, 2.302837, 2.302881, 2.300573, 2.302519, 2.300694, 2.301734, 2.300064, 2.304509, 2.305235, 2.303725, 2.293162, 2.291935, 2.290717, 2.309968, 2.308571, 2.309275, 2.310544, 2.309683, 2.306938, 2.304837, 2.305459, 2.304707, 2.306569, 2.305877, 2.306480, 2.306510, 2.307023, 2.306396, 2.292812, 2.292253, 2.291288, 2.291532, 2.256629, 2.253269, 2.253314, 2.253327, 2.249991, 2.249970, 2.250084
0.435380, 0.421761, 1.014311; 0.254655, 0.298273, 0.240024, 0.255150, 0.231476, 0.218148, 0.227601, 0.151698, 0.122371, 0.124484, 0.101890, 0.104585, 0.140341, 0.141431, 0.156192, 0.180595, 0.171981, 0.199776, 0.221831, 0.213110, 0.404661, 0.369745, 0.365838, 0.371768, 0.367161, 0.363464, 0.360909, 0.547739, 0.554396, 0.566040, 0.787161, 0.846125, 0.850817, 0.849844, 0.853057, 0.850375, 0.844675, 0.841828, 0.741626, 0.736965, 0.739939, 0.738722, 0.733426, 0.736553, 0.738337, 0.733859, 0.524918, 0.526589
0.263128, 0.607382, 0.605475, 0.425421, 0.418377, 0.403761; 0.397312, 0.394165, 0.397131, 0.399897, 0.393572, 0.406203, 0.409894, 0.406711, 0.409848, 0.483404, 0.472443, 0.510673, 0.512666, 0.511392, 0.512267, 0.511079, 0.511817, 0.510700, 0.509653, 0.510013, 0.509255, 0.510185, 0.509240, 0.502164, 0.502915, 0.501871, 0.498857, 0.499486, 0.496933, 0.497370, 0.484903, 0.485405, 0.484820, 0.483150, 0.483115, 0.483374, 0.482841, 0.483232, 0.482715, 0.483112, 0.467985, 0.467854, 0.467940, 0.467944, 0.468027
0.402325, 0.661067, 0.418272, 0.412505, 0.408424, 0.408059, 0.408192; 0.407785, 0.109714, 0.104380, 0.121093, 0.116258, 0.118285, 0.113429, 0.088867, 0.077472, 0.076431, 0.075452, 0.076960, 0.076047, 0.076488, 0.076439, 0.072552, 0.074312, 0.075549, 0.074843, 0.076357, 0.075706, 0.075939, 0.068522, 0.073217, 0.081495, 0.063489, 0.063314, 0.068287, 0.068144, 0.060524, 0.061042, 0.061437, 0.071298, 0.071778, 0.095281, 0.098357, 0.099173, 0.100899, 0.101713, 0.103737, 0.102915, 0.103086, 0.106638, 0.105768
0.263982, 0.369390, 0.386831, 0.386810, 0.376343; 0.376098, 0.377541, 0.377336, 0.377488, 0.377775, 0.377207, 0.372714, 0.372406, 0.372726, 0.315953, 0.310569, 0.308428, 0.302764, 0.317032, 0.308033, 0.307481, 0.305082, 0.305883, 0.307334, 0.307289, 0.307485, 0.307498, 0.307453, 0.307380, 0.306036, 0.311094, 0.310989, 0.304709, 0.304875, 0.304298, 0.304718, 0.304615, 0.304769, 0.273146, 0.277075, 0.282002, 0.280662, 0.282152, 0.282531, 0.282191, 0.281964, 0.281038, 0.282216, 0.282848, 0.282547, 0.282319
0.280326, 0.280326, 0.280326, 0.280326, 0.280326, 0.280326; 0.243140, 0.137042, 0.135540, 0.134400, 0.133819, 0.133047, 0.132401, 0.138668, 0.138142, 0.139585, 0.146751, 0.150222, 0.150113, 0.149697, 0.149382, 0.148983, 0.148620, 0.159172, 0.158889, 0.164904, 0.164735, 0.164731, 0.148340, 0.147533, 0.146288, 0.156631, 0.156879, 0.155815, 0.155778, 0.154312, 0.153710, 0.165667, 0.165646, 0.169264, 0.169681, 0.169402, 0.161678, 0.163233, 0.162995, 0.163150, 0.162341, 0.162014, 0.161271, 0.161963, 0.159398
0.174756, 0.174756, 0.174560; 0.174687, 0.174670, 0.177973, 0.179466, 0.172410, 0.172408, 0.172412, 0.408231, 0.409047, 0.403244, 0.348001, 0.022695, 0.016986, 0.012477, 0.005034, 0.001477, 0.001750, 0.013202, 0.009323, 0.006123, 0.146143, 0.145568, 0.148058, 0.158923, 0.392063, 0.392020, 0.391974, 0.391923, 0.390989, 0.390976, 0.390754, 0.390284, 0.390247, 0.390385, 0.390364, 0.390615, 0.389942, 0.368020, 0.367893, 0.364575, 0.337093, 0.335487, 0.336060, 0.335927, 0.336432, 0.336305, 0.336197, 0.332910
0.491795, 6.195698, 2.228855, 4.265619, 0.766288, 0.763495; 0.767637, 0.766961, 0.987544, 1.427460, 1.428219, 1.428277, 1.428330, 0.898340, 0.892760, 0.884182, 0.999192, 1.002370, 0.936778, 0.613633, 0.613576, 0.613848, 0.610490, 0.610451, 0.609103, 0.609049, 0.609019, 0.608991, 0.609311, 0.603336, 0.614309, 0.530257, 0.552910, 0.557337, 0.556701, 0.596200, 0.595971, 0.595505, 0.595050, 0.599812, 0.599312, 0.624296, 0.623809, 0.631418, 0.630376, 0.629639, 0.632637, 0.630816, 0.630404, 0.629631, 0.633108
0.055174, 0.674213; 0.691998, 0.546877, 0.562821, 0.549475, 0.002557, 0.002266, 0.005895, 0.005360, 0.011917, 0.003617, 0.003655, 0.003599, 0.003654, 0.003577, 0.046013, 0.035692, 0.033982, 0.036398, 0.036468, 0.035483, 0.031173, 0.028417, 0.013322, 0.014856, 0.018327, 0.017217, 0.017213, 0.007053, 0.006995, 0.005304, 0.005441, 0.005357, 0.005329, 0.005383, 0.060670, 0.062563, 0.062988, 0.059806, 0.060517, 0.060107, 0.059723, 0.060361, 0.064001, 0.065992, 0.058016, 0.032998, 0.032845, 0.033269, 0.030874
0.054181, 0.561823; 0.561823, 0.754129, 0.750005, 0.022469, 0.052463, 0.196355, 0.216131, 0.167140, 0.266339, 0.274024, 0.252415, 0.184173, 0.556959, 0.423983, 0.408749, 0.371755, 0.382122, 0.220557, 0.224295, 0.221521, 0.545133, 0.544803, 0.545377, 0.545125, 0.544841, 0.545349, 0.545078, 0.545516, 0.545262, 0.544760, 0.542941, 0.542781, 0.542393, 0.542749, 0.542550, 0.542334, 0.542713, 0.542477, 0.542778, 0.543443, 0.543247, 0.543435, 0.543278, 0.543102, 0.543409, 0.543232, 0.543059, 0.543354, 0.532799
0.347200, 0.029818; 0.029818, 0.029818, 0.029818, 0.179117, 0.201830, 0.033673, 0.033512, 0.053050, 0.052925, 0.052768, 0.052649, 0.056257, 0.074627, 0.075320, 0.075005, 0.074738, 0.075285, 0.075022, 0.074775, 0.135941, 0.131457, 0.133025, 0.129962, 0.131374, 0.129867, 0.127099, 0.128341, 0.129561, 0.126063, 0.125950, 0.126999, 0.124857, 0.125841, 0.126929, 0.127877, 0.125882, 0.066445, 0.067691, 0.064659, 0.065855, 0.066893, 0.064479, 0.065591, 0.066667, 0.064061, 0.065096, 0.066050, 0.063930, 0.082014
0.464934, 0.266425; 0.266425, 0.251615, 0.255722, 0.255922, 0.255484, 0.255690, 0.255065, 0.254516, 0.253425, 0.253498, 0.253731, 0.253583, 0.254598, 0.254169, 0.254293, 0.254608, 0.244497, 0.250710, 0.250812, 0.258483, 0.258695, 0.440155, 0.441721, 0.441632, 0.434022, 0.433462, 0.434692, 0.434173, 0.433013, 0.432473, 0.433531, 0.433134, 0.430041, 0.431022, 0.430644, 0.430294, 0.430130, 0.431005, 0.430670, 0.432284, 0.428531, 0.429304, 0.428866, 0.419019, 0.419717, 0.419450, 0.419198, 0.418957, 0.419781
0.083952, 0.633045, 0.626832, 0.315990, 0.496202; 0.520813, 0.491524, 0.367254, 0.358502, 0.342852, 0.335260, 0.373292, 0.313176, 0.287417, 0.304498, 0.312316, 0.312628, 0.339090, 0.329771, 0.333725, 0.325104, 0.332640, 0.277162, 0.273741, 0.271889, 0.270974, 0.274992, 0.310717, 0.320421, 0.313375, 0.310669, 0.310097, 0.273028, 0.271849, 0.247757, 0.217043, 0.215308, 0.213796, 0.215991, 0.205090, 0.206114, 0.213830, 0.188010, 0.199841, 0.218366, 0.217559, 0.193854, 0.193340, 0.193122, 0.194860, 0.195773
10.239417, 10.239417, 6.204270, 4.446746, 4.070173, 6.877908, 6.876069, 6.849672, 6.903866, 6.969235, 4.231052, 4.527345, 4.498075, 4.515121, 4.491328, 4.581118, 4.568113, 4.678626, 4.625563, 4.581143, 4.588789, 4.053940, 4.050709, 4.060150, 4.061271, 4.060298, 4.062808, 4.028665, 4.026664, 4.025749, 4.026133, 4.025107, 4.025077, 4.046256, 4.046289, 4.050548, 4.167146, 4.167164, 4.167582, 4.173310, 4.173939, 4.167272, 4.166981, 4.165480; 4.152198, 4.263132, 4.261471, 4.261377, 4.276671, 4.276473, 4.275130
0.626132, 0.713254, 0.716816; 0.716770, 0.715410, 0.714760, 0.618706, 0.867683, 0.859025, 0.741087, 0.742077, 0.743737, 0.746046, 0.735350, 0.735841, 0.886644, 0.891318, 0.894673, 0.898907, 0.741972, 0.730902, 0.770408, 0.759658, 0.761292, 0.762219, 0.848297, 0.847655, 0.848425, 0.847864, 0.846334, 0.845778, 0.846426, 0.761246, 0.784431, 0.784004, 0.783598, 0.783197, 0.783066, 0.790929, 0.790599, 0.786464, 0.785117, 0.785569, 0.784428, 0.778946, 0.779320, 0.781770, 0.781589, 0.779912, 0.779852, 0.748162
0.287735, 0.383886, 0.383886, 0.383901, 0.372526, 0.383885, 0.383885; 0.383885, 0.392370, 0.392387, 0.388518, 0.388134, 0.388133, 0.386868, 0.386890, 0.386889, 0.386857, 0.391503, 0.391511, 0.391445, 0.391425, 0.391310, 0.481474, 0.477763, 0.477859, 0.478050, 0.453504, 0.458836, 0.458908, 0.458985, 0.459048, 0.459107, 0.459070, 0.459119, 0.458396, 0.457665, 0.457714, 0.457775, 0.455518, 0.455591, 0.455176, 0.436680, 0.436735, 0.436787, 0.436837, 0.436829, 0.436879, 0.436922, 0.431913, 0.431769, 0.431816
0.258658, 0.535426, 0.290740, 0.242714, 0.260957, 0.283896, 0.308399; 0.176237, 0.181309, 0.188715, 0.236298, 0.213339, 0.204002, 0.202498, 0.281960, 0.284975, 0.290081, 0.285347, 0.290382, 0.216200, 0.212781, 0.192573, 0.189292, 0.192161, 0.209445, 0.254001, 0.262609, 0.256438, 0.219155, 0.209118, 0.194893, 0.193760, 0.191926, 0.189420, 0.201534, 0.199519, 0.188161, 0.189282, 0.186873, 0.240146, 0.234381, 0.230853, 0.232855, 0.266687, 0.270421, 0.268234, 0.266203, 0.270743, 0.257832, 0.250652, 0.251103
3.402134, 3.610776, 3.147894; 3.147097, 3.143554, 3.142866, 3.143062, 3.188001, 3.191804, 3.194624, 3.197315, 3.188994, 3.190673, 3.187380, 3.194213, 3.195424, 3.191041, 3.191650, 3.164150, 3.165642, 3.163472, 3.343706, 3.351741, 3.345555, 3.347305, 3.340932, 3.343259, 3.344977, 3.340055, 3.346065, 3.347653, 3.349126, 3.349170, 3.477015, 3.467426, 3.471813, 3.472348, 3.474757, 3.466422, 3.468840, 3.471010, 3.473247, 3.424976, 2.813645, 2.817084, 2.827721, 2.830421, 2.821264, 2.823979, 2.826541, 2.828966
0.126681, 0.392762; 0.059366, 0.059366, 0.151417, 0.148861, 0.156196, 0.194666, 0.194451, 0.194277, 0.194749, 0.194589, 0.194933, 0.195237, 0.144033, 0.143390, 0.143870, 0.144646, 0.144354, 0.144097, 0.154180, 0.161445, 0.161270, 0.161113, 0.155431, 0.155013, 0.154611, 0.155276, 0.156253, 0.155899, 0.155560, 0.159862, 0.160628, 0.160355, 0.160089, 0.160768, 0.142665, 0.144872, 0.144695, 0.145155, 0.144987, 0.142340, 0.144914, 0.145172, 0.145046, 0.145614, 0.145935, 0.145817, 0.146038, 0.153019, 0.153195
0.387052, 0.735896, 1.680312; 0.387052, 0.386146, 0.386167, 0.388997, 0.389042, 0.389055, 0.389046, 0.388879, 0.386588, 0.388315, 0.385365, 0.385318, 0.370333, 0.368691, 0.368350, 0.367944, 0.367648, 0.367294, 0.368831, 0.368566, 0.368245, 0.367966, 0.349178, 0.347727, 0.347524, 0.347259, 0.347048, 0.346807, 0.346519, 0.347501, 0.347921, 0.347074, 0.346893, 0.350227, 0.347712, 0.346868, 0.346714, 0.346548, 0.346405, 0.350843, 0.351004, 0.351633, 0.351486, 0.351373, 0.351262, 0.351126, 0.349478, 0.349378
0.367769, 2.762861, 0.627405, 0.627399, 0.623562, 0.618887; 0.669554, 0.621224, 0.628566, 0.635718, 0.624595, 0.629935, 0.635418, 0.632166, 0.634258, 0.639111, 0.643761, 0.603116, 0.606309, 0.608515, 0.609222, 0.611889, 0.614402, 0.616952, 0.619214, 0.621523, 0.591810, 0.588482, 0.568059, 0.552206, 0.553364, 0.553916, 0.555499, 0.557097, 0.557138, 0.558661, 0.560191, 0.552129, 0.553442, 0.540918, 0.541842, 0.542850, 0.541539, 0.542689, 0.543835, 0.544862, 0.530517, 0.543799, 0.541991, 0.542976, 0.533764
0.659155, 1.425731, 1.425731; 1.425731, 1.425731, 0.843775, 0.843501, 0.844587, 0.848085, 0.847787, 0.847563, 0.847265, 0.849664, 0.870583, 0.871418, 0.871325, 0.871716, 0.871609, 0.871514, 0.870946, 0.871266, 0.871168, 0.871062, 0.870982, 0.943357, 0.944128, 0.943871, 0.943663, 0.932049, 0.933143, 0.932824, 0.932523, 0.932237, 0.932140, 0.933076, 0.932807, 0.932551, 0.932259, 0.928626, 0.925514, 0.925264, 0.924924, 0.925725, 0.925483, 0.925256, 0.925037, 0.913280, 0.913918, 0.913732, 0.913559, 0.913387
4.423753, 5.042052; 3.192900, 3.301639, 3.136201, 3.675033, 3.650711, 3.632103, 3.663083, 3.484561, 3.470934, 3.472273, 3.468817, 3.714943, 3.710738, 3.720198, 3.852127, 3.844235, 3.861198, 3.855428, 3.850303, 3.717869, 3.713511, 3.709539, 3.717068, 3.727191, 3.826857, 3.840094, 3.800343, 4.434076, 4.437278, 4.431735, 4.428377, 4.424790, 4.432508, 4.429050, 4.429523, 4.436577, 4.425812, 4.342689, 4.348023, 4.344625, 4.366295, 4.366682, 4.364035, 4.359277, 4.364515, 4.362082, 4.359748, 4.414468, 4.412039
3.957597, 3.206307, 3.206307, 3.206307, 3.206307, 3.206307, 3.206307, 3.206307; 3.161171, 3.173756, 3.172514, 3.169928, 3.202218, 3.202161, 3.202688, 3.202768, 3.202868, 3.202795, 3.202741, 3.202792, 3.202753, 3.202674, 3.204361, 3.204352, 3.204385, 3.204365, 3.204335, 3.204253, 3.204212, 3.203956, 3.203922, 3.203899, 3.204210, 3.204191, 3.204182, 3.204474, 3.204451, 3.204432, 3.204446, 3.204448, 3.204445, 3.204425, 3.204480, 3.204469, 3.204447, 3.204343, 3.204336, 3.199289, 3.199277, 3.200233, 3.200272
0.140720, 0.073080; 0.073080, 0.070789, 0.051468, 0.017640, 0.028872, 0.027762, 0.025765, 0.037893, 0.093894, 0.047150, 0.049947, 0.055990, 0.054505, 0.034831, 0.028872, 0.022667, 0.019862, 0.021859, 0.023268, 0.082450, 0.079608, 0.081649, 0.077231, 0.094285, 0.094358, 0.093349, 0.088986, 0.090453, 0.081007, 0.080766, 0.077122, 0.078489, 0.188905, 0.185921, 0.187054, 0.013148, 0.003869, 0.029255, 0.028705, 0.029412, 0.013840, 0.012917, 0.013542, 0.014483, 0.012857, 0.010646, 0.000779, 0.001347, 0.000161
0.363200, 0.304950; 0.305193, 0.245837, 0.246541, 0.294933, 0.319343, 0.335735, 0.340673, 0.324096, 0.320274, 0.321394, 0.322383, 0.323998, 0.324807, 0.325592, 0.326235, 0.316142, 0.325913, 0.326368, 0.327629, 0.335726, 0.333179, 0.333787, 0.332243, 0.384844, 0.375124, 0.375101, 0.374737, 0.389385, 0.389408, 0.389597, 0.393892, 0.394474, 0.392991, 0.393048, 0.393127, 0.391042, 0.390993, 0.391015, 0.391224, 0.391426, 0.385703, 0.385436, 0.384756, 0.382299, 0.381936, 0.378594, 0.378530, 0.378652, 0.378291
0.385244, 0.385244, 0.446112; 0.443360, 0.145066, 0.137915, 0.127269, 0.127307, 0.126806, 0.125942, 0.115141, 0.115215, 0.115274, 0.140049, 0.162637, 0.163175, 0.163632, 0.162749, 0.163101, 0.163415, 0.163506, 0.163874, 0.164183, 0.161661, 0.162143, 0.161136, 0.162252, 0.163258, 0.163598, 0.163642, 0.169276, 0.168860, 0.168915, 0.174807, 0.176143, 0.176103, 0.175700, 0.175855, 0.176011, 0.174876, 0.174939, 0.175245, 0.174534, 0.172667, 0.172462, 0.172622, 0.172727, 0.172812, 0.172925, 0.173042, 0.172942
0.095414, 0.095414; 0.831502, 0.894460, 0.394160, 0.547617, 0.507310, 0.522106, 0.532580, 0.641855, 0.617046, 0.624329, 0.651310, 0.658711, 0.668868, 0.404819, 0.391214, 0.342289, 0.338827, 0.237297, 0.218921, 0.220575, 0.222786, 0.225358, 0.172898, 0.175086, 0.173229, 0.162036, 0.152598, 0.153870, 0.154627, 0.159381, 0.156488, 0.156434, 0.143122, 0.142584, 0.147037, 0.151718, 0.152033, 0.151227, 0.154289, 0.154608, 0.147311, 0.146555, 0.146838, 0.147110, 0.146423, 0.186354, 0.196122, 0.210078, 0.209942
0.613496, 0.593537, 0.597595, 0.759923, 0.904932; 0.890452, 0.898421, 0.893032, 0.887631, 0.891192, 0.899242, 0.894344, 0.894153, 0.896236, 0.886977, 0.887741, 0.884883, 0.886544, 0.874545, 0.875989, 0.877216, 0.867170, 0.865325, 0.863766, 0.864905, 0.865732, 0.865348, 0.865937, 0.848588, 0.847685, 0.847768, 0.848428, 0.849084, 0.848941, 0.847132, 0.834059, 0.834205, 0.834155, 0.834311, 0.834148, 0.834735, 0.834549, 0.834999, 0.834848, 0.835016, 0.835103, 0.835148, 0.834988, 0.834853, 0.835046, 0.835459
0.050671, 0.515250, 0.000508, 0.011551; 0.010976, 0.011981, 0.015610, 0.015747, 0.052454, 0.052432, 0.052323, 0.052458, 0.075657, 0.078340, 0.039726, 0.040162, 0.040135, 0.034983, 0.026736, 0.026519, 0.031602, 0.031425, 0.031035, 0.030868, 0.030706, 0.030547, 0.031450, 0.031323, 0.031129, 0.026376, 0.026285, 0.019789, 0.020057, 0.020527, 0.020457, 0.015557, 0.015491, 0.015428, 0.015366, 0.019527, 0.019469, 0.019816, 0.013410, 0.013120, 0.013075, 0.013031, 0.012985, 0.012938, 0.013214, 0.013172, 0.013133
0.521168, 0.534995, 0.535094, 0.534513; 0.535504, 0.296038, 0.295188, 0.283185, 0.282074, 0.299358, 0.297693, 0.284771, 0.283755, 0.284595, 0.283679, 0.282957, 0.261046, 0.261278, 0.259964, 0.257475, 0.260877, 0.259688, 0.245271, 0.242670, 0.241490, 0.248433, 0.247385, 0.247573, 0.246585, 0.245266, 0.288322, 0.288225, 0.302710, 0.301920, 0.303599, 0.302841, 0.303090, 0.302369, 0.301744, 0.303198, 0.348325, 0.347952, 0.347603, 0.345771, 0.345421, 0.346314, 0.345970, 0.345648, 0.346462, 0.346142, 0.346359
6.056478, 6.056478, 0.506342, 0.506396, 1.513941, 1.513986, 1.528906, 1.671219, 1.671951, 1.808459, 1.811557; 1.787542, 1.798689, 1.799439, 1.865630, 1.865970, 1.866257, 1.867199, 1.867567, 1.869890, 1.870051, 1.871187, 1.930321, 1.930390, 1.936677, 1.938242, 0.234650, 0.239966, 0.246060, 0.247636, 0.247020, 0.246325, 0.250920, 0.269682, 0.268678, 0.267618, 0.268072, 0.272138, 0.271239, 0.270286, 0.269567, 0.278365, 0.283001, 0.299003, 0.322550, 0.316441, 0.322206, 0.323650, 0.323297, 0.328418, 0.327981
0.618574, 0.616064, 0.617099, 0.692581; 0.838382, 0.795090, 1.883137, 1.364845, 0.932712, 0.558909, 0.558837, 0.558908, 0.558196, 0.558281, 0.558229, 0.548660, 0.545693, 0.545549, 0.546719, 0.547096, 0.547190, 0.545158, 0.548306, 0.547721, 0.547636, 0.544449, 0.544270, 0.543607, 0.585657, 0.585872, 0.587262, 0.587929, 0.588104, 0.584292, 0.585481, 0.586102, 0.586258, 0.586368, 0.618048, 0.615639, 0.592107, 0.590919, 0.581065, 0.579645, 0.578721, 0.584717, 0.638527, 0.637264, 0.636219, 0.635320, 0.630382
0.290915, 0.642761; 0.643448, 0.292099, 0.254774, 0.278991, 0.278603, 0.296374, 0.363114, 0.182114, 0.177695, 0.175721, 0.191140, 0.230490, 0.232470, 0.525759, 0.530987, 0.524482, 0.363896, 0.354511, 0.358929, 0.347563, 0.357262, 0.365891, 0.350285, 0.358814, 0.389027, 0.395921, 0.388004, 0.398631, 0.391315, 0.397020, 0.390394, 0.395889, 0.398856, 0.396379, 0.401307, 0.462686, 0.466321, 0.461045, 0.465360, 0.463995, 0.468017, 0.464625, 0.469067, 0.472728, 0.486741, 0.487408, 0.483441, 0.486593, 0.487188
0.236002, 0.203223; 0.061791, 0.002466, 0.017982, 0.031091, 0.022433, 0.025056, 0.076197, 0.073886, 0.070262, 0.333968, 0.293912, 0.264789, 0.263597, 0.262732, 0.260374, 0.272280, 0.897460, 0.911922, 0.924762, 0.890672, 0.902126, 0.913450, 0.879832, 0.888115, 0.898034, 0.892805, 0.868220, 0.872675, 0.880510, 0.892227, 0.870565, 0.878419, 0.885343, 0.468273, 0.473499, 0.476121, 0.478823, 0.468667, 0.467265, 0.470896, 0.467926, 0.458790, 0.462097, 0.465171, 0.459304, 0.462366, 0.463734, 0.466698, 0.458957
0.161219, 0.161219, 0.062757, 0.097032, 0.096967, 0.097222; 0.096224, 0.081217, 0.081309, 0.105734, 0.105661, 0.116554, 0.115848, 0.118872, 0.118518, 0.099504, 0.093752, 0.095283, 0.100298, 0.088585, 0.084203, 0.100930, 0.101050, 0.101051, 0.100923, 0.100804, 0.100736, 0.100920, 0.103442, 0.164773, 0.164760, 0.164748, 0.164685, 0.164673, 0.164622, 0.154503, 0.154481, 0.153850, 0.144464, 0.144682, 0.145246, 0.137190, 0.137157, 0.125848, 0.125802, 0.124569, 0.124501, 0.124460, 0.121091, 0.121418, 0.117452
2.334333, 3.317258, 3.329399, 2.872820; 2.981323, 2.957748, 2.809480, 2.795338, 2.807119, 2.807041, 2.801821, 2.797171, 2.822759, 2.822709, 2.858886, 2.857504, 2.853805, 2.851044, 2.849712, 2.849437, 2.850367, 2.809822, 2.807955, 2.804640, 2.843661, 2.839249, 2.840476, 2.836306, 2.823066, 2.820424, 2.819926, 2.819071, 2.816584, 2.810757, 2.776600, 2.774492, 2.772760, 2.769418, 2.766957, 2.770796, 2.752641, 2.750836, 2.782791, 2.783438, 2.782344, 2.784583, 2.784695, 2.785186, 2.784169, 2.790097, 2.784580
0.143677, 0.202267, 0.034579; 0.010380, 0.030448, 0.026606, 0.023885, 0.022274, 0.055163, 0.064289, 0.062212, 0.062085, 0.087174, 0.087549, 0.093026, 0.094950, 0.093880, 0.082485, 0.081270, 0.081175, 0.072797, 0.073850, 0.088656, 0.087286, 0.086119, 0.060901, 0.061263, 0.063150, 0.061576, 0.059211, 0.063478, 0.053497, 0.052389, 0.054707, 0.053752, 0.054203, 0.060846, 0.059283, 0.031937, 0.030831, 0.029307, 0.026327, 0.029959, 0.034247, 0.032315, 0.032925, 0.031678, 0.041097, 0.041046, 0.032203, 0.031847
0.168052, 0.577162, 0.577162; 0.300883, 0.778648, 1.017128, 0.580390, 0.578368, 0.575563, 0.561344, 0.565366, 0.564541, 0.563260, 0.517438, 0.329171, 0.101305, 0.100646, 0.100046, 0.099540, 0.101290, 0.102361, 0.102865, 0.102440, 0.102539, 0.102133, 0.104244, 0.169035, 0.173083, 0.172921, 0.172683, 0.200662, 0.441111, 0.448701, 0.455849, 0.435113, 0.442037, 0.395053, 0.395548, 0.393436, 0.399726, 0.405781, 0.409822, 0.401010, 0.403753, 0.364580, 0.345693, 0.260610, 0.234520, 0.165842, 0.175312, 0.179386
0.580288, 1.332411, 1.332411, 0.681552, 0.686658, 0.700561, 0.699782, 0.698182, 0.587504, 0.586704, 0.587404; 0.588484, 0.534697, 0.536678, 0.536620, 0.536563, 0.519100, 0.527640, 0.527485, 0.527555, 0.527307, 0.527384, 0.527893, 0.528323, 0.523546, 0.524045, 0.523948, 0.521140, 0.521141, 0.521359, 0.554437, 0.554494, 0.554744, 0.560927, 0.560998, 0.561080, 0.558644, 0.560059, 0.559145, 0.559668, 0.570685, 0.570627, 0.590053, 0.588884, 0.581844, 0.631488, 0.631315, 0.627861, 0.630471, 0.630262, 0.625353
0.061081, 0.061081; 0.063134, 0.061378, 0.059136, 0.059155, 0.059106, 0.059267, 0.059279, 0.064272, 0.064423, 0.064332, 0.063976, 0.069472, 0.071034, 0.070860, 0.070710, 0.071107, 0.066889, 0.066782, 0.068464, 0.071358, 0.071221, 0.071092, 0.070909, 0.070790, 0.070683, 0.070680, 0.070945, 0.070845, 0.027131, 0.024354, 0.023206, 0.024112, 0.001590, 0.000881, 0.000308, 0.000833, 0.000714, 0.001518, 0.261852, 0.261403, 0.260970, 0.262121, 0.263991, 0.263601, 0.264605, 0.264224, 0.263856, 0.263525, 0.264466
0.421496, 0.609347, 0.609346, 0.609345, 0.609345, 0.608851, 0.524709, 0.559015, 0.560044, 0.561748, 0.560923; 0.560150, 0.562689, 0.596672, 0.596592, 0.595746, 0.595843, 0.595650, 0.596163, 0.596027, 0.595941, 0.596022, 0.596454, 0.595966, 0.595839, 0.595719, 0.595957, 0.594615, 0.595276, 0.600578, 0.600908, 0.601060, 0.600544, 0.600850, 0.600848, 0.600843, 0.601104, 0.601371, 0.601515, 0.601620, 0.602103, 0.602092, 0.602308, 0.602443, 0.602504, 0.602712, 0.602934, 0.601163, 0.601297, 0.601398, 0.601249
4.679558, 4.384805, 4.679520, 4.679535, 5.162326, 5.192330; 5.142647, 5.189263, 5.170431, 5.198570, 5.141894, 4.550298, 4.640539, 4.631794, 4.633456, 4.654289, 4.638827, 4.637540, 4.631483, 4.648984, 4.634895, 4.633513, 4.622622, 4.618137, 4.574647, 4.533499, 4.532524, 4.544928, 4.542786, 4.540248, 4.539387, 4.552522, 4.557451, 4.555528, 4.554941, 4.558166, 4.563663, 4.567397, 4.565909, 4.565382, 4.568710, 4.444531, 4.451827, 4.451069, 4.453808, 4.454920, 4.454963, 4.453911, 4.456489, 4.443674, 4.452232
0.000000, 0.000000, 0.000000, 0.000000, 0.000000, 0.000000, 0.000000, 0.000000, 0.000000, 0.000000, 0.000000, 0.000000, 1.156360, 1.161228, 1.140021, 1.145658, 1.145082, 1.149922; 1.126559, 1.125603, 1.096358, 1.098737, 1.099365, 1.100031, 1.103463, 1.106503, 1.105206, 1.106267, 1.109124, 1.111868, 1.103294, 1.104480, 1.106866, 1.109300, 1.110902, 1.108835, 1.078609, 1.080823, 1.080299, 1.077316, 1.079352, 1.081329, 1.069050, 1.069677, 1.070906, 1.070347, 1.072082, 1.071267, 1.072932, 1.073991, 1.075536
2.370026, 2.356572, 2.156518, 2.438205, 2.440231; 2.189193, 2.187950, 2.198476, 2.197425, 2.201786, 2.200602, 2.202622, 2.201695, 2.122653, 2.123813, 2.124872, 2.122482, 2.125930, 2.127121, 2.133931, 2.134686, 2.137330, 2.137264, 2.137784, 2.138272, 2.188429, 2.188823, 2.177541, 2.179727, 2.179413, 2.179805, 2.178098, 2.180395, 2.189472, 2.189812, 2.190054, 2.189945, 2.192534, 2.191380, 2.191677, 2.188829, 2.201786, 2.201794, 2.201943, 2.203429, 2.219898, 2.221673, 2.213871, 2.213955, 2.214352, 2.214429
0.760097, 0.900968, 0.460270; 0.460262, 0.464290, 0.463478, 0.463479, 0.463707, 0.463704, 0.413698, 0.407027, 0.406965, 0.406744, 0.406712, 0.406530, 0.417338, 0.417241, 0.416988, 0.416923, 0.416338, 0.416297, 0.416820, 0.416822, 0.416787, 0.414400, 0.415149, 0.415307, 0.429848, 0.422635, 0.422662, 0.422779, 0.422631, 0.422851, 0.422307, 0.422322, 0.422406, 0.422570, 0.422539, 0.422487, 0.422504, 0.422471, 0.422487, 0.422460, 0.423516, 0.421632, 0.421599, 0.421606, 0.421613, 0.421594, 0.422020, 0.422026
0.437771, 0.600386, 0.387145, 0.387145; 0.387274, 0.387261, 0.397014, 0.397442, 0.397198, 0.396814, 0.404620, 0.405143, 0.404847, 0.404858, 0.408145, 0.408218, 0.410917, 0.391099, 0.391486, 0.390666, 0.390772, 0.398520, 0.398821, 0.405455, 0.407101, 0.407211, 0.406809, 0.406901, 0.407634, 0.407849, 0.409056, 0.410053, 0.411829, 0.411540, 0.410458, 0.413635, 0.421756, 0.421369, 0.421213, 0.421369, 0.419790, 0.419046, 0.417588, 0.417423, 0.417482, 0.418477, 0.418280, 0.418470, 0.450122, 0.450294, 0.446915
0.370544, 0.508429, 0.509333, 0.298749, 0.298665, 0.298627, 0.298594; 0.298963, 0.298880, 0.298960, 0.299046, 0.298992, 0.299053, 0.299058, 0.299019, 0.298548, 0.387614, 0.383144, 0.381706, 0.382277, 0.382157, 0.386993, 0.388040, 0.387156, 0.384587, 0.383602, 0.382846, 0.383096, 0.383956, 0.383955, 0.384182, 0.384183, 0.384380, 0.383761, 0.385073, 0.385251, 0.384697, 0.384872, 0.384884, 0.385032, 0.385030, 0.385092, 0.384639, 0.385485, 0.385467, 0.385607, 0.385736, 0.385622, 0.385753, 0.381175, 0.380851
