0.149630, 0.043612, 0.043883, 0.043909; 0.047407, 0.047594, 0.047700, 0.083613, 0.084025, 0.084301, 0.084553, 0.084758, 0.084014, 0.085560, 0.102906, 0.107216, 0.107321, 0.109688, 0.117755, 0.123410, 0.123559, 0.123804, 0.123508, 0.129870, 0.129837, 0.129801, 0.129816, 0.108400, 0.110154, 0.110634, 0.110726, 0.110815, 0.110785, 0.110845, 0.110824, 0.109219, 0.109619, 0.109608, 0.141274, 0.141272, 0.141502, 0.141492, 0.141509, 0.141320, 0.141249, 0.141363, 0.141355, 0.141347, 0.142421, 0.142406, 0.142083
0.019757, 0.049631; 0.047645, 0.047004, 0.046532, 0.047577, 0.047315, 0.047079, 0.047486, 0.047315, 0.047251, 0.047524, 0.047403, 0.047288, 0.047179, 0.047403, 0.047310, 0.047221, 0.047389, 0.047311, 0.044337, 0.044535, 0.044448, 0.044364, 0.044533, 0.044457, 0.044383, 0.044533, 0.044465, 0.044399, 0.044539, 0.044478, 0.044418, 0.042166, 0.042088, 0.042013, 0.041941, 0.042094, 0.041803, 0.041739, 0.041874, 0.041813, 0.041753, 0.011955, 0.011628, 0.011310, 0.011977, 0.011638, 0.011344, 0.012089, 0.011799
7.247545, 7.795040, 7.795040, 7.363170, 7.476582, 7.477885, 2.981306, 2.936696, 2.894241, 2.862596, 2.870966, 2.926694, 2.908509, 2.892346, 2.842849, 2.829112, 2.797909, 0.999555, 1.008016, 0.994387, 0.998590, 1.001018, 0.976264, 0.759042; 0.751185, 0.753047, 0.754899, 0.752303, 0.754159, 1.094960, 1.093121, 1.091437, 1.093793, 0.629394, 0.622940, 0.607872, 0.604913, 0.614512, 0.609659, 0.605528, 0.607245, 0.603987, 0.600996, 0.605952, 0.595141, 0.600717, 0.597884, 0.595176, 0.600141, 0.593547, 0.591035
0.052412, 0.003695; 0.099248, 0.137486, 0.152886, 0.099171, 0.067607, 0.076281, 0.084465, 0.091433, 0.073051, 0.117452, 0.121086, 0.112215, 0.110461, 0.135932, 0.137891, 0.132785, 0.134565, 0.102916, 0.103556, 0.101096, 0.102689, 0.104161, 0.102691, 0.103600, 0.104567, 0.107069, 0.105786, 0.106258, 0.106660, 0.107100, 0.095672, 0.095630, 0.095825, 0.098472, 0.098800, 0.099170, 0.099386, 0.098542, 0.097007, 0.097174, 0.081237, 0.080774, 0.080325, 0.080491, 0.080498, 0.078511, 0.077484, 0.077607, 0.077197
1.937719, 3.521634, 1.891275, 1.806728, 1.914813, 0.828975, 0.883027, 0.889229, 0.529487; 0.524150, 0.297808, 0.416964, 0.446291, 0.421032, 0.457725, 0.460848, 0.480199, 0.463743, 0.480615, 0.463597, 0.412487, 0.401911, 0.365369, 0.250118, 0.232394, 0.232428, 0.234263, 0.231715, 0.233948, 0.223592, 0.225778, 0.223582, 0.223868, 0.219313, 0.230746, 0.232944, 0.230695, 0.232400, 0.275229, 0.275614, 0.272999, 0.277701, 0.275311, 0.277621, 0.298412, 0.281756, 0.280534, 0.287349, 0.285503, 0.285363, 0.283922
0.488971, 0.173507; 0.039548, 0.444304, 0.444877, 0.444341, 0.444246, 0.444214, 0.444345, 0.444334, 0.444212, 0.444175, 0.444240, 0.465792, 0.404028, 0.135574, 0.133208, 0.128977, 0.138967, 0.134527, 0.130897, 0.383337, 0.383498, 0.383454, 0.371449, 0.371539, 0.371620, 0.371449, 0.357468, 0.357763, 0.356956, 0.357251, 0.357525, 0.357777, 0.355408, 0.355668, 0.355910, 0.355386, 0.357581, 0.357804, 0.314650, 0.314866, 0.315034, 0.314597, 0.314764, 0.314921, 0.314586, 0.314742, 0.314890, 0.314576, 0.314723
0.051293, 0.000000, 0.000000, -0.000000, 0.000000, 0.000000, -0.000000, -0.000000, -0.000000, 0.000000, 0.000000, 0.000000, 0.000000, 0.000000; 0.000000, 0.000000, 0.000000, 0.000000, 0.000000, 0.000000, 0.000000, 0.000000, 0.000000, -0.000000, 0.000000, -0.000000, 0.000000, -0.000000, -0.000000, 0.000000, 0.000000, 0.000000, -0.000000, 0.000000, 0.000000, 0.000000, -0.000000, 0.000000, 0.008199, 0.008367, 0.008354, 0.008398, 0.008411, 0.008204, 0.008354, 0.007304, 0.007438, 0.006772, 0.006883, 0.006900, 0.005385
2.995732, 23.025851, 1.971499, 1.971499, 2.367585, 2.443373; 2.324152, 2.488425, 2.517397, 2.532563, 2.580057, 2.644948, 2.650484, 2.660311, 2.662569, 2.711489, 3.218833, 2.689873, 2.676725, 2.493975, 2.482841, 2.070330, 2.059250, 2.083526, 2.143181, 2.132991, 1.429595, 1.581502, 1.692654, 1.692988, 1.683234, 1.673567, 1.703363, 1.695158, 1.678189, 1.679230, 1.204503, 1.203111, 1.201496, 1.261034, 1.255940, 1.248589, 1.242232, 1.235912, 1.230606, 1.236596, 1.230832, 1.266601, 1.220377, 1.214986, 1.271749
0.008406, 0.028800; 0.028713, 0.027232, 0.000246, 0.023609, 0.023719, 0.023790, 0.024457, 0.025190, 0.025458, 0.025361, 0.025409, 0.011077, 0.010833, 0.012814, 0.013122, 0.013205, 0.013036, 0.020139, 0.020159, 0.020185, 0.020206, 0.020435, 0.020386, 0.020408, 0.020463, 0.020421, 0.020440, 0.020459, 0.020424, 0.023490, 0.023505, 0.023480, 0.023492, 0.001672, 0.005866, 0.005699, 0.005772, 0.006300, 0.006169, 0.006449, 0.006516, 0.006374, 0.006440, 0.006502, 0.006369, 0.006392, 0.006449, 0.006325, 0.006432
0.093915, 0.125883, 0.125881, 0.030019, 0.040178, 0.067627; 0.054190, 0.058688, 0.058062, 0.062193, 0.064538, 0.064197, 0.064577, 0.064348, 0.068968, 0.069611, 0.069492, 0.074834, 0.074745, 0.074866, 0.074690, 0.133869, 0.133574, 0.133868, 0.135207, 0.132687, 0.133855, 0.128835, 0.129147, 0.129779, 0.129861, 0.129688, 0.129806, 0.129494, 0.129293, 0.129397, 0.129208, 0.129288, 0.130321, 0.130162, 0.130176, 0.130607, 0.130647, 0.130505, 0.131246, 0.131159, 0.131180, 0.131777, 0.129561, 0.129020, 0.128936
1.146056, 0.919951, 0.416755, 0.479970, 2.237851, 2.101879, 2.316963, 2.025797, 1.975803, 2.156078, 0.599350, 0.646603, 0.684898, 0.656879, 0.658806, 0.680611, 0.664248, 0.669875, 0.697379, 0.852172, 0.676897, 0.703189, 0.773887; 0.820754, 0.840944, 0.834256, 0.744382, 0.735741, 0.727596, 0.731954, 0.749589, 0.743341, 0.757666, 0.780241, 0.769173, 0.781188, 0.864336, 0.858255, 0.873576, 0.866921, 0.863133, 0.877575, 0.870817, 0.839498, 0.853255, 0.847212, 0.832495, 0.845390, 0.849523, 0.843062, 0.859323
0.916291, 1.897120, 2.017200, 2.106233, 2.130504, 1.286448, 1.319766, 1.331946, 1.406815, 2.105933, 2.093588, 1.529902, 1.393834, 1.393189, 1.379323, 1.378485, 1.380083, 1.374037, 1.373473, 1.372913, 1.372843, 1.371807, 1.376942, 1.381605; 1.381009, 1.383070, 1.382748, 1.384585, 1.384133, 1.383137, 1.382975, 1.382803, 1.380621, 1.386177, 1.385935, 1.385192, 1.384954, 1.390427, 1.388879, 1.388807, 1.423847, 1.425217, 1.441732, 1.443914, 1.442329, 1.443272, 1.463408, 1.463752, 1.460037, 1.461082, 1.461865
0.000012, 0.006348; 0.562101, 0.226208, 0.015531, 0.015505, 0.015514, 0.015523, 0.001982, 0.001285, 0.001545, 0.001781, 0.000303, 0.000246, 0.000320, 0.000122, 0.000190, 0.000162, 0.000113, 0.000043, 0.001528, 0.001598, 0.001442, 0.096185, 0.095017, 0.097575, 0.096440, 0.095386, 0.093993, 0.096244, 0.095298, 0.094414, 0.096442, 0.095577, 0.094762, 0.096605, 0.095791, 0.095036, 0.094319, 0.096044, 0.095342, 0.094673, 0.096212, 0.095552, 0.088913, 0.090254, 0.089674, 0.075299, 0.074848, 0.075900, 0.075368
0.093878, 0.009216; 1.341754, 1.331355, 1.356171, 1.369108, 1.330135, 0.969448, 0.977422, 0.976633, 0.763306, 0.765993, 0.719147, 0.710991, 0.692500, 0.690320, 0.693169, 0.685309, 0.688248, 0.679936, 0.505893, 0.485416, 0.486024, 0.489535, 0.480615, 0.423812, 0.426466, 0.428820, 0.422430, 0.424790, 0.417257, 0.419859, 0.412821, 0.412669, 0.414727, 0.409315, 0.411354, 0.413386, 0.415231, 0.410366, 0.423184, 0.364281, 0.307272, 0.302861, 0.420369, 0.421944, 0.418369, 0.420460, 0.421953, 0.415556, 0.411666
0.000000, 0.000000, 0.000000, 0.000000, 0.000000, 0.000000, 0.000000, 0.000000, 0.000000, 0.000031, 0.000030, 0.000024, 0.000018, 0.000019, 0.000017, 0.000017, 0.000017, 0.000017; 0.000016, 0.000016, 0.000016, 0.000016, 0.000016, 0.000015, 0.000015, 0.000028, 0.000027, 0.000027, 0.000027, 0.000027, 0.000024, 0.000024, 0.000023, 0.000023, 0.000023, 0.000023, 0.000022, 0.000022, 0.000022, 0.000016, 0.000016, 0.000016, 0.000016, 0.000015, 0.000015, 0.000014, 0.000014, 0.000014, 0.000014, 0.000014, 0.000013
0.001209, 0.009151; 0.009153, 0.009147, 0.009367, 0.007410, 0.007391, 0.007379, 0.007371, 0.007400, 0.007874, 0.008241, 0.008209, 0.008212, 0.008224, 0.008383, 0.008360, 0.008418, 0.009249, 0.009226, 0.009251, 0.009274, 0.009222, 0.008794, 0.008794, 0.008748, 0.009154, 0.009174, 0.009192, 0.009464, 0.009482, 0.009499, 0.028529, 0.028895, 0.025999, 0.025853, 0.025816, 0.026056, 0.026287, 0.025754, 0.025202, 0.025154, 0.025018, 0.025214, 0.025496, 0.025070, 0.024918, 0.024579, 0.020088, 0.019756, 0.019632
0.000722, 0.000722, 0.010357; 0.040812, 0.045488, 0.048450, 0.044310, 0.039244, 0.002969, 0.003341, 0.001954, 0.001686, 0.001774, 0.001814, 0.001803, 0.011791, 0.012272, 0.012701, 0.001287, 0.000863, 0.000998, 0.001138, 0.001462, 0.001064, 0.001186, 0.001303, 0.001419, 0.001206, 0.001315, 0.001392, 0.001522, 0.002260, 0.002332, 0.002420, 0.002520, 0.002225, 0.002321, 0.002418, 0.002459, 0.002226, 0.002308, 0.002379, 0.024623, 0.024179, 0.024334, 0.024360, 0.024500, 0.023129, 0.023268, 0.023351, 0.023478
0.022435, 0.000690, 0.022409; 0.543588, 0.543588, 0.542897, 0.095116, 0.059477, 0.066210, 0.072478, 0.022453, 0.022448, 0.022449, 0.022189, 0.022187, 0.023322, 0.059107, 0.089492, 0.089499, 0.492220, 0.487629, 0.421323, 0.423214, 0.417236, 0.417329, 0.419068, 0.420647, 0.417144, 0.418809, 0.393098, 0.394845, 0.389081, 0.390861, 0.392519, 0.394066, 0.389285, 0.390861, 0.392340, 0.393684, 0.389400, 0.390814, 0.392149, 0.393412, 0.375787, 0.377048, 0.378248, 0.379389, 0.375894, 0.391029, 0.391964, 0.392858
0.000000, 0.000000, 0.000000, 0.000000, 0.037509, 0.037596, 0.037557, 0.029947, 0.022533, 0.024691, 0.102809, 0.086496, 0.093357, 0.098872, 0.105151, 0.008063, 0.008285, 0.008585, 0.008920, 0.009214; 0.004011, 0.009212, 0.009239, 0.009243, 0.009331, 0.009368, 0.010665, 0.010081, 0.009971, 0.010060, 0.010021, 0.009734, 0.009811, 0.009480, 0.008570, 0.007863, 0.007203, 0.007263, 0.007286, 0.007214, 0.007796, 0.007042, 0.007660, 0.007259, 0.007308, 0.006462, 0.006593, 0.006627, 0.006660, 0.006679, 0.006565
0.145982, 1.012430, 7.191779, 1.185819, 1.181408, 1.166810, 1.074619, 1.076027, 1.009577, 1.010431, 1.010460, 1.010675, 1.010259, 1.010303, 1.010164, 1.010154, 1.010162, 1.012456, 1.012504, 1.012411, 1.012903, 1.013042, 1.013024, 1.012909, 1.016322, 1.011553, 1.038354, 1.035378, 1.034228, 1.034757, 1.033520, 1.033015, 1.032141, 1.041222, 1.041409, 1.041724, 1.042205, 1.042532, 1.041880, 1.041959, 1.041581; 1.041064, 1.041718, 1.042261, 1.043050, 1.047041, 1.047094, 1.047511, 1.047741, 1.049752, 1.018183
0.011588, 0.150677, 0.016872; 0.003210, 0.002126, 0.109241, 0.106731, 0.105157, 0.101522, 0.107329, 0.098424, 0.098479, 0.097787, 0.097296, 0.107742, 0.035653, 0.036668, 0.036589, 0.036606, 0.037324, 0.035785, 0.022312, 0.022582, 0.022297, 0.022394, 0.023181, 0.039158, 0.038846, 0.038552, 0.038350, 0.038113, 0.038963, 0.038799, 0.038560, 0.038331, 0.038106, 0.034365, 0.034026, 0.033876, 0.027111, 0.026912, 0.026672, 0.027549, 0.029213, 0.028996, 0.024138, 0.024371, 0.020867, 0.017057, 0.017342, 0.017616
0.356675, 0.430783, 0.430787, 0.439461, 0.440260, 0.440450, 0.440484; 0.441230, 0.441223, 0.441218, 0.584697, 0.590098, 0.580606, 0.586363, 0.591072, 0.949936, 0.931406, 0.868539, 0.815719, 0.816897, 0.814361, 0.794162, 0.795088, 0.793494, 0.794458, 0.795260, 0.793213, 0.793943, 0.795599, 0.796333, 0.796438, 0.795872, 0.796524, 0.797127, 0.796045, 0.796635, 0.790417, 0.791010, 0.751242, 0.750223, 0.750593, 0.750946, 0.750546, 0.719882, 0.719406, 0.719768, 0.720114, 0.674574, 0.675131, 0.675666, 0.674811
0.310793, 3.699128, 1.015544, 1.324517, 0.942070, 0.330671, 0.563816, 0.568609, 0.791558, 0.604120, 0.565374, 0.576995, 0.602206, 0.609385, 0.621175, 0.619781, 0.611630, 0.621391, 0.619132, 0.100737, 0.101159; 0.104626, 0.096653, 0.098483, 0.090984, 0.021123, 0.016594, 0.017821, 0.016031, 0.011781, 0.013190, 0.012041, 0.028279, 0.029711, 0.031895, 0.031220, 0.033574, 0.032692, 0.034850, 0.034877, 0.034542, 0.036505, 0.068208, 0.067033, 0.070521, 0.069662, 0.071847, 0.074442, 0.073991, 0.076762, 0.075372
0.443480, 1.621138, 0.553073, 0.698079, 0.735093, 0.874512, 0.874825, 1.136046, 1.197157, 1.169214, 1.147270; 1.111950, 1.093628, 1.133311, 0.837579, 0.834584, 0.708925, 0.704133, 0.700478, 0.708421, 0.186110, 0.181493, 0.185928, 0.183121, 0.180976, 0.185726, 0.182563, 0.180231, 0.184430, 0.181638, 0.184190, 0.188130, 0.185772, 0.183352, 0.195772, 0.193376, 0.196071, 0.193604, 0.192977, 0.195719, 0.193449, 0.215305, 0.134584, 0.132307, 0.130628, 0.134547, 0.132445, 0.136894, 0.139326, 0.137761, 0.136691
0.034447, 0.019027, 0.087797, 0.085124, 0.033046, 0.033077, 0.033164; 0.020412, 0.020362, 0.020462, 0.020309, 0.020283, 0.021136, 0.021181, 0.021154, 0.021117, 0.020540, 0.020470, 0.020698, 0.021363, 0.021356, 0.021370, 0.021349, 0.021343, 0.021355, 0.021366, 0.021360, 0.020039, 0.020039, 0.020035, 0.020034, 0.020034, 0.020030, 0.020031, 0.019722, 0.019721, 0.019719, 0.019717, 0.019712, 0.019717, 0.019315, 0.019316, 0.019315, 0.019314, 0.019315, 0.019313, 0.021964, 0.021975, 0.021958, 0.020195, 0.019768
2.392716, 20.478954, 13.951896, 13.951693, 14.618730, 2.427958; 2.431471, 2.431457, 2.431002, 2.426900, 2.419544, 2.419274, 2.602257, 2.603794, 2.606472, 2.608848, 2.611002, 2.482832, 2.446288, 2.131450, 2.134175, 2.133889, 2.133647, 2.285368, 2.285012, 2.161404, 2.161252, 2.184027, 2.192360, 2.191432, 2.190565, 2.189754, 2.188993, 2.201585, 2.200939, 2.206298, 2.205726, 2.205183, 2.205573, 2.211229, 2.203016, 2.202502, 2.207709, 2.218608, 2.221094, 2.222050, 2.221975, 2.226518, 2.246626, 2.246317, 2.249674
0.023011, 1.458750, 1.453451, 0.176193, 0.103445, 0.100157, 0.089715; 0.082032, 0.088027, 0.062402, 0.050058, 0.036214, 0.037601, 0.051018, 0.050822, 0.050647, 0.057703, 0.058540, 0.173053, 0.172035, 0.170163, 0.174057, 0.172591, 0.171403, 0.170332, 0.166281, 0.169112, 0.166962, 0.164070, 0.160311, 0.163635, 0.162789, 0.161892, 0.076287, 0.075437, 0.076381, 0.076186, 0.076302, 0.076202, 0.077569, 0.077800, 0.086500, 0.094506, 0.094507, 0.094397, 0.092881, 0.090273, 0.090212, 0.082725, 0.082687, 0.082808
0.000491, 0.059838; 0.059773, 1.862374, 0.456104, 0.436063, 0.399809, 0.089406, 0.088758, 0.096426, 0.075509, 0.075537, 0.074791, 0.074950, 0.068863, 0.068103, 0.066432, 0.066380, 0.066352, 0.066468, 0.064128, 0.064206, 0.064436, 0.064357, 0.064426, 0.064394, 0.063188, 0.483447, 0.483643, 0.490188, 0.476560, 0.482571, 0.488566, 0.493402, 0.480430, 0.480992, 0.486133, 0.474699, 0.476715, 0.402309, 0.390949, 0.391262, 0.395662, 0.378162, 0.383441, 0.387706, 0.376886, 0.381859, 0.386337, 0.378110, 0.378489
2.275570, 0.147300, 0.083144, 0.083144; 0.225329, 0.227590, 0.221594, 0.509329, 1.065747, 1.304182, 1.309998, 1.337792, 1.346385, 1.333946, 1.341546, 1.348731, 1.358802, 0.832865, 0.841950, 0.744710, 0.694807, 0.621427, 0.440784, 0.443040, 0.742483, 0.743678, 0.742031, 0.743010, 0.743985, 0.744962, 0.693159, 0.693822, 0.694491, 0.635735, 0.635920, 0.551144, 0.551748, 0.552117, 0.552491, 0.552871, 0.518175, 0.519360, 0.507343, 0.552044, 0.551988, 0.551937, 0.551904, 0.580333, 0.606838, 0.606681, 0.614698
0.007624, 0.178039; 0.177460, 0.001338, 0.004900, 0.004578, 0.285281, 0.290684, 0.266447, 0.271651, 0.253547, 0.124378, 0.168556, 0.165086, 0.139732, 0.138047, 0.139697, 0.143787, 0.144673, 0.143797, 0.195765, 0.194901, 0.195820, 0.080647, 0.081822, 0.084163, 0.082335, 0.084556, 0.082279, 0.084371, 0.076157, 0.077991, 0.133773, 0.159646, 0.162203, 0.159328, 0.159689, 0.156910, 0.159152, 0.156979, 0.159013, 0.156652, 0.158169, 0.155928, 0.158006, 0.147812, 0.147227, 0.148928, 0.148512, 0.150175, 0.148217
0.812718, 1.718850, 1.718720, 1.718734, 1.614632, 1.611736, 1.302218, 1.310627; 1.328027, 1.403634, 0.494971, 0.498608, 0.497498, 0.501170, 0.506988, 0.506032, 0.481344, 0.482841, 0.467421, 0.455310, 0.454460, 0.451934, 0.498540, 0.518838, 0.522096, 0.522447, 0.521770, 0.522873, 0.522773, 0.539581, 0.542882, 0.209522, 0.067893, 0.064797, 0.076510, 0.260943, 0.213802, 0.211186, 0.211255, 0.207714, 0.208037, 0.208020, 0.205790, 0.211306, 0.211656, 0.208889, 0.208966, 0.206324, 0.150747, 0.153579, 0.152352
0.369447, 0.885522, 0.885522; 0.885522, 0.469594, 0.469566, 0.469566, 0.474486, 0.489273, 0.484562, 0.491088, 0.490769, 0.504458, 0.048627, 0.048615, 0.028830, 0.028767, 0.028749, 0.028652, 0.028652, 0.028629, 0.028560, 0.028544, 0.010467, 0.010441, 0.010441, 0.010441, 0.010429, 0.010424, 0.010423, 0.008291, 0.008236, 0.007566, 0.007566, 0.006327, 0.006327, 0.005995, 0.005995, 0.005993, 0.005984, 0.005983, 0.041295, 0.036658, 0.036658, 0.036653, 0.036656, 0.036656, 0.036828, 0.036828, 0.036896, 0.036896
0.267756, 1.230004, 0.556567, 0.546871; 0.346500, 0.018888, 0.095045, 0.101165, 0.100612, 0.095537, 0.095327, 0.101127, 0.112881, 0.134241, 0.136126, 0.135583, 0.135112, 0.134698, 0.134968, 0.137606, 0.038501, 0.001449, 0.130453, 0.182194, 0.181693, 0.181235, 0.184259, 0.183688, 0.183203, 0.105437, 0.105212, 0.062960, 0.061569, 0.063249, 0.063138, 0.062869, 0.062616, 0.062378, 0.062698, 0.062513, 0.062311, 0.063664, 0.063442, 0.064609, 0.063298, 0.063860, 0.063675, 0.063514, 0.064670, 0.064478, 0.064525
0.094545, 0.031120, 0.031120; 0.010246, 0.010304, 0.010313, 0.010320, 0.010327, 0.013334, 0.084409, 0.089533, 0.094131, 0.091473, 0.094768, 0.080850, 0.084122, 0.086780, 0.081743, 0.083340, 0.069673, 0.064748, 0.072879, 0.073641, 0.074691, 0.075369, 0.072918, 0.073542, 0.074137, 0.074698, 0.067859, 0.068292, 0.066256, 0.066664, 0.067056, 0.067591, 0.067956, 0.069427, 0.069785, 0.069726, 0.069562, 0.069852, 0.069992, 0.068765, 0.069031, 0.069292, 0.069538, 0.069520, 0.068501, 0.068697, 0.068908, 0.069122
0.029827, 0.098604, 0.082744, 0.081236, 0.118902; 0.117138, 0.116769, 0.078362, 0.079336, 0.067196, 0.067533, 0.067651, 0.067188, 0.062561, 0.062331, 0.062455, 0.060995, 0.060885, 0.060992, 0.069233, 0.069063, 0.068834, 0.059550, 0.059759, 0.059850, 0.059641, 0.050232, 0.050232, 0.050272, 0.050304, 0.050288, 0.050181, 0.050771, 0.050792, 0.050773, 0.050790, 0.051204, 0.051207, 0.049922, 0.049511, 0.049848, 0.049889, 0.049885, 0.049572, 0.049564, 0.049547, 0.050136, 0.049884, 0.049831, 0.049829, 0.049812
0.134393, 0.630364, 0.630364; 0.449321, 0.413015, 0.037866, 0.061684, 0.057416, 0.058573, 0.058615, 0.086728, 0.087362, 0.107015, 0.109556, 0.109249, 0.106134, 0.111478, 0.111259, 0.131255, 0.191431, 0.190982, 0.192559, 0.192684, 0.181052, 0.203504, 0.214546, 0.215331, 0.215357, 0.116534, 0.118239, 0.126476, 0.100626, 0.101162, 0.102261, 0.104180, 0.107522, 0.121039, 0.120401, 0.113944, 0.133785, 0.106086, 0.118945, 0.114247, 0.113789, 0.119267, 0.126353, 0.138481, 0.143415, 0.142980, 0.142820, 0.142355
0.063379, 0.208017, 0.208017; 0.029574, 0.029293, 0.029808, 0.029950, 0.027911, 0.027802, 0.027803, 0.025848, 0.030060, 0.017769, 0.017857, 0.017635, 0.019872, 0.019687, 0.019450, 0.020154, 0.019952, 0.020177, 0.020027, 0.027398, 0.027211, 0.026822, 0.026757, 0.029126, 0.028937, 0.026531, 0.026421, 0.031641, 0.031604, 0.035247, 0.035164, 0.034224, 0.034013, 0.033978, 0.031256, 0.038600, 0.038492, 0.037861, 0.037738, 0.037742, 0.037648, 0.045220, 0.043964, 0.043841, 0.043914, 0.043895, 0.086848, 0.087212
0.438335, 0.373094; 1.604433, 1.776804, 1.346310, 1.326365, 1.126466, 1.196024, 1.269624, 0.420107, 0.363027, 0.409887, 0.362682, 0.398210, 0.359783, 0.392134, 0.470814, 0.496998, 0.461965, 0.492855, 0.461756, 0.496759, 0.469011, 0.493825, 0.469068, 0.490109, 0.468236, 0.488675, 0.503151, 0.500764, 0.486479, 0.480431, 0.458204, 0.474145, 0.458200, 0.473116, 0.459741, 0.473956, 0.468845, 0.477200, 0.463841, 0.461816, 0.450190, 0.460568, 0.449647, 0.460601, 0.446042, 0.454235, 0.442973, 0.452471, 0.444784
0.010152, 0.143802, 0.445137; 0.774154, 0.711578, 0.728963, 0.726712, 0.717904, 0.726722, 0.711614, 0.399053, 0.319200, 0.328352, 0.340632, 0.352797, 0.363785, 0.327035, 0.212594, 0.222034, 0.230971, 0.233944, 0.242839, 0.207402, 0.106130, 0.104653, 0.095924, 0.096957, 0.098967, 0.094860, 0.087029, 0.089011, 0.084490, 0.067923, 0.067172, 0.061962, 0.062778, 0.060022, 0.061629, 0.058708, 0.051843, 0.054957, 0.054291, 0.046977, 0.016482, 0.016422, 0.016867, 0.017716, 0.016589, 0.023812, 0.017064, 0.015443
0.131030, 0.111993, 0.109638, 0.110981, 0.111320; 0.111977, 0.155524, 0.156520, 0.154461, 0.155216, 0.153792, 0.156496, 0.155184, 0.155204, 0.154157, 0.154666, 0.153832, 0.154315, 0.153552, 0.155565, 0.155906, 0.155213, 0.150499, 0.149948, 0.149402, 0.158174, 0.157529, 0.157857, 0.158437, 0.158038, 0.156786, 0.155896, 0.156183, 0.155838, 0.157161, 0.156854, 0.157150, 0.157171, 0.157425, 0.157147, 0.151015, 0.150785, 0.150272, 0.150396, 0.138202, 0.136956, 0.136959, 0.136950, 0.135556, 0.135538, 0.135609
0.110778, 0.121828, 0.485273; 0.046226, 0.060333, 0.032005, 0.037483, 0.030745, 0.026444, 0.031511, 0.014183, 0.008595, 0.009210, 0.005887, 0.006342, 0.011608, 0.012161, 0.017213, 0.021882, 0.019622, 0.025203, 0.030999, 0.028027, 0.106273, 0.093504, 0.090529, 0.093802, 0.092495, 0.089753, 0.089430, 0.176832, 0.179700, 0.187176, 0.316302, 0.355546, 0.358381, 0.413408, 0.415144, 0.412975, 0.410027, 0.408223, 0.348318, 0.345592, 0.347136, 0.346045, 0.343032, 0.344712, 0.345325, 0.342785, 0.182322, 0.184304
0.031560, 0.142571, 0.140589, 0.115560, 0.111680, 0.104245; 0.101446, 0.100241, 0.101474, 0.102595, 0.099851, 0.091708, 0.091184, 0.091626, 0.091183, 0.080589, 0.077603, 0.090311, 0.091113, 0.090675, 0.090973, 0.090566, 0.090814, 0.090433, 0.090083, 0.090181, 0.089940, 0.090252, 0.089937, 0.087607, 0.087832, 0.087517, 0.086454, 0.086633, 0.085138, 0.085278, 0.080688, 0.080848, 0.080663, 0.080524, 0.080515, 0.080578, 0.080429, 0.080544, 0.080399, 0.080512, 0.075170, 0.075135, 0.075157, 0.075164, 0.075185
0.079396, 0.252627, 0.086428, 0.083893, 0.082095, 0.081929, 0.081959; 0.081801, 0.005546, 0.005140, 0.006481, 0.006073, 0.006242, 0.005833, 0.003883, 0.003232, 0.003166, 0.003106, 0.003200, 0.003147, 0.003171, 0.003167, 0.002867, 0.002963, 0.003053, 0.003014, 0.003089, 0.003051, 0.003063, 0.002679, 0.002658, 0.003689, 0.002580, 0.002563, 0.002710, 0.002701, 0.002040, 0.002054, 0.002066, 0.003473, 0.003520, 0.006147, 0.007142, 0.007417, 0.007526, 0.007633, 0.008918, 0.008803, 0.008837, 0.009350, 0.009180
0.035429, 0.081915, 0.086573, 0.086559, 0.081049; 0.081111, 0.079430, 0.079382, 0.079539, 0.079513, 0.079428, 0.077320, 0.077125, 0.077319, 0.052586, 0.050588, 0.049796, 0.047779, 0.053092, 0.049757, 0.049550, 0.048603, 0.048897, 0.049430, 0.049417, 0.049484, 0.049483, 0.049470, 0.049443, 0.049165, 0.051076, 0.051043, 0.048710, 0.048772, 0.048563, 0.048719, 0.048686, 0.048716, 0.042750, 0.042493, 0.042961, 0.042607, 0.042929, 0.043013, 0.042946, 0.042904, 0.042688, 0.042923, 0.043128, 0.043070, 0.043021
0.042578, 0.042578, 0.042578, 0.042578, 0.042578, 0.042578; 0.032562, 0.010774, 0.010544, 0.010371, 0.010284, 0.010168, 0.010072, 0.011025, 0.010943, 0.011168, 0.012313, 0.012887, 0.012869, 0.012800, 0.012747, 0.012681, 0.012621, 0.014423, 0.014374, 0.015449, 0.015418, 0.015418, 0.012575, 0.012442, 0.012238, 0.013979, 0.014022, 0.013838, 0.013831, 0.013579, 0.013476, 0.015588, 0.015584, 0.016251, 0.016329, 0.016277, 0.014868, 0.015147, 0.015104, 0.015132, 0.014986, 0.014928, 0.014795, 0.014919, 0.014463
0.016943, 0.016943, 0.016905; 0.016930, 0.016926, 0.017564, 0.017856, 0.016497, 0.016496, 0.016497, 0.087955, 0.088287, 0.085938, 0.064934, 0.000290, 0.000163, 0.000088, 0.000014, 0.000001, 0.000002, 0.000098, 0.000049, 0.000021, 0.011895, 0.011803, 0.012206, 0.014043, 0.081486, 0.081469, 0.081451, 0.081431, 0.081064, 0.081058, 0.080971, 0.080787, 0.080773, 0.080827, 0.080819, 0.080917, 0.080653, 0.072254, 0.072207, 0.070970, 0.061089, 0.060532, 0.060730, 0.060684, 0.060859, 0.060815, 0.060778, 0.059642
0.124364, 3.886531, 1.224182, 2.591080, 0.269083, 0.267462; 0.269866, 0.269474, 0.403368, 0.688816, 0.689318, 0.689357, 0.689392, 0.348007, 0.344592, 0.339354, 0.410691, 0.412692, 0.371695, 0.184462, 0.184433, 0.184575, 0.182817, 0.182797, 0.182093, 0.182065, 0.182049, 0.182035, 0.182202, 0.179090, 0.184816, 0.142468, 0.153524, 0.155717, 0.155401, 0.175397, 0.175279, 0.175038, 0.174804, 0.177263, 0.177005, 0.190076, 0.189818, 0.193853, 0.193299, 0.192907, 0.194502, 0.193533, 0.193314, 0.192903, 0.194753
0.001598, 0.220491; 0.231416, 0.148713, 0.157051, 0.150058, 0.000003, 0.000003, 0.000018, 0.000015, 0.000075, 0.000007, 0.000007, 0.000007, 0.000007, 0.000007, 0.001112, 0.000669, 0.000607, 0.000696, 0.000699, 0.000661, 0.000511, 0.000424, 0.000093, 0.000116, 0.000176, 0.000156, 0.000156, 0.000026, 0.000026, 0.000015, 0.000016, 0.000015, 0.000015, 0.000015, 0.001933, 0.002055, 0.002083, 0.001878, 0.001923, 0.001897, 0.001873, 0.001913, 0.002151, 0.002286, 0.001767, 0.000572, 0.000567, 0.000581, 0.000501
0.001504, 0.153026; 0.153026, 0.264299, 0.261678, 0.000259, 0.001409, 0.019598, 0.023707, 0.014229, 0.035841, 0.037910, 0.032234, 0.017257, 0.150567, 0.089116, 0.083004, 0.068999, 0.072803, 0.024679, 0.025515, 0.024894, 0.144530, 0.144365, 0.144653, 0.144527, 0.144384, 0.144639, 0.144503, 0.144723, 0.144595, 0.144343, 0.143430, 0.143350, 0.143155, 0.143334, 0.143234, 0.143126, 0.143316, 0.143197, 0.143348, 0.143681, 0.143583, 0.143677, 0.143599, 0.143510, 0.143664, 0.143576, 0.143489, 0.143637, 0.138384
0.071795, 0.000530; 0.000530, 0.000530, 0.000530, 0.019310, 0.024512, 0.000676, 0.000670, 0.001682, 0.001674, 0.001664, 0.001657, 0.001893, 0.003336, 0.003399, 0.003370, 0.003346, 0.003396, 0.003372, 0.003350, 0.011114, 0.010391, 0.010641, 0.010155, 0.010378, 0.010140, 0.009712, 0.009903, 0.010093, 0.009553, 0.009536, 0.009696, 0.009371, 0.009520, 0.009685, 0.009831, 0.009526, 0.002643, 0.002743, 0.002502, 0.002596, 0.002679, 0.002488, 0.002575, 0.002661, 0.002456, 0.002536, 0.002611, 0.002446, 0.004032
0.130990, 0.042332; 0.042332, 0.037628, 0.038904, 0.038967, 0.038830, 0.038894, 0.038699, 0.038527, 0.038188, 0.038210, 0.038283, 0.038237, 0.038553, 0.038419, 0.038458, 0.038556, 0.035466, 0.037349, 0.037381, 0.039775, 0.039842, 0.117480, 0.118315, 0.118267, 0.114237, 0.113943, 0.114589, 0.114317, 0.113707, 0.113424, 0.113979, 0.113771, 0.112153, 0.112665, 0.112468, 0.112285, 0.112200, 0.112656, 0.112482, 0.113325, 0.111367, 0.111770, 0.111541, 0.106474, 0.106830, 0.106694, 0.106565, 0.106443, 0.106863
0.004643, 0.172048, 0.169355, 0.049823, 0.111904; 0.121994, 0.110026, 0.065178, 0.062410, 0.057600, 0.055330, 0.067113, 0.048968, 0.042019, 0.047189, 0.049184, 0.049242, 0.057914, 0.055072, 0.057686, 0.055099, 0.057446, 0.041529, 0.040668, 0.040223, 0.040009, 0.041074, 0.051511, 0.058745, 0.056497, 0.055676, 0.055529, 0.044205, 0.043904, 0.037283, 0.029074, 0.028689, 0.028356, 0.028891, 0.027053, 0.027259, 0.028696, 0.022975, 0.024799, 0.028805, 0.028626, 0.022363, 0.022273, 0.022231, 0.022586, 0.022737
10.476620, 10.476620, 5.384488, 1.292125, 0.768676, 5.202050, 5.154756, 5.114198, 5.191362, 5.296756, 1.016553, 1.450860, 1.406362, 1.432326, 1.396155, 1.533729, 1.513640, 1.685620, 1.581511, 1.511414, 1.522492, 0.696790, 0.693257, 0.703649, 0.704613, 0.703775, 0.706313, 0.666821, 0.664677, 0.663696, 0.664205, 0.663106, 0.663172, 0.684899, 0.685042, 0.689366, 0.819932, 0.819775, 0.820201, 0.827237, 0.827793, 0.821500, 0.821026, 0.819396; 0.804430, 0.942657, 0.940693, 0.940234, 0.960389, 0.959996, 0.958417
0.268754, 0.227005, 0.231387; 0.231324, 0.229524, 0.228726, 0.180540, 0.503865, 0.496054, 0.391449, 0.392226, 0.397348, 0.399600, 0.389315, 0.389784, 0.529010, 0.533343, 0.536653, 0.540600, 0.390121, 0.380208, 0.415238, 0.405568, 0.407007, 0.407812, 0.485799, 0.485202, 0.485901, 0.485403, 0.483947, 0.483431, 0.484019, 0.406782, 0.427433, 0.427048, 0.426684, 0.426324, 0.426206, 0.433289, 0.432990, 0.429258, 0.428046, 0.428453, 0.427427, 0.422517, 0.422851, 0.425043, 0.424880, 0.423379, 0.423326, 0.395356
0.015824, 0.033841, 0.033841, 0.033844, 0.031216, 0.033840, 0.033840; 0.033840, 0.035895, 0.035899, 0.034952, 0.034859, 0.034859, 0.034553, 0.034559, 0.034559, 0.034551, 0.035681, 0.035683, 0.035667, 0.035662, 0.035634, 0.062623, 0.061314, 0.061348, 0.061415, 0.053188, 0.054911, 0.054934, 0.054959, 0.054980, 0.054999, 0.054987, 0.055003, 0.054767, 0.054529, 0.054545, 0.054565, 0.053834, 0.053858, 0.053724, 0.047980, 0.047997, 0.048013, 0.048027, 0.048025, 0.048040, 0.048053, 0.046568, 0.046526, 0.046540
0.056619, 0.166241, 0.064894, 0.040037, 0.042077, 0.051859, 0.062148; 0.029630, 0.027780, 0.027033, 0.044438, 0.037467, 0.036250, 0.036042, 0.059211, 0.062590, 0.064322, 0.063008, 0.064231, 0.027917, 0.027721, 0.027023, 0.026056, 0.026436, 0.032574, 0.042513, 0.044512, 0.043246, 0.030772, 0.028959, 0.028767, 0.028541, 0.028007, 0.027304, 0.030861, 0.030239, 0.027444, 0.027667, 0.027023, 0.037068, 0.035730, 0.034940, 0.035016, 0.040985, 0.042156, 0.041536, 0.040964, 0.042272, 0.036416, 0.034631, 0.035060
0.223144, 0.385662, 0.084161; 0.083850, 0.082477, 0.082212, 0.082287, 0.100859, 0.102548, 0.103812, 0.105028, 0.101298, 0.102043, 0.100584, 0.103627, 0.104173, 0.102208, 0.102479, 0.090683, 0.091298, 0.090404, 0.184591, 0.189680, 0.185755, 0.186861, 0.182850, 0.184310, 0.185391, 0.182302, 0.186077, 0.187081, 0.188016, 0.188044, 0.277412, 0.270183, 0.273480, 0.273883, 0.275703, 0.269430, 0.271243, 0.272876, 0.274562, 0.239149, 0.013091, 0.013375, 0.014290, 0.014531, 0.013727, 0.013961, 0.014185, 0.014401
0.008477, 0.079008; 0.001867, 0.001867, 0.012092, 0.011689, 0.012863, 0.019919, 0.019875, 0.019840, 0.019936, 0.019903, 0.019973, 0.020035, 0.010947, 0.010850, 0.010922, 0.011040, 0.010995, 0.010956, 0.012535, 0.013737, 0.013707, 0.013681, 0.012738, 0.012670, 0.012605, 0.012713, 0.012872, 0.012815, 0.012759, 0.013471, 0.013599, 0.013553, 0.013509, 0.013623, 0.010741, 0.011074, 0.011047, 0.011117, 0.011092, 0.010692, 0.011081, 0.011120, 0.011101, 0.011187, 0.011236, 0.011218, 0.011252, 0.012348, 0.012376
0.101943, 0.309631, 1.139422; 0.101943, 0.101588, 0.101597, 0.103071, 0.103094, 0.103108, 0.103112, 0.103012, 0.102114, 0.103379, 0.102218, 0.102195, 0.093616, 0.092920, 0.092730, 0.092504, 0.092339, 0.092142, 0.092998, 0.092851, 0.092672, 0.092514, 0.085878, 0.084871, 0.084737, 0.084611, 0.084472, 0.084358, 0.084222, 0.084783, 0.084912, 0.084447, 0.084329, 0.086164, 0.085270, 0.084772, 0.084672, 0.084594, 0.084500, 0.086317, 0.086355, 0.086711, 0.086642, 0.086568, 0.086495, 0.086432, 0.086002, 0.085935
0.032499, 0.099686, 0.134486, 0.134483, 0.132364, 0.129807; 0.158880, 0.131082, 0.135130, 0.139135, 0.132933, 0.135892, 0.138965, 0.137139, 0.138312, 0.141055, 0.143709, 0.121374, 0.123057, 0.124227, 0.124603, 0.126029, 0.127379, 0.128756, 0.129985, 0.131246, 0.115514, 0.113819, 0.103717, 0.096235, 0.096771, 0.097027, 0.097763, 0.098510, 0.098529, 0.099243, 0.099964, 0.096199, 0.096807, 0.091101, 0.091515, 0.091968, 0.091379, 0.091896, 0.092412, 0.092877, 0.086514, 0.092396, 0.091582, 0.092025, 0.087931
0.203197, 0.787515, 0.787515; 0.787515, 0.787515, 0.320360, 0.320172, 0.320919, 0.323326, 0.323122, 0.322967, 0.322761, 0.324416, 0.338967, 0.339552, 0.339488, 0.339762, 0.339687, 0.339620, 0.339221, 0.339446, 0.339377, 0.339303, 0.339247, 0.391263, 0.391830, 0.391641, 0.391488, 0.382973, 0.383772, 0.383540, 0.383319, 0.383111, 0.383039, 0.383724, 0.383527, 0.383340, 0.383126, 0.380475, 0.378209, 0.378027, 0.377780, 0.378363, 0.378187, 0.378021, 0.377862, 0.369344, 0.369804, 0.369670, 0.369545, 0.369421
1.203973, 1.897120; 0.103038, 0.159120, 0.079677, 0.441869, 0.420314, 0.404050, 0.431238, 0.283156, 0.272818, 0.273827, 0.271226, 0.477920, 0.474083, 0.482726, 0.607400, 0.599746, 0.616227, 0.610609, 0.605629, 0.480594, 0.476612, 0.472990, 0.479861, 0.489143, 0.582972, 0.595739, 0.557603, 1.215269, 1.218776, 1.212706, 1.209031, 1.205107, 1.213553, 1.209767, 1.210285, 1.218009, 1.206224, 1.115723, 1.121503, 1.117820, 1.141333, 1.141753, 1.138877, 1.133711, 1.139399, 1.136756, 1.134222, 1.193822, 1.191169
1.299718, 0.525870, 0.525870, 0.525870, 0.525870, 0.525870, 0.525870, 0.525870; 0.481716, 0.493830, 0.492628, 0.490128, 0.521792, 0.521735, 0.522260, 0.522340, 0.522439, 0.522366, 0.522312, 0.522363, 0.522325, 0.522246, 0.523928, 0.523919, 0.523951, 0.523931, 0.523901, 0.523819, 0.523778, 0.523508, 0.523475, 0.523452, 0.523764, 0.523745, 0.523736, 0.524028, 0.524005, 0.523986, 0.523999, 0.524002, 0.523999, 0.523979, 0.524034, 0.524024, 0.524002, 0.523897, 0.523890, 0.518707, 0.518696, 0.519568, 0.519607
0.010414, 0.002818; 0.002818, 0.002644, 0.001398, 0.000164, 0.000440, 0.000407, 0.000351, 0.000758, 0.004648, 0.001174, 0.001317, 0.001655, 0.001568, 0.000641, 0.000440, 0.000271, 0.000208, 0.000252, 0.000286, 0.003585, 0.003343, 0.003516, 0.003146, 0.004686, 0.004693, 0.004594, 0.004175, 0.004314, 0.003461, 0.003440, 0.003137, 0.003249, 0.018707, 0.018125, 0.018345, 0.000091, 0.000008, 0.000452, 0.000435, 0.000457, 0.000101, 0.000088, 0.000097, 0.000111, 0.000087, 0.000060, 0.000000, 0.000001, 0.000000
0.081020, 0.057251; 0.057343, 0.037170, 0.037385, 0.053557, 0.062765, 0.069334, 0.071373, 0.064638, 0.063130, 0.063570, 0.063960, 0.064599, 0.064920, 0.065233, 0.065489, 0.061518, 0.065361, 0.065543, 0.066047, 0.069330, 0.068290, 0.068537, 0.067909, 0.090814, 0.086352, 0.086342, 0.086177, 0.092933, 0.092944, 0.093032, 0.095058, 0.095333, 0.094631, 0.094658, 0.094696, 0.093711, 0.093688, 0.093698, 0.093797, 0.093892, 0.091213, 0.091089, 0.090773, 0.089636, 0.089468, 0.087933, 0.087904, 0.087960, 0.087795
0.079989, 0.079989, 0.109350; 0.107928, 0.009735, 0.008743, 0.007373, 0.007377, 0.007316, 0.007211, 0.005966, 0.005974, 0.005981, 0.009033, 0.012426, 0.012514, 0.012590, 0.012445, 0.012502, 0.012554, 0.012569, 0.012629, 0.012680, 0.012267, 0.012346, 0.012182, 0.012363, 0.012528, 0.012584, 0.012591, 0.013538, 0.013467, 0.013476, 0.014504, 0.014743, 0.014736, 0.014663, 0.014691, 0.014719, 0.014516, 0.014528, 0.014582, 0.014456, 0.014126, 0.014090, 0.014118, 0.014136, 0.014151, 0.014171, 0.014192, 0.014174
0.005189, 0.005189; 0.348324, 0.396362, 0.086188, 0.161702, 0.139914, 0.147758, 0.153420, 0.217575, 0.202226, 0.206686, 0.223541, 0.228254, 0.234784, 0.090757, 0.084945, 0.065500, 0.064212, 0.031862, 0.027161, 0.027569, 0.028119, 0.028766, 0.016995, 0.017425, 0.017059, 0.014935, 0.013252, 0.013473, 0.013605, 0.014451, 0.013933, 0.013924, 0.011662, 0.011574, 0.012306, 0.013100, 0.013154, 0.013015, 0.013546, 0.013602, 0.012352, 0.012226, 0.012273, 0.012319, 0.012204, 0.019727, 0.021835, 0.025028, 0.024996
0.204741, 0.233253, 0.234825, 0.434797, 0.449959; 0.440849, 0.446208, 0.445153, 0.442961, 0.445164, 0.448312, 0.446954, 0.446058, 0.447369, 0.444215, 0.444619, 0.443430, 0.444362, 0.441361, 0.441788, 0.442425, 0.436673, 0.436051, 0.435542, 0.435908, 0.436301, 0.436679, 0.436823, 0.437059, 0.436978, 0.436859, 0.437105, 0.437223, 0.437404, 0.437850, 0.415473, 0.415800, 0.415929, 0.416056, 0.415764, 0.416704, 0.416358, 0.416665, 0.416400, 0.416710, 0.416772, 0.417033, 0.416730, 0.416491, 0.417489, 0.418030
0.001515, 0.160711, 0.000000, 0.000078; 0.000070, 0.000084, 0.000140, 0.000143, 0.001557, 0.001556, 0.001550, 0.001558, 0.003204, 0.003431, 0.000899, 0.000918, 0.000917, 0.000698, 0.000409, 0.000403, 0.000571, 0.000564, 0.000551, 0.000545, 0.000539, 0.000533, 0.000565, 0.000561, 0.000554, 0.000398, 0.000396, 0.000225, 0.000231, 0.000242, 0.000240, 0.000139, 0.000138, 0.000137, 0.000136, 0.000219, 0.000218, 0.000226, 0.000104, 0.000099, 0.000098, 0.000098, 0.000097, 0.000096, 0.000101, 0.000100, 0.000099
0.144029, 0.223562, 0.223632, 0.223130; 0.223809, 0.046241, 0.045462, 0.041020, 0.040523, 0.047041, 0.046107, 0.046133, 0.045239, 0.045481, 0.044756, 0.044071, 0.037451, 0.037489, 0.036790, 0.044463, 0.044094, 0.044176, 0.044097, 0.043914, 0.044000, 0.045268, 0.045364, 0.045553, 0.045632, 0.045719, 0.067728, 0.067828, 0.068893, 0.069012, 0.068602, 0.068721, 0.068836, 0.068943, 0.069046, 0.068692, 0.067813, 0.067795, 0.067779, 0.067353, 0.067333, 0.067300, 0.067281, 0.067264, 0.067233, 0.067217, 0.067439
3.711988, 3.711988, 0.130798, 0.130823, 0.735117, 0.735146, 0.744841, 0.837518, 0.837995, 0.927134, 0.929159; 0.913464, 0.920749, 0.921239, 0.964513, 0.964736, 0.964923, 0.965539, 0.965780, 0.967299, 0.967404, 0.968147, 1.006833, 1.006878, 1.010992, 1.012016, 0.030717, 0.032083, 0.033681, 0.034100, 0.033936, 0.033751, 0.034981, 0.040208, 0.039920, 0.039617, 0.039747, 0.040917, 0.040657, 0.040382, 0.040175, 0.042738, 0.044116, 0.049023, 0.056651, 0.054626, 0.056536, 0.057019, 0.056901, 0.058626, 0.058478
0.202269, 0.214412, 0.215478, 0.339457; 0.360968, 0.330458, 1.355935, 0.929165, 0.511126, 0.244608, 0.244565, 0.244603, 0.244419, 0.244449, 0.244421, 0.238301, 0.236497, 0.236448, 0.237179, 0.237438, 0.237474, 0.236219, 0.238146, 0.237530, 0.237447, 0.235866, 0.236264, 0.235640, 0.259218, 0.259331, 0.260166, 0.260569, 0.260661, 0.258460, 0.259175, 0.259550, 0.259627, 0.259675, 0.258176, 0.258221, 0.226565, 0.226759, 0.218986, 0.219173, 0.219406, 0.218672, 0.214614, 0.214419, 0.214293, 0.214224, 0.211758
0.044187, 0.203625; 0.204031, 0.044542, 0.034022, 0.040693, 0.040582, 0.045833, 0.068222, 0.017495, 0.016661, 0.016295, 0.019259, 0.027911, 0.028387, 0.139360, 0.142010, 0.138715, 0.068509, 0.065103, 0.066696, 0.062634, 0.066093, 0.069243, 0.063596, 0.066655, 0.078021, 0.080730, 0.077623, 0.081807, 0.078916, 0.081166, 0.078555, 0.080718, 0.081896, 0.080912, 0.082876, 0.109112, 0.110767, 0.108369, 0.110328, 0.109707, 0.111542, 0.109993, 0.112024, 0.113710, 0.120265, 0.120581, 0.118707, 0.120195, 0.120477
0.033315, 0.023318; 0.002237, 0.000004, 0.000192, 0.000575, 0.000299, 0.000373, 0.003467, 0.003259, 0.002947, 0.066163, 0.051456, 0.041863, 0.041491, 0.041221, 0.040491, 0.044241, 0.420475, 0.432303, 0.442889, 0.414957, 0.424280, 0.433559, 0.406194, 0.412885, 0.420942, 0.416689, 0.396872, 0.400440, 0.406741, 0.416219, 0.398749, 0.405056, 0.410642, 0.127444, 0.130178, 0.131559, 0.132989, 0.127650, 0.126920, 0.128813, 0.127264, 0.122547, 0.124246, 0.125833, 0.122811, 0.124384, 0.125090, 0.126625, 0.122633
0.014136, 0.014136, 0.002248, 0.005290, 0.005283, 0.005311; 0.005205, 0.003734, 0.003742, 0.006256, 0.006247, 0.007561, 0.007473, 0.007856, 0.007811, 0.005557, 0.004946, 0.005105, 0.005644, 0.004427, 0.004008, 0.005713, 0.005727, 0.005727, 0.005712, 0.005699, 0.005692, 0.005712, 0.005994, 0.014737, 0.014735, 0.014733, 0.014722, 0.014720, 0.014712, 0.013030, 0.013026, 0.012924, 0.011452, 0.011485, 0.011571, 0.010367, 0.010362, 0.008774, 0.008768, 0.008602, 0.008593, 0.008588, 0.008143, 0.008186, 0.007675
0.435359, 1.592303, 1.561981, 0.942272; 1.043149, 1.017628, 0.921151, 0.924114, 0.893664, 0.891119, 0.893148, 0.893095, 0.917327, 0.916638, 0.939050, 0.941179, 0.937079, 0.936263, 0.929717, 0.928408, 0.930397, 0.881464, 0.879589, 0.875505, 0.907641, 0.903875, 0.907253, 0.895136, 0.882220, 0.880362, 0.879444, 0.879297, 0.877552, 0.871706, 0.837104, 0.835104, 0.830415, 0.837710, 0.836216, 0.844121, 0.825335, 0.823911, 0.832786, 0.833076, 0.832259, 0.833943, 0.833976, 0.834236, 0.833458, 0.838954, 0.833240
0.011588, 0.022750, 0.000681; 0.000061, 0.000527, 0.000402, 0.000324, 0.000282, 0.001725, 0.002341, 0.002193, 0.002184, 0.004296, 0.004332, 0.004889, 0.005092, 0.004978, 0.003848, 0.003736, 0.003727, 0.003000, 0.003087, 0.004442, 0.004306, 0.004193, 0.002102, 0.002127, 0.002259, 0.002148, 0.001987, 0.002283, 0.001623, 0.001556, 0.001697, 0.001638, 0.001666, 0.002098, 0.001992, 0.000579, 0.000540, 0.000488, 0.000394, 0.000510, 0.000666, 0.000593, 0.000616, 0.000570, 0.000962, 0.000960, 0.000591, 0.000578
0.015708, 0.166654, 0.166654; 0.049130, 0.280766, 0.433212, 0.168331, 0.167279, 0.165826, 0.158523, 0.160577, 0.160155, 0.159500, 0.136722, 0.058418, 0.005755, 0.005681, 0.005614, 0.005557, 0.005754, 0.005875, 0.005933, 0.005884, 0.005896, 0.005849, 0.006092, 0.015890, 0.016650, 0.016619, 0.016574, 0.022283, 0.106163, 0.109702, 0.113080, 0.103404, 0.106592, 0.085808, 0.086016, 0.085129, 0.087785, 0.090376, 0.092124, 0.088331, 0.089504, 0.073422, 0.066191, 0.038010, 0.030859, 0.015510, 0.017322, 0.018132
0.239234, 0.819258, 0.819258, 0.321899, 0.321888, 0.317002, 0.316834, 0.317071, 0.223248, 0.222649, 0.223302; 0.222983, 0.194635, 0.196213, 0.196199, 0.196162, 0.187609, 0.192653, 0.192629, 0.192678, 0.192531, 0.192580, 0.192830, 0.193135, 0.190670, 0.191012, 0.190957, 0.189515, 0.189519, 0.189481, 0.209460, 0.209510, 0.209700, 0.209036, 0.208984, 0.208924, 0.206815, 0.206819, 0.205900, 0.206161, 0.215432, 0.215273, 0.214479, 0.214471, 0.212541, 0.251928, 0.251719, 0.249197, 0.251676, 0.251475, 0.248234
0.002013, 0.002013; 0.002151, 0.002033, 0.001887, 0.001888, 0.001885, 0.001895, 0.001896, 0.002229, 0.002239, 0.002233, 0.002208, 0.002603, 0.002722, 0.002708, 0.002697, 0.002727, 0.002414, 0.002406, 0.002528, 0.002746, 0.002736, 0.002726, 0.002712, 0.002703, 0.002695, 0.002695, 0.002715, 0.002707, 0.000398, 0.000320, 0.000291, 0.000314, 0.000001, 0.000000, 0.000000, 0.000000, 0.000000, 0.000001, 0.036358, 0.036235, 0.036117, 0.036431, 0.036943, 0.036836, 0.037112, 0.037007, 0.036906, 0.036815, 0.037074
0.094025, 0.238120, 0.238120, 0.238121, 0.238121, 0.237759, 0.169573, 0.203198, 0.204233, 0.205405, 0.206461; 0.205666, 0.208107, 0.229679, 0.229557, 0.229579, 0.229640, 0.229519, 0.229870, 0.229777, 0.229622, 0.229682, 0.229951, 0.229872, 0.229947, 0.229877, 0.230045, 0.229838, 0.229848, 0.234030, 0.234266, 0.234387, 0.234368, 0.234563, 0.234597, 0.234575, 0.234739, 0.234937, 0.235018, 0.235176, 0.235416, 0.235386, 0.235546, 0.235626, 0.235704, 0.235839, 0.236003, 0.234549, 0.234642, 0.234717, 0.234733
1.051499, 0.657876, 1.051456, 1.051474, 1.545935, 1.582087; 1.521927, 1.577903, 1.555161, 1.589278, 1.521040, 0.858233, 0.964089, 0.955376, 0.957689, 0.980256, 0.964363, 0.962311, 0.956278, 0.975186, 0.960192, 0.958184, 0.947048, 0.942592, 0.898261, 0.869189, 0.867721, 0.881936, 0.879689, 0.877389, 0.876066, 0.889533, 0.895096, 0.893107, 0.892156, 0.896566, 0.902763, 0.906616, 0.905085, 0.904246, 0.907996, 0.815569, 0.822716, 0.821516, 0.824722, 0.822532, 0.824527, 0.822891, 0.826023, 0.815513, 0.824589
0.000000, 0.000000, 0.000000, -0.000000, 0.000000, 0.000000, 0.000000, 0.000000, 0.000000, 0.000000, 0.000000, 0.000000, 0.000494, 0.000527, 0.000398, 0.000429, 0.000425, 0.000454; 0.000333, 0.000328, 0.000223, 0.000230, 0.000232, 0.000234, 0.000245, 0.000255, 0.000250, 0.000254, 0.000264, 0.000274, 0.000244, 0.000248, 0.000256, 0.000264, 0.000270, 0.000263, 0.000176, 0.000181, 0.000180, 0.000173, 0.000178, 0.000182, 0.000155, 0.000156, 0.000159, 0.000157, 0.000161, 0.000159, 0.000163, 0.000165, 0.000169
0.168220, 0.181609, 0.065767, 0.211307, 0.210595; 0.077661, 0.077196, 0.082065, 0.081599, 0.083406, 0.082899, 0.083783, 0.083384, 0.062385, 0.062559, 0.062757, 0.062463, 0.063511, 0.064320, 0.066666, 0.066770, 0.067625, 0.067949, 0.067984, 0.068021, 0.089247, 0.089280, 0.085654, 0.086199, 0.086415, 0.086448, 0.085819, 0.086696, 0.088501, 0.088547, 0.088528, 0.088746, 0.089831, 0.089483, 0.089522, 0.086917, 0.091990, 0.092138, 0.092136, 0.092181, 0.100230, 0.100589, 0.097795, 0.097771, 0.098063, 0.098037
0.423012, 0.527063, 0.116072; 0.116065, 0.115663, 0.115736, 0.115731, 0.115710, 0.115710, 0.084859, 0.087951, 0.087977, 0.088083, 0.088096, 0.088181, 0.091412, 0.091405, 0.091419, 0.091415, 0.090553, 0.090547, 0.090515, 0.090592, 0.090597, 0.086923, 0.086685, 0.086647, 0.095088, 0.090330, 0.090349, 0.090636, 0.090660, 0.090703, 0.090489, 0.090501, 0.090568, 0.090639, 0.090638, 0.090558, 0.090570, 0.090567, 0.090579, 0.090577, 0.091141, 0.090704, 0.090694, 0.090702, 0.090710, 0.090711, 0.090991, 0.090998
0.162806, 0.188608, 0.099215, 0.099215; 0.099251, 0.099248, 0.102035, 0.102160, 0.102089, 0.101983, 0.104308, 0.104466, 0.104376, 0.104380, 0.105384, 0.105407, 0.106243, 0.111102, 0.111177, 0.111018, 0.111070, 0.122830, 0.122903, 0.124988, 0.125307, 0.125330, 0.125243, 0.125243, 0.125463, 0.125526, 0.128517, 0.128844, 0.129324, 0.129269, 0.128877, 0.129748, 0.132381, 0.132253, 0.132229, 0.132299, 0.131775, 0.132597, 0.132083, 0.132043, 0.132027, 0.131814, 0.131735, 0.131705, 0.139066, 0.139099, 0.139467
0.118364, 0.203949, 0.204274, 0.074636, 0.074590, 0.074570, 0.074553; 0.074751, 0.074706, 0.074749, 0.074773, 0.074744, 0.074777, 0.074646, 0.074628, 0.074412, 0.113102, 0.108707, 0.107985, 0.108280, 0.108154, 0.112439, 0.113133, 0.112668, 0.111494, 0.111056, 0.110661, 0.110798, 0.111330, 0.111290, 0.111415, 0.111419, 0.111519, 0.111191, 0.112306, 0.112403, 0.112118, 0.112214, 0.112240, 0.112313, 0.112285, 0.112331, 0.112098, 0.112810, 0.112795, 0.112872, 0.112966, 0.112968, 0.113040, 0.108513, 0.108347
