1.351121, 0.778601, 0.780027, 0.780166; 0.806025, 0.807383, 0.808150, 0.899738, 0.900883, 0.901717, 0.902419, 0.902989, 0.900858, 0.905204, 1.043994, 1.075588, 1.075911, 1.094640, 1.106905, 1.154970, 1.154764, 1.154413, 1.152142, 1.160759, 1.161408, 1.159786, 1.159995, 1.174255, 1.160941, 1.157466, 1.157159, 1.157915, 1.158656, 1.157964, 1.157852, 1.143723, 1.146815, 1.146804, 1.276666, 1.276604, 1.277291, 1.277199, 1.277352, 1.275911, 1.275637, 1.276765, 1.276684, 1.276604, 1.278553, 1.278457, 1.276542
0.414255, 0.665570; 0.651592, 0.647022, 0.643639, 0.651103, 0.649239, 0.647557, 0.650459, 0.649239, 0.648787, 0.650728, 0.649868, 0.649051, 0.648273, 0.649867, 0.649203, 0.648571, 0.649768, 0.649216, 0.627705, 0.629157, 0.628516, 0.627903, 0.629145, 0.628584, 0.628042, 0.629144, 0.628642, 0.628158, 0.629188, 0.628737, 0.628300, 0.611584, 0.611003, 0.610439, 0.609894, 0.611049, 0.608858, 0.608372, 0.609391, 0.608929, 0.608478, 0.320779, 0.316289, 0.311872, 0.321081, 0.316422, 0.312340, 0.322597, 0.318640
42.310991, 60.704825, 60.704825, 46.109783, 43.444361, 43.449708, 29.813018, 29.644584, 29.518339, 29.424902, 29.513045, 29.677249, 29.617251, 45.142040, 45.055280, 44.991893, 44.960574, 39.352635, 39.291177, 39.321021, 39.314396, 39.304980, 51.956101, 37.021062; 33.324714, 33.428672, 33.528736, 33.689517, 33.779730, 39.555494, 39.649649, 39.739874, 39.794347, 38.137976, 38.169701, 38.127152, 38.196512, 37.835630, 37.876435, 37.924018, 37.989603, 38.046993, 38.104766, 38.164814, 38.063933, 38.154707, 38.207564, 38.259195, 38.298619, 38.253251, 38.302260
0.891925, 0.255937; 1.186899, 1.369835, 1.434853, 1.186491, 1.000348, 1.055878, 1.104948, 1.144551, 1.035657, 1.278409, 1.295643, 1.253002, 1.244333, 1.363037, 1.371599, 1.349131, 1.357020, 1.206090, 1.209398, 1.196619, 1.204914, 1.212516, 1.204928, 1.209624, 1.214599, 1.227342, 1.220830, 1.223229, 1.225271, 1.227497, 1.167779, 1.167548, 1.168604, 1.182784, 1.184524, 1.186483, 1.187630, 1.183157, 1.174962, 1.175857, 1.085946, 1.083181, 1.080495, 1.081486, 1.081528, 1.069545, 1.063277, 1.064032, 1.061521
22.048413, 24.992852, 21.870328, 21.429622, 21.964027, 9.642256, 10.034089, 9.952839, 5.995980; 5.962532, 3.152596, 3.689926, 3.817173, 3.702656, 3.863622, 3.861142, 3.944925, 3.822556, 3.891124, 3.820982, 3.905236, 3.853645, 3.820848, 2.420831, 2.401820, 2.406556, 2.386056, 2.374013, 2.381279, 2.336919, 2.344445, 2.335518, 2.339921, 2.319139, 2.377024, 2.384835, 2.376483, 2.366692, 2.559805, 2.587088, 2.577176, 2.597095, 2.588176, 2.596609, 2.756953, 2.730511, 2.727234, 2.754684, 2.748299, 2.733525, 2.728758
2.108308, 1.683429; 0.641971, 2.013086, 2.014333, 2.013165, 2.012958, 2.012890, 2.013175, 2.013151, 2.012884, 2.012804, 2.012947, 2.059412, 1.923377, 1.149205, 1.139744, 1.122600, 1.162616, 1.145029, 1.130417, 1.875659, 1.876034, 1.875931, 1.847686, 1.847900, 1.848093, 1.847686, 1.814234, 1.814949, 1.812998, 1.813712, 1.814372, 1.814982, 1.809255, 1.809883, 1.810470, 1.809200, 1.814509, 1.815046, 1.707619, 1.708174, 1.708608, 1.707485, 1.707912, 1.708317, 1.707455, 1.707856, 1.708237, 1.707430, 1.707807
56.699630, 0.000000, 0.000000, 0.000000, 0.000000, 0.000000, 0.000000, 0.000000, 0.000000, 0.000000, 0.000000, 0.000000, 0.000000, 0.000000; 0.000000, 0.000000, 0.000000, 0.000000, 0.000000, 0.000000, 0.000000, 0.000000, 0.000000, 0.000000, 0.000000, 0.000000, 0.000000, 0.000000, 0.000000, 0.000000, 0.000000, 0.000000, 0.000000, 0.000000, 0.000000, 0.000000, 0.000000, 0.000000, 18.226155, 18.246527, 18.245006, 18.250312, 18.251839, 18.226881, 18.244993, 18.110164, 18.128446, 18.034221, 18.050532, 18.053018, 17.804488
25.970290, 46.051702, 24.847401, 24.847401, 25.295044, 25.378349; 25.247010, 25.427584, 25.459139, 25.475624, 25.527113, 25.597143, 25.603100, 25.613671, 25.616098, 25.668592, 26.203860, 25.645420, 25.631307, 25.433635, 25.421493, 24.961342, 24.948651, 24.976427, 25.044284, 25.032732, 24.181790, 24.377101, 24.515126, 24.515536, 24.503570, 24.491684, 24.528235, 24.518195, 24.497370, 24.498650, 23.873906, 23.871917, 23.869608, 23.953702, 23.946587, 23.936293, 23.927367, 23.918470, 23.910983, 23.919434, 23.911302, 23.961462, 23.896502, 23.888845, 23.968622
0.295538, 0.591765; 0.590819, 0.522973, 0.051623, 0.488159, 0.489256, 0.489962, 0.496547, 0.503677, 0.506256, 0.505324, 0.505789, 0.338144, 0.334494, 0.362996, 0.367217, 0.368344, 0.366049, 0.452051, 0.452269, 0.452552, 0.452781, 0.455248, 0.454722, 0.454962, 0.455557, 0.455098, 0.455309, 0.455516, 0.455134, 0.486975, 0.487122, 0.486875, 0.486992, 0.133538, 0.247824, 0.244329, 0.245855, 0.256650, 0.254012, 0.259609, 0.260925, 0.258117, 0.259415, 0.260648, 0.258026, 0.258469, 0.259597, 0.257141, 0.259269
1.001783, 1.966864, 1.966717, 0.988831, 1.035182, 1.070884; 1.099780, 1.102842, 1.102467, 1.084813, 1.042782, 1.042109, 1.042796, 1.042346, 0.964461, 0.965164, 0.963983, 0.971617, 0.977368, 0.977089, 0.975961, 1.512866, 1.509416, 1.513235, 1.478467, 1.458803, 1.471206, 1.400449, 1.397598, 1.405520, 1.406276, 1.402701, 1.402737, 1.405075, 1.402383, 1.412481, 1.410077, 1.410925, 1.397688, 1.395563, 1.395871, 1.400918, 1.401525, 1.399645, 1.420675, 1.418594, 1.418910, 1.410013, 1.394201, 1.381174, 1.380037
74.506507, 73.049670, 54.460147, 54.918618, 60.127496, 45.232877, 45.540136, 31.664353, 27.623910, 28.023267, 26.123329, 46.932302, 47.030889, 46.780513, 47.219880, 46.508458, 47.352656, 47.753010, 47.901954, 47.935719, 65.162484, 65.304654, 66.778551; 64.234452, 64.295960, 64.469184, 64.125635, 64.265712, 64.220547, 64.272857, 64.334349, 64.433817, 64.481340, 64.419906, 63.968580, 64.006046, 64.240623, 63.924009, 63.974315, 64.049345, 64.055339, 64.102104, 64.176108, 62.860836, 62.907770, 63.018322, 62.736962, 62.779455, 62.816671, 62.563541, 62.592469
120.950820, 218.927905, 218.153803, 217.638601, 217.469297, 201.905555, 202.280895, 202.976538, 202.758201, 218.526088, 218.218513, 218.692586, 216.593802, 215.566725, 215.461819, 215.405290, 215.384758, 215.381323, 215.383025, 215.334440, 215.346434, 215.275494, 215.254751, 215.303207; 215.237845, 215.279218, 215.286504, 215.329481, 215.325738, 215.310264, 215.317505, 215.331695, 215.305502, 215.415942, 215.420445, 215.409740, 215.666521, 215.760952, 215.735035, 215.739125, 215.558472, 215.566055, 215.687059, 215.704734, 215.705453, 215.710090, 215.763678, 215.738358, 215.777147, 215.780835, 215.797833
0.010939, 0.247216; 2.201966, 1.401888, 0.383318, 0.383002, 0.383115, 0.383221, 0.139153, 0.112255, 0.123013, 0.131995, 0.055183, 0.049751, 0.056734, 0.035027, 0.043661, 0.040265, 0.033456, 0.020672, 0.122328, 0.125094, 0.118866, 0.927516, 0.922073, 0.933949, 0.928700, 0.923796, 0.917270, 0.927789, 0.923386, 0.919248, 0.928711, 0.924685, 0.920880, 0.929467, 0.925684, 0.922163, 0.918800, 0.926863, 0.923589, 0.920463, 0.927641, 0.924571, 0.893037, 0.899506, 0.896716, 0.824295, 0.821910, 0.827461, 0.824658
1.314212, 0.531615; 3.977342, 3.963361, 3.996663, 4.013940, 3.961718, 3.447316, 3.459457, 3.458257, 3.115843, 3.120419, 3.039460, 3.025099, 2.992224, 2.988321, 2.993422, 2.979321, 2.984604, 2.969632, 2.630499, 2.586611, 2.587929, 2.595522, 2.576172, 2.447821, 2.454032, 2.459521, 2.444577, 2.450112, 2.432383, 2.438528, 2.421855, 2.421493, 2.426387, 2.413488, 2.418360, 2.423201, 2.427584, 2.416002, 2.446348, 2.302030, 2.148390, 2.135807, 2.439729, 2.443437, 2.435013, 2.439945, 2.443456, 2.428355, 2.419105
0.000000, 0.000000, 0.000000, 0.000000, 0.000000, 0.000000, 0.000000, 0.000000, 0.000000, 34.328479, 34.221270, 33.608575, 32.784604, 32.834928, 32.535833, 32.580420, 32.600018, 32.624679; 32.376542, 32.360976, 32.393562, 32.339521, 32.334649, 32.083325, 32.084171, 33.182521, 33.099407, 33.103348, 33.030128, 33.028599, 32.743605, 32.753627, 32.625943, 32.633912, 32.610987, 32.613891, 32.476628, 32.447736, 32.430890, 31.449443, 31.458950, 31.417396, 31.369459, 31.243760, 31.223023, 31.168180, 31.091674, 31.098978, 30.977579, 30.974418, 30.913662
0.111406, 0.302096; 0.302130, 0.302035, 0.305566, 0.272428, 0.272084, 0.271868, 0.271725, 0.272243, 0.280668, 0.286998, 0.286448, 0.286504, 0.286704, 0.289408, 0.289017, 0.290002, 0.303677, 0.303303, 0.303703, 0.304074, 0.303238, 0.296279, 0.296278, 0.295514, 0.302152, 0.302464, 0.302756, 0.307116, 0.307396, 0.307659, 0.525333, 0.528581, 0.502252, 0.500886, 0.500531, 0.502783, 0.504938, 0.499957, 0.494730, 0.494275, 0.492979, 0.494849, 0.497522, 0.493477, 0.492031, 0.488775, 0.443217, 0.439637, 0.438298
0.093351, 0.093351, 0.345365; 0.666720, 0.701869, 0.723120, 0.693203, 0.654446, 0.187634, 0.198856, 0.152740, 0.142032, 0.145651, 0.147234, 0.146794, 0.367751, 0.374932, 0.381218, 0.124278, 0.102030, 0.109587, 0.116988, 0.132389, 0.113153, 0.119356, 0.125039, 0.130437, 0.120389, 0.125622, 0.129204, 0.135009, 0.164073, 0.166625, 0.169710, 0.173103, 0.162841, 0.166260, 0.169634, 0.171037, 0.162863, 0.165801, 0.168267, 0.524130, 0.519583, 0.521176, 0.521441, 0.522875, 0.508654, 0.510120, 0.510987, 0.512324
0.575613, 0.106679, 0.575294; 2.416644, 2.416644, 2.415270, 1.117335, 0.903582, 0.948751, 0.988471, 0.575831, 0.575763, 0.575779, 0.572638, 0.572619, 0.586168, 0.901012, 1.087147, 1.087186, 2.312011, 2.302397, 2.157963, 2.162239, 2.148684, 2.148898, 2.152850, 2.156431, 2.148475, 2.152263, 2.092878, 2.096977, 2.083413, 2.087614, 2.091515, 2.095149, 2.083896, 2.087614, 2.091096, 2.094252, 2.084167, 2.087502, 2.090646, 2.093615, 2.051718, 2.054752, 2.057630, 2.060366, 2.051975, 2.088010, 2.090210, 2.092312
0.000000, 0.000000, 0.000000, 0.000000, 55.767430, 55.774324, 55.771234, 55.095648, 54.246052, 70.283381, 72.565977, 71.680758, 71.787814, 71.836027, 71.913708, 61.735609, 61.694754, 61.697257, 61.719728, 61.726739; 60.767164, 65.827682, 65.813080, 65.788682, 65.801234, 65.791507, 66.523578, 66.275992, 66.209422, 66.225932, 66.213382, 66.075649, 66.085313, 65.927016, 65.502792, 65.286880, 64.918736, 64.934503, 64.929550, 64.872519, 65.155346, 64.732054, 65.421221, 65.190155, 65.201353, 64.936485, 65.053122, 65.061647, 65.070198, 65.070228, 64.989696
229.224029, 290.241354, 255.160894, 285.703537, 284.830289, 284.560830, 282.112617, 282.229392, 274.646680, 274.520731, 274.516418, 274.524937, 274.635735, 274.627840, 274.597296, 274.581955, 274.558180, 274.665301, 274.645245, 274.626865, 274.623840, 274.609415, 274.589292, 274.567444, 274.490417, 274.440699, 273.904231, 273.939197, 273.930808, 273.926273, 273.992746, 273.999342, 273.996027, 270.914235, 270.943981, 270.928178, 270.744972, 270.794100, 270.796806, 270.856371, 270.850686; 270.850004, 270.814548, 270.786193, 270.792389, 270.430032, 270.477849, 270.443804, 270.411721, 270.366616, 270.132434
0.390887, 1.600725, 0.475836; 0.201789, 0.163619, 1.324022, 1.306281, 1.295085, 1.269004, 1.310521, 1.246531, 1.246932, 1.241882, 1.238295, 1.313444, 0.708770, 0.719604, 0.718772, 0.718951, 0.726552, 0.710185, 0.551518, 0.555056, 0.551325, 0.552593, 0.562825, 0.745690, 0.742456, 0.739402, 0.737300, 0.734826, 0.743665, 0.741974, 0.739492, 0.737100, 0.734759, 0.694824, 0.691124, 0.689477, 0.611800, 0.609393, 0.606483, 0.617057, 0.566564, 0.564550, 0.517166, 0.519552, 0.482293, 0.437752, 0.441253, 0.444598
62.238790, 63.006046, 63.006078, 63.069928, 63.075691, 63.077061, 63.077390; 63.082751, 63.082702, 63.082664, 63.903519, 63.929624, 63.883543, 63.909501, 63.932155, 65.194005, 65.138526, 64.940026, 64.732924, 64.737125, 64.727991, 64.661291, 64.664678, 64.658604, 64.662166, 64.665108, 64.657593, 64.660289, 64.673176, 64.675879, 64.676273, 64.674411, 64.676804, 64.679022, 64.674952, 64.677121, 64.655594, 64.657780, 64.517440, 64.513496, 64.514943, 64.516323, 64.514895, 64.399278, 64.397270, 64.398738, 64.400140, 64.218391, 64.220758, 64.223027, 64.219359
19.296535, 39.262824, 20.744947, 21.212460, 20.626274, 19.357171, 84.700167, 84.795449, 84.869761, 83.017147, 82.234180, 82.207327, 81.793936, 82.211258, 82.193003, 81.956019, 82.351844, 82.342103, 82.131846, 70.824593, 70.623005; 70.668944, 70.752776, 70.590035, 70.662593, 69.218419, 69.164924, 69.084497, 69.124831, 68.320352, 68.422977, 68.316227, 72.306331, 72.416087, 72.419774, 72.395741, 72.572612, 72.565431, 72.650905, 72.589610, 72.568205, 72.658433, 71.444838, 71.435067, 71.459118, 71.449191, 71.464445, 71.382268, 71.395616, 71.421386, 71.427042
19.529280, 21.626422, 19.782104, 20.081403, 20.153257, 20.411857, 20.412419, 20.860993, 20.961221, 20.915569, 20.879510; 14.422814, 14.332761, 14.281044, 3.094861, 3.055732, 2.835534, 2.796827, 2.760881, 2.833137, 3.473555, 3.460703, 3.463967, 3.459163, 3.455404, 3.464980, 3.459525, 3.456229, 3.464773, 3.459873, 3.465562, 3.469884, 3.465850, 3.461551, 3.472403, 3.468442, 3.473404, 3.469408, 3.463585, 3.467249, 3.463685, 3.422282, 2.970642, 2.963802, 2.958352, 2.973886, 2.967620, 3.003237, 3.007960, 3.002665, 2.997868
1.180809, 0.880704, 1.876142, 1.819847, 1.151519, 1.152398, 1.154510; 0.940055, 0.938496, 0.942329, 0.936064, 0.935318, 0.903088, 0.905924, 0.905293, 0.900154, 0.896882, 0.896243, 0.900298, 0.876577, 0.876136, 0.877357, 0.874967, 0.874659, 0.875762, 0.876792, 0.876433, 0.878203, 0.878642, 0.878524, 0.878617, 0.879006, 0.878889, 0.879245, 0.879245, 0.879178, 0.879417, 0.879642, 0.879576, 0.879153, 0.880163, 0.880144, 0.880230, 0.880248, 0.880221, 0.880301, 0.805638, 0.805365, 0.805796, 0.847842, 0.859204
5.177736, 25.259148, 18.032556, 18.032331, 18.770857, 5.218995; 5.223102, 5.223086, 5.222554, 5.217758, 5.209152, 5.208836, 5.421787, 5.423568, 5.426668, 5.429419, 5.431912, 5.283058, 5.240418, 4.868594, 4.871852, 4.871510, 4.871221, 5.051456, 5.051037, 4.904364, 4.904183, 4.931319, 4.941234, 4.940131, 4.939099, 4.938134, 4.937228, 4.952203, 4.951436, 4.957804, 4.957124, 4.956479, 4.956943, 4.963662, 4.953904, 4.953293, 4.959480, 4.972422, 4.975373, 4.976507, 4.976419, 4.981808, 5.005641, 5.005275, 5.009251
1.043171, 6.178969, 6.300783, 2.933089, 2.336708, 2.305822, 2.194507; 2.054581, 2.188921, 1.863705, 1.669834, 1.402934, 1.433265, 1.718900, 1.716476, 1.714258, 1.800543, 1.806068, 3.015132, 3.010548, 2.998221, 3.023633, 3.014050, 3.006236, 2.999158, 2.971750, 2.990608, 2.976340, 2.956564, 2.930604, 2.953631, 2.947845, 2.941671, 2.168801, 2.158559, 2.170407, 2.167939, 2.168764, 2.167253, 2.181069, 2.183957, 2.267457, 2.338271, 2.337796, 2.338754, 2.321774, 2.292420, 2.291289, 2.204099, 2.205492, 2.206243
0.069063, 0.818240; 0.817764, 7.695639, 2.679328, 2.601638, 2.459362, 1.018210, 1.014139, 1.061587, 0.928192, 0.928379, 0.923365, 0.924437, 0.882818, 0.877516, 0.865780, 0.865416, 0.865219, 0.866037, 0.849399, 0.849962, 0.851602, 0.851041, 0.851534, 0.851309, 0.842649, 2.034885, 2.035305, 2.049248, 2.020127, 2.033015, 2.045800, 2.056069, 2.028432, 2.029634, 2.040619, 2.016124, 2.020460, 1.854902, 1.828509, 1.829243, 1.839499, 1.798398, 1.810883, 1.820914, 1.795369, 1.807149, 1.817700, 1.798276, 1.799174
8.003363, 4.071537, 3.518789, 3.518790; 4.510124, 4.520756, 4.492371, 5.444695, 6.483629, 6.825787, 6.833725, 6.871433, 6.883017, 6.866237, 6.876499, 6.886174, 6.899696, 6.105846, 6.121692, 5.946060, 5.850085, 5.700099, 5.267299, 5.273459, 5.941869, 5.944118, 5.941016, 5.942861, 5.944695, 5.946533, 5.846838, 5.848144, 5.849463, 5.730266, 5.730654, 5.544318, 5.545717, 5.546569, 5.547434, 5.548311, 5.466260, 5.469128, 5.439817, 5.546400, 5.546272, 5.546152, 5.546078, 5.610643, 5.668832, 5.668494, 5.685742
0.251268, 1.205710; 1.203718, 0.105717, 0.204763, 0.197873, 1.535231, 1.550257, 1.481897, 1.496790, 1.444437, 1.006148, 1.172724, 1.160445, 1.066787, 1.060291, 1.066650, 1.082271, 1.085623, 1.082307, 1.265285, 1.262440, 1.265467, 0.810160, 0.816022, 0.827578, 0.818569, 0.829503, 0.818291, 0.828599, 0.787359, 0.796749, 1.043647, 1.140944, 1.150149, 1.139796, 1.141100, 1.131023, 1.139160, 1.131276, 1.138658, 1.130085, 1.135601, 1.127441, 1.135010, 1.097436, 1.095245, 1.101606, 1.100055, 1.106250, 1.098950
30.135090, 33.718609, 33.716927, 33.716456, 33.789583, 33.617118, 31.303322, 31.330989; 31.399136, 31.255320, 28.307856, 28.353880, 28.348489, 28.390010, 28.348999, 28.343714, 28.185926, 28.204247, 28.157750, 27.996278, 27.977841, 27.986645, 28.341286, 28.402940, 28.418747, 28.426593, 28.445289, 28.471599, 28.473381, 28.456484, 28.473319, 26.350049, 23.311952, 22.963476, 23.076999, 26.797783, 26.353354, 26.325069, 26.329133, 26.279528, 26.240775, 26.244241, 26.220367, 26.268461, 26.276693, 26.232499, 26.224071, 25.842548, 25.258591, 25.290524, 25.285696
1.808635, 3.018473, 3.018473; 3.018473, 2.069344, 2.069274, 2.069274, 2.081592, 2.118376, 2.106695, 2.122867, 2.122077, 2.155800, 0.631642, 0.631565, 0.484329, 0.483788, 0.483641, 0.482816, 0.482816, 0.482616, 0.482031, 0.481887, 0.290590, 0.290228, 0.290225, 0.290225, 0.290070, 0.289988, 0.289986, 0.258484, 0.257622, 0.246885, 0.246885, 0.225683, 0.225680, 0.219664, 0.219664, 0.219636, 0.219454, 0.219446, 0.577077, 0.543410, 0.543411, 0.543374, 0.543390, 0.543390, 0.544677, 0.544678, 0.545184, 0.545184
1.686399, 3.455265, 2.184898, 2.164079; 1.697524, 0.409589, 0.950662, 0.983004, 0.980115, 0.953295, 0.952169, 0.982808, 1.042759, 1.145611, 1.154366, 1.151850, 1.149663, 1.147740, 1.148993, 1.161205, 0.563400, 0.110722, 1.127874, 1.355716, 1.353639, 1.351734, 1.364266, 1.361906, 1.359900, 1.005104, 1.003949, 0.764066, 0.755136, 0.765907, 0.765199, 0.763485, 0.761867, 0.760339, 0.762387, 0.761203, 0.759912, 0.768552, 0.767137, 0.774536, 0.766219, 0.769792, 0.768620, 0.767597, 0.774920, 0.773711, 0.774005
2.050612, 1.342866, 1.342866; 0.843214, 0.845289, 0.845610, 0.845874, 0.846096, 0.944773, 1.967956, 2.010603, 2.047368, 2.026276, 2.052352, 1.937205, 1.965509, 1.987917, 1.945010, 1.958825, 1.833683, 1.784201, 1.864549, 1.871735, 1.881556, 1.887838, 1.864920, 1.870801, 1.876386, 1.881622, 1.815763, 1.820073, 1.799635, 1.803763, 1.807722, 1.813088, 1.816735, 1.831276, 1.834777, 1.834200, 1.832602, 1.835431, 1.836803, 1.824758, 1.827386, 1.829951, 1.832363, 1.832190, 1.822147, 1.824087, 1.826170, 1.828275
1.133713, 2.114543, 1.973552, 1.959324, 2.146078; 2.124816, 2.120610, 1.838917, 1.844982, 1.742982, 1.745999, 1.746380, 1.743239, 1.693307, 1.690671, 1.691503, 1.669877, 1.669454, 1.669939, 1.767271, 1.766079, 1.763814, 1.692229, 1.694109, 1.694835, 1.693072, 1.601433, 1.601421, 1.601890, 1.602305, 1.602088, 1.600863, 1.616284, 1.616457, 1.616293, 1.616507, 1.621789, 1.621847, 1.600939, 1.595992, 1.600763, 1.601376, 1.601330, 1.596179, 1.596036, 1.595799, 1.604700, 1.601590, 1.600844, 1.600801, 1.600571
1.098729, 2.656874, 2.656874; 2.160704, 2.055489, 0.567117, 0.729411, 0.702798, 0.710099, 0.710364, 0.871295, 0.874631, 0.973321, 0.985491, 0.984029, 0.969074, 0.994616, 0.993580, 1.084937, 1.330330, 1.328625, 1.334615, 1.335087, 1.290462, 1.375683, 1.416284, 1.419141, 1.419234, 1.018306, 1.026198, 1.063663, 0.942171, 0.944818, 0.950223, 0.959601, 0.975762, 1.039050, 1.036131, 1.006226, 1.096066, 0.968842, 1.029448, 1.007645, 1.005497, 1.030930, 1.063111, 1.116500, 1.137670, 1.135813, 1.135131, 1.133145
0.998615, 1.967303, 1.967303; 0.628639, 0.624757, 0.631869, 0.633056, 0.604871, 0.603320, 0.603331, 0.580223, 0.626860, 0.479736, 0.481006, 0.477943, 0.507784, 0.505520, 0.502403, 0.511577, 0.508942, 0.512903, 0.512856, 0.613916, 0.611636, 0.604365, 0.603715, 0.629333, 0.627105, 0.596047, 0.594759, 0.666194, 0.666002, 0.711083, 0.710158, 0.698004, 0.695327, 0.695112, 0.643270, 0.715393, 0.714738, 0.707727, 0.706874, 0.706378, 0.705796, 0.791472, 0.779784, 0.778873, 0.779671, 0.779115, 1.094058, 1.096473
2.644398, 2.483732; 4.489489, 4.703040, 4.155545, 4.128856, 3.852240, 3.950542, 4.052098, 2.601070, 2.457440, 2.576274, 2.456530, 2.547480, 2.448868, 2.532291, 2.718991, 2.776923, 2.698981, 2.767879, 2.698506, 2.776401, 2.714932, 2.769999, 2.715060, 2.761858, 2.713185, 2.758708, 2.790272, 2.785105, 2.753871, 2.740485, 2.690408, 2.726464, 2.690399, 2.724160, 2.693916, 2.726040, 2.714557, 2.733291, 2.703242, 2.698643, 2.671997, 2.695801, 2.670742, 2.695876, 2.662390, 2.681314, 2.655249, 2.677257, 2.659466
0.334601, 1.390653, 1.971287; 2.610298, 2.498360, 2.529797, 2.525741, 2.509831, 2.525759, 2.498425, 1.867812, 1.674693, 1.697885, 1.728529, 1.758385, 1.784946, 1.694566, 1.376217, 1.405260, 1.432192, 1.441036, 1.467168, 1.359970, 0.986826, 0.980235, 0.940237, 0.945069, 0.954388, 0.935233, 0.897462, 0.907185, 0.884834, 0.796995, 0.792754, 0.762647, 0.767448, 0.751093, 0.760677, 0.743154, 0.700064, 0.719967, 0.715759, 0.667666, 0.402230, 0.401518, 0.406776, 0.416602, 0.403492, 0.480914, 0.409074, 0.389682
21.193419, 20.964578, 20.937910, 20.953196, 20.957015; 20.964408, 21.376412, 21.384449, 21.367771, 21.373915, 21.362308, 21.384257, 21.373653, 21.373813, 21.365295, 21.370219, 21.363436, 21.367350, 21.361134, 21.377521, 21.380259, 21.374661, 21.335796, 21.331194, 21.326625, 21.398241, 21.393097, 21.395712, 21.400340, 21.397167, 21.387136, 21.379829, 21.382134, 21.379353, 21.389039, 21.386552, 21.388887, 21.389039, 21.391039, 21.388790, 21.338622, 21.336656, 21.332556, 21.333560, 21.219479, 21.207543, 21.207620, 21.207577, 21.194645, 21.194508, 21.195102
1.289995, 1.231154, 3.059003; 0.762030, 0.894527, 0.707551, 0.755740, 0.676809, 0.641369, 0.677299, 0.462149, 0.369154, 0.377824, 0.306290, 0.316332, 0.425302, 0.430319, 0.481147, 0.553989, 0.527195, 0.609529, 0.676420, 0.648627, 1.240444, 1.132374, 1.119623, 1.137952, 1.124732, 1.112721, 1.105712, 1.670846, 1.690609, 1.725795, 2.383454, 2.558086, 2.571810, 2.580703, 2.590225, 2.582205, 2.565325, 2.556856, 2.258456, 2.244546, 2.253408, 2.249751, 2.233949, 2.243272, 2.248565, 2.235208, 1.605715, 1.610886
2.004627, 2.401793, 2.420166, 3.130596, 3.091120, 3.005312; 2.964557, 2.943701, 2.962797, 2.980751, 2.940722, 2.883317, 2.881213, 2.882966, 2.881171, 2.523905, 2.542972, 2.560368, 2.571244, 2.575588, 2.572290, 2.576215, 2.573250, 2.576829, 2.580236, 2.576440, 2.580078, 2.577537, 2.580415, 2.591551, 2.589398, 2.592186, 2.587588, 2.585504, 2.526207, 2.524351, 2.486461, 2.485177, 2.486835, 2.525140, 2.525257, 2.523819, 2.525345, 2.524641, 2.526100, 2.525136, 2.476049, 2.476383, 2.476102, 2.476487, 2.476216
2.610911, 3.768364, 2.700459, 2.668522, 2.645724, 2.643663, 2.644807; 2.642661, 0.948323, 0.905016, 1.041106, 1.001623, 1.018166, 0.978190, 0.771723, 0.709261, 0.702927, 0.696956, 0.713273, 0.707265, 0.710931, 0.706734, 0.674271, 0.681776, 0.702186, 0.697636, 0.704465, 0.700388, 0.702569, 0.654239, 0.662513, 0.684652, 0.574788, 0.573679, 0.628314, 0.627380, 0.557856, 0.559684, 0.561055, 0.645070, 0.647391, 0.781458, 0.786115, 0.792427, 0.797470, 0.799806, 0.793397, 0.790088, 0.790661, 0.783089, 0.778856
1.312326, 1.942800, 1.900042, 1.899956, 1.850017; 1.848570, 1.870004, 1.868721, 1.868770, 1.871524, 1.867214, 1.845633, 1.844468, 1.845639, 1.572663, 1.548415, 1.538683, 1.510899, 1.576946, 1.532106, 1.529523, 1.519451, 1.523134, 1.529888, 1.529575, 1.530639, 1.530860, 1.530552, 1.530149, 1.521637, 1.545313, 1.544720, 1.513844, 1.514639, 1.511874, 1.513834, 1.513271, 1.514518, 1.347325, 1.372529, 1.412214, 1.405365, 1.413139, 1.415171, 1.413272, 1.412105, 1.407310, 1.413471, 1.416333, 1.414646, 1.413515
0.998529, 0.998529, 0.998529, 0.998529, 0.998529, 0.998529; 0.858508, 0.470756, 0.465403, 0.461344, 0.459278, 0.456530, 0.454231, 0.476556, 0.474680, 0.479828, 0.505452, 0.517897, 0.517507, 0.516013, 0.514885, 0.513452, 0.512151, 0.550084, 0.549065, 0.570771, 0.570159, 0.570145, 0.511147, 0.508254, 0.503795, 0.540933, 0.541825, 0.537994, 0.537863, 0.532588, 0.530424, 0.573530, 0.573452, 0.586542, 0.588053, 0.587041, 0.559123, 0.564734, 0.563874, 0.564434, 0.561514, 0.560335, 0.557652, 0.560149, 0.550899
0.465435, 0.465435, 0.464895; 0.465245, 0.465198, 0.474313, 0.478438, 0.458966, 0.458960, 0.458971, 1.136014, 1.138443, 1.121188, 0.958284, 0.058518, 0.043743, 0.032099, 0.012931, 0.003790, 0.004488, 0.033970, 0.023968, 0.015731, 0.386935, 0.385368, 0.392163, 0.421889, 1.088012, 1.087886, 1.087749, 1.087597, 1.084832, 1.084792, 1.084135, 1.082745, 1.082636, 1.083044, 1.082983, 1.083726, 1.081730, 1.017024, 1.016650, 1.006890, 0.926424, 0.921740, 0.923412, 0.923024, 0.924495, 0.924127, 0.923812, 0.914231
1.493779, 21.575191, 7.554799, 14.753438, 2.417003, 2.407433; 2.421624, 2.419309, 3.182123, 4.725312, 4.727988, 4.728192, 4.728379, 2.872197, 2.852867, 2.823167, 3.222704, 3.233778, 3.005546, 1.898650, 1.898459, 1.899372, 1.888093, 1.887961, 1.883437, 1.883254, 1.883152, 1.883059, 1.884135, 1.864083, 1.900919, 1.620558, 1.695692, 1.710415, 1.708300, 1.840165, 1.839399, 1.837835, 1.836312, 1.852267, 1.850592, 1.934503, 1.932863, 1.958484, 1.954975, 1.952490, 1.962590, 1.956456, 1.955067, 1.952463, 1.964179
0.120065, 1.358144; 1.391197, 1.117985, 1.148408, 1.122949, 0.005605, 0.004969, 0.012931, 0.011755, 0.026160, 0.007931, 0.008015, 0.007891, 0.008014, 0.007843, 0.101456, 0.078594, 0.074813, 0.080156, 0.080311, 0.078131, 0.068603, 0.062516, 0.029249, 0.032625, 0.040074, 0.037653, 0.037645, 0.015445, 0.015317, 0.011617, 0.011917, 0.011734, 0.011672, 0.011790, 0.134027, 0.138242, 0.139189, 0.132103, 0.133687, 0.132773, 0.131920, 0.133339, 0.141446, 0.145884, 0.128120, 0.072637, 0.072299, 0.073237, 0.067941
0.113756, 1.229318; 1.229318, 1.671412, 1.661845, 0.047043, 0.109113, 0.403196, 0.443033, 0.344093, 0.543553, 0.558862, 0.515763, 0.378590, 1.109294, 0.853675, 0.824055, 0.751824, 0.772110, 0.451929, 0.459437, 0.453866, 1.191369, 1.190620, 1.191924, 1.191352, 1.190706, 1.191860, 1.191244, 1.192240, 1.191662, 1.190523, 1.186391, 1.186028, 1.185147, 1.185956, 1.185503, 1.185013, 1.185873, 1.185337, 1.186021, 1.187531, 1.187086, 1.187513, 1.187157, 1.186756, 1.187454, 1.187052, 1.186658, 1.187329, 1.163373
0.980507, 0.093204; 0.093204, 0.093204, 0.093204, 0.534134, 0.597469, 0.105130, 0.104631, 0.164641, 0.164259, 0.163780, 0.163418, 0.174421, 0.230059, 0.232145, 0.231196, 0.230390, 0.232038, 0.231246, 0.230504, 0.411034, 0.398045, 0.402591, 0.393706, 0.397805, 0.393431, 0.385384, 0.388995, 0.392543, 0.382370, 0.382038, 0.385093, 0.378856, 0.381722, 0.384888, 0.387647, 0.381840, 0.205357, 0.209128, 0.199948, 0.203572, 0.206714, 0.199403, 0.202771, 0.206029, 0.198135, 0.201271, 0.204160, 0.197739, 0.252245
1.699985, 1.063997; 1.063997, 1.011306, 1.025994, 1.026706, 1.025144, 1.025880, 1.023648, 1.021687, 1.017786, 1.018046, 1.018878, 1.018349, 1.021981, 1.020444, 1.020889, 1.022017, 0.985707, 1.008059, 1.008427, 1.035834, 1.036591, 1.627304, 1.631949, 1.631684, 1.609040, 1.607364, 1.611039, 1.609491, 1.606023, 1.604408, 1.607571, 1.606386, 1.597122, 1.600065, 1.598931, 1.597883, 1.597391, 1.600012, 1.599010, 1.603842, 1.592590, 1.594914, 1.593597, 1.563887, 1.566004, 1.565195, 1.564429, 1.563701, 1.566198
0.325453, 2.678577, 2.647134, 1.236700, 2.041358; 2.154322, 2.019958, 1.461592, 1.423032, 1.354334, 1.321139, 1.488309, 1.225069, 1.113860, 1.182215, 1.217406, 1.219005, 1.326090, 1.286078, 1.292972, 1.255900, 1.287713, 1.053144, 1.038547, 1.030525, 1.026532, 1.043247, 1.190293, 1.207666, 1.178435, 1.167077, 1.164551, 1.013384, 1.008403, 0.910814, 0.790684, 0.783634, 0.777486, 0.786102, 0.738735, 0.742951, 0.775634, 0.673347, 0.724657, 0.799571, 0.796281, 0.709152, 0.706987, 0.706099, 0.713034, 0.716965
200.591860, 200.591860, 163.543021, 257.946942, 262.091732, 228.151183, 230.756909, 230.923153, 230.937852, 230.236944, 256.389334, 253.021511, 253.353741, 253.154514, 253.429536, 252.378383, 252.532172, 251.225174, 253.161361, 253.717814, 253.673984, 266.504738, 266.547549, 266.428259, 266.450317, 266.426611, 266.432430, 267.651759, 267.689187, 267.717273, 267.681559, 267.711865, 267.678288, 267.501596, 267.473937, 267.455503, 266.308519, 266.330832, 266.337573, 266.255637, 266.272995, 266.114378, 266.132001, 266.125978; 266.134898, 264.977907, 264.976432, 265.007921, 264.828196, 264.840294, 264.837145
3.158078, 2.828832, 2.895127; 2.894230, 2.868031, 2.855940, 2.727520, 4.240824, 4.212989, 3.818885, 3.822533, 3.782275, 3.788694, 3.758113, 3.759529, 4.233916, 4.248686, 4.258022, 4.271272, 3.817637, 3.782656, 3.913865, 3.879296, 3.884905, 3.888246, 4.167928, 4.165946, 4.168513, 4.166525, 4.162163, 4.160436, 4.162600, 3.889028, 3.965569, 3.964243, 3.962899, 3.961655, 3.961229, 3.986282, 3.985264, 3.972140, 3.967883, 3.969282, 3.965673, 3.948070, 3.949239, 3.957138, 3.956582, 3.951297, 3.951101, 3.841273
1.758636, 2.290295, 2.290295, 2.290378, 2.229667, 2.290290, 2.290290; 2.290290, 2.335164, 2.335255, 2.314837, 2.312811, 2.312803, 2.306106, 2.306225, 2.306220, 2.306049, 2.330596, 2.330641, 2.330290, 2.330184, 2.329581, 2.783712, 2.765893, 2.766352, 2.767274, 2.647515, 2.673809, 2.674165, 2.674542, 2.674851, 2.675140, 2.674961, 2.675202, 2.671644, 2.668047, 2.668289, 2.668591, 2.657466, 2.657823, 2.655775, 2.563525, 2.563802, 2.564066, 2.564316, 2.564277, 2.564528, 2.564747, 2.539453, 2.538722, 2.538962
0.970365, 2.863658, 1.535425, 1.454646, 1.446007, 1.496632, 1.562274; 1.151434, 1.163982, 1.182122, 1.334614, 1.269289, 1.287089, 1.284640, 1.505681, 1.523455, 1.528301, 1.510804, 1.529622, 1.251760, 1.247173, 1.020932, 1.016272, 1.035217, 1.060145, 1.291221, 1.323668, 1.304369, 1.146587, 1.113434, 1.083682, 1.073281, 1.069129, 1.063492, 1.108457, 1.104245, 1.048010, 1.027868, 1.021377, 1.214592, 1.193296, 1.179957, 1.186597, 1.242501, 1.259637, 1.250721, 1.242431, 1.261521, 1.196659, 1.170710, 1.170083
21.639557, 22.272079, 20.593205; 20.589348, 20.572135, 20.568783, 20.569737, 20.782667, 20.800139, 20.813036, 20.825300, 20.787239, 20.794949, 20.779807, 20.811157, 20.816686, 20.796641, 20.799430, 20.671146, 20.678220, 20.667929, 21.429952, 21.459770, 21.436840, 21.443348, 21.419581, 21.428282, 21.434690, 21.416293, 21.438738, 21.444638, 21.450101, 21.450264, 21.885511, 21.855325, 21.869179, 21.870863, 21.878435, 21.852140, 21.859798, 21.866650, 21.873691, 21.717141, 18.696542, 18.718148, 18.784789, 18.801660, 18.744368, 18.761376, 18.777409, 18.792573
0.287718, 0.923707; 0.133568, 0.133568, 0.345076, 0.339130, 0.356200, 0.446265, 0.445759, 0.445348, 0.446461, 0.446084, 0.446892, 0.447609, 0.327912, 0.326419, 0.327534, 0.329337, 0.328659, 0.328062, 0.351506, 0.368435, 0.368026, 0.367660, 0.354417, 0.353443, 0.352509, 0.354056, 0.356331, 0.355509, 0.354717, 0.364744, 0.366530, 0.365892, 0.365273, 0.366856, 0.324738, 0.329862, 0.329450, 0.330519, 0.330129, 0.323983, 0.329960, 0.330558, 0.330266, 0.331584, 0.332331, 0.332057, 0.332569, 0.348802, 0.349212
1.435852, 2.398663, 5.006724; 1.435852, 1.433107, 1.433172, 1.443613, 1.443775, 1.443859, 1.443870, 1.443188, 1.436230, 1.444362, 1.435296, 1.435130, 1.375185, 1.369803, 1.368431, 1.366796, 1.365604, 1.364180, 1.370364, 1.369299, 1.368009, 1.366873, 1.310516, 1.303720, 1.302793, 1.301823, 1.300861, 1.299978, 1.298925, 1.302985, 1.304187, 1.300780, 1.299959, 1.313357, 1.305564, 1.302028, 1.301340, 1.300731, 1.300089, 1.314947, 1.315349, 1.317912, 1.317380, 1.316871, 1.316372, 1.315884, 1.311523, 1.311071
2.182446, 17.898965, 3.377609, 3.377586, 3.362593, 3.344225; 3.537359, 3.353423, 3.382128, 3.409829, 3.366638, 3.387452, 3.408670, 3.396106, 3.404194, 3.422875, 3.440664, 3.281412, 3.294236, 3.303063, 3.305887, 3.316517, 3.326497, 3.336588, 3.345515, 3.354598, 3.235573, 3.221949, 3.137030, 3.069546, 3.074520, 3.076889, 3.083677, 3.090512, 3.090687, 3.097191, 3.103708, 3.069212, 3.074857, 3.020643, 3.024671, 3.029064, 3.023350, 3.028361, 3.033349, 3.037811, 2.974959, 3.033190, 3.025321, 3.029611, 2.989283
1.327477, 2.885622, 2.885622; 2.885622, 2.885622, 1.701766, 1.701210, 1.703414, 1.710512, 1.709909, 1.709454, 1.708848, 1.713718, 1.756180, 1.757875, 1.757687, 1.758481, 1.758264, 1.758071, 1.756917, 1.757567, 1.757368, 1.757153, 1.756991, 1.903970, 1.905536, 1.905014, 1.904591, 1.881000, 1.883221, 1.882574, 1.881962, 1.881382, 1.881183, 1.883085, 1.882540, 1.882019, 1.881425, 1.874047, 1.867725, 1.867218, 1.866527, 1.868154, 1.867663, 1.867201, 1.866757, 1.842877, 1.844172, 1.843796, 1.843445, 1.843094
23.873149, 24.760452; 20.805158, 21.268367, 20.536182, 22.438165, 22.376606, 22.328451, 22.408110, 21.909012, 21.866410, 21.870628, 21.859726, 22.535997, 22.525867, 22.548599, 22.846310, 22.829417, 22.865596, 22.853343, 22.842415, 22.543022, 22.532551, 22.522971, 22.541100, 22.565272, 22.791842, 22.820512, 22.733467, 23.889248, 23.894229, 23.885602, 23.880367, 23.874769, 23.886807, 23.881417, 23.882155, 23.893141, 23.876364, 23.744555, 23.753141, 23.747674, 23.782414, 23.783031, 23.778803, 23.771195, 23.779571, 23.775682, 23.771949, 23.858616, 23.854807
67.134594, 63.915718, 63.915717, 63.915717, 63.915718, 63.915718, 63.915718, 63.915718; 63.742647, 63.791841, 63.787021, 63.776956, 63.900411, 63.900196, 63.902174, 63.902473, 63.902848, 63.902574, 63.902371, 63.902561, 63.902418, 63.902121, 63.908442, 63.908409, 63.908531, 63.908457, 63.908343, 63.908020, 63.907865, 63.906819, 63.906692, 63.906605, 63.907785, 63.907716, 63.907681, 63.908775, 63.908689, 63.908618, 63.908669, 63.908680, 63.908669, 63.908596, 63.908802, 63.908764, 63.908682, 63.908290, 63.908263, 63.882304, 63.882267, 63.890309, 63.890542
0.317592, 0.163441; 0.163441, 0.155221, 0.113159, 0.039155, 0.064184, 0.061707, 0.057252, 0.084341, 0.210585, 0.105079, 0.111355, 0.124930, 0.121593, 0.076757, 0.063676, 0.050033, 0.043861, 0.048255, 0.051356, 0.180501, 0.174347, 0.178767, 0.169196, 0.206071, 0.206228, 0.204052, 0.194632, 0.197802, 0.177377, 0.176855, 0.168961, 0.171923, 0.407504, 0.401232, 0.403614, 0.029166, 0.008571, 0.064518, 0.063309, 0.064863, 0.030587, 0.028550, 0.029930, 0.032005, 0.028419, 0.023539, 0.001726, 0.002981, 0.000357
1.184873, 1.017819; 1.018534, 0.839676, 0.841850, 0.988254, 1.059863, 1.107128, 1.121236, 1.073633, 1.062563, 1.065812, 1.068676, 1.073350, 1.075689, 1.077957, 1.079814, 1.050557, 1.078884, 1.080200, 1.083835, 1.107103, 1.099800, 1.101545, 1.097113, 1.244891, 1.218071, 1.218008, 1.216999, 1.257346, 1.257410, 1.257927, 1.269662, 1.271248, 1.267205, 1.267360, 1.267576, 1.261879, 1.261745, 1.261805, 1.262376, 1.262930, 1.247250, 1.246519, 1.244649, 1.237889, 1.236890, 1.227670, 1.227493, 1.227830, 1.226833
1.744940, 1.744940, 1.962893; 1.953370, 0.727455, 0.693363, 0.642242, 0.642426, 0.640010, 0.635837, 0.583469, 0.583829, 0.584120, 0.703557, 0.810348, 0.812862, 0.815003, 0.810870, 0.812518, 0.813988, 0.814414, 0.816136, 0.817579, 0.805774, 0.808034, 0.803312, 0.808544, 0.813254, 0.814843, 0.815049, 0.841339, 0.839403, 0.839657, 0.867019, 0.873204, 0.873019, 0.871152, 0.871870, 0.872593, 0.867340, 0.867632, 0.869050, 0.865757, 0.857097, 0.856149, 0.856890, 0.857376, 0.857772, 0.858298, 0.858841, 0.858376
0.245711, 0.245711; 1.813582, 1.927477, 0.945038, 1.267601, 1.184988, 1.215481, 1.236949, 1.455415, 1.406665, 1.421025, 1.473871, 1.488269, 1.507962, 0.968176, 0.938623, 0.830778, 0.823052, 0.590596, 0.547278, 0.551191, 0.556421, 0.562495, 0.437042, 0.442340, 0.437845, 0.410660, 0.387620, 0.390730, 0.392580, 0.404188, 0.397128, 0.396996, 0.364378, 0.363055, 0.373993, 0.385464, 0.386236, 0.384263, 0.391756, 0.392536, 0.374665, 0.372810, 0.373505, 0.374172, 0.372487, 0.469531, 0.492981, 0.526291, 0.525968
3.524925, 3.524925, 3.553360, 3.887061, 4.966583; 4.908630, 4.940686, 4.922884, 4.897961, 4.913191, 4.949261, 4.925317, 4.925816, 4.934427, 4.885986, 4.887220, 4.873820, 4.880970, 4.820976, 4.828228, 4.833742, 4.785143, 4.775834, 4.767972, 4.773767, 4.777499, 4.775404, 4.777884, 4.683008, 4.677680, 4.678428, 4.681791, 4.685529, 4.683938, 4.672484, 4.584615, 4.586162, 4.586778, 4.587755, 4.586113, 4.589073, 4.587187, 4.588900, 4.587372, 4.588766, 4.589406, 4.591429, 4.589797, 4.588443, 4.588538, 4.593708
0.193275, 1.636728, 0.001974, 0.044663; 0.042450, 0.046321, 0.060912, 0.061452, 0.207142, 0.207054, 0.206619, 0.207160, 0.300937, 0.311868, 0.156246, 0.157982, 0.157873, 0.137381, 0.104711, 0.103857, 0.123966, 0.123265, 0.121722, 0.121060, 0.120416, 0.119788, 0.123365, 0.122862, 0.122094, 0.103289, 0.102931, 0.077328, 0.078382, 0.080232, 0.079955, 0.060706, 0.060448, 0.060200, 0.059955, 0.076297, 0.076069, 0.077435, 0.052289, 0.051157, 0.050978, 0.050807, 0.050626, 0.050443, 0.051522, 0.051360, 0.051207
1.753538, 2.069289, 2.069606, 2.067998; 2.071249, 0.855527, 0.866239, 0.860426, 0.865926, 0.870781, 0.877071, 0.761320, 0.767429, 0.770079, 0.774746, 0.780710, 0.722460, 0.723649, 0.726563, 1.029825, 1.028617, 1.028710, 1.016020, 1.011828, 1.011151, 1.028280, 1.027875, 1.029491, 1.028978, 1.028097, 1.217250, 1.217645, 1.241795, 1.241529, 1.241171, 1.240975, 1.241913, 1.241672, 1.241511, 1.241223, 1.252547, 1.252721, 1.252884, 1.249915, 1.249994, 1.248840, 1.248951, 1.249062, 1.247966, 1.248096, 1.250320
21.521651, 21.521651, 1.576031, 1.576212, 5.140070, 5.140232, 5.193934, 5.706423, 5.709061, 6.200948, 6.212112; 6.125561, 6.165736, 6.168440, 6.407014, 6.408239, 6.409274, 6.412668, 6.413995, 6.422369, 6.422948, 6.427044, 6.640213, 6.640461, 6.663128, 6.668768, 0.693188, 0.709727, 0.728725, 0.733644, 0.731720, 0.729552, 0.743908, 0.802777, 0.799617, 0.796281, 0.797711, 0.810515, 0.807681, 0.804682, 0.802417, 0.830163, 0.844816, 0.895586, 0.970798, 0.951227, 0.969696, 0.974325, 0.973193, 0.989632, 0.988229
2.448687, 2.671830, 2.676052, 3.065774; 3.612989, 3.565775, 8.267296, 5.634943, 3.782627, 2.774295, 2.773973, 2.774311, 2.769051, 2.769642, 2.769378, 2.715604, 2.699014, 2.698050, 2.704359, 2.706554, 2.707170, 2.695437, 2.713609, 2.710761, 2.710407, 2.696001, 2.688724, 2.684991, 2.850520, 2.851694, 2.857574, 2.861077, 2.862037, 2.843205, 2.848235, 2.851477, 2.852343, 2.853022, 2.918053, 2.909031, 2.751389, 2.747790, 2.717374, 2.711780, 2.709047, 2.730693, 2.882436, 2.878561, 2.876064, 2.874046, 2.850988
0.624345, 1.314564; 1.315854, 0.626779, 0.549644, 0.599785, 0.598984, 0.635562, 0.771295, 0.397067, 0.387683, 0.383487, 0.416198, 0.499011, 0.503152, 1.091926, 1.102009, 1.089462, 0.772869, 0.753941, 0.762857, 0.739893, 0.759494, 0.776886, 0.745399, 0.762625, 0.823316, 0.837095, 0.821270, 0.842504, 0.827892, 0.839289, 0.826051, 0.837032, 0.842954, 0.838010, 0.847842, 0.969216, 0.976342, 0.965995, 0.974458, 0.971783, 0.979664, 0.973018, 0.981721, 0.988885, 1.016250, 1.017550, 1.009814, 1.015962, 1.017120
0.678986, 0.664749; 0.194649, 0.007625, 0.055349, 0.095322, 0.068957, 0.076957, 0.230444, 0.223613, 0.212879, 0.931556, 0.830249, 0.754903, 0.751786, 0.749525, 0.743351, 0.774422, 2.129699, 2.156236, 2.179669, 2.117188, 2.138278, 2.159032, 2.097138, 2.112467, 2.130755, 2.121123, 2.075558, 2.083849, 2.098394, 2.120057, 2.079924, 2.094518, 2.107342, 1.252793, 1.264756, 1.270744, 1.276904, 1.253697, 1.250481, 1.258802, 1.251999, 1.230988, 1.238607, 1.245674, 1.232174, 1.239226, 1.242373, 1.249180, 1.231375
0.638108, 0.638108, 0.241364, 0.377106, 0.376844, 0.377865; 0.373875, 0.314142, 0.314507, 0.411985, 0.411689, 0.455583, 0.452729, 0.464955, 0.463522, 0.386997, 0.364000, 0.370114, 0.390178, 0.343408, 0.325988, 0.392709, 0.393191, 0.393195, 0.392681, 0.392204, 0.391931, 0.392668, 0.402783, 0.652801, 0.652750, 0.652698, 0.652439, 0.652388, 0.652178, 0.610410, 0.610318, 0.607721, 0.569170, 0.570062, 0.572372, 0.539413, 0.539275, 0.493228, 0.493039, 0.488035, 0.487761, 0.487593, 0.473938, 0.475261, 0.459213
23.389975, 23.182424, 23.679970, 23.847408; 24.882182, 24.860662, 24.855171, 24.853708, 24.800534, 24.791271, 24.804841, 24.809675, 24.858456, 24.856121, 24.884728, 24.896508, 24.887452, 24.889901, 24.889557, 24.885159, 24.890760, 24.775102, 24.771034, 24.761098, 24.766798, 24.764266, 24.781364, 24.714617, 24.691744, 24.694111, 24.689637, 24.694115, 24.695947, 24.684049, 24.615837, 24.612723, 24.588577, 24.660174, 24.660868, 24.691485, 24.651068, 24.649336, 24.515780, 24.509378, 24.512596, 24.505006, 24.504303, 24.499580, 24.503127, 24.507162, 24.489059
0.390887, 0.557245, 0.090326; 0.027269, 0.080753, 0.070500, 0.063249, 0.058962, 0.147133, 0.171833, 0.166201, 0.165857, 0.234211, 0.235239, 0.250263, 0.255549, 0.252608, 0.221377, 0.218057, 0.217797, 0.194949, 0.197816, 0.238271, 0.234516, 0.231320, 0.162652, 0.163633, 0.168744, 0.164480, 0.158078, 0.169633, 0.142637, 0.139646, 0.145903, 0.143323, 0.144542, 0.162503, 0.158272, 0.084731, 0.081776, 0.077707, 0.069755, 0.079448, 0.090908, 0.085742, 0.087371, 0.084039, 0.107188, 0.107056, 0.084167, 0.083243
0.449599, 1.659437, 1.659437; 0.826464, 2.295973, 3.067164, 1.669481, 1.663188, 1.654465, 1.610310, 1.622788, 1.620228, 1.616255, 1.474741, 0.908944, 0.267228, 0.265453, 0.263837, 0.262472, 0.267188, 0.270074, 0.271435, 0.270289, 0.270556, 0.269461, 0.275154, 0.452321, 0.463542, 0.463095, 0.462432, 0.540452, 1.029323, 1.045284, 1.060267, 1.016674, 1.031273, 0.931333, 0.932397, 0.927858, 0.941367, 0.954336, 0.962971, 0.944119, 0.949996, 0.865394, 0.824069, 0.633411, 0.573424, 0.411957, 0.434535, 0.444215
2.332455, 6.238168, 6.238168, 2.623107, 2.685626, 2.915834, 2.907768, 2.884448, 2.627754, 2.625447, 2.625700; 2.643624, 2.338700, 2.342114, 2.341600, 2.341339, 2.239526, 2.277327, 2.275851, 2.276027, 2.274920, 2.275187, 2.278168, 2.279587, 2.253465, 2.255285, 2.254870, 2.239501, 2.239452, 2.241966, 2.387947, 2.387985, 2.388598, 2.473132, 2.474684, 2.476507, 2.471813, 2.490077, 2.491007, 2.494183, 2.510123, 2.511487, 2.776008, 2.762285, 2.702420, 2.840073, 2.840613, 2.828435, 2.828892, 2.828745, 2.806672
0.143212, 0.143212; 0.148077, 0.143916, 0.138607, 0.138652, 0.138536, 0.138919, 0.138945, 0.150774, 0.151132, 0.150915, 0.150073, 0.163113, 0.166822, 0.166411, 0.166054, 0.166997, 0.156980, 0.156727, 0.160719, 0.167594, 0.167268, 0.166962, 0.166526, 0.166245, 0.165990, 0.165982, 0.166613, 0.166375, 0.063255, 0.056290, 0.053648, 0.055734, 0.003689, 0.002045, 0.000716, 0.001934, 0.001657, 0.003525, 0.633967, 0.632836, 0.631745, 0.634642, 0.639352, 0.638372, 0.640901, 0.639941, 0.639013, 0.638180, 0.640549
5.337933, 6.784661, 6.784644, 6.784635, 6.784633, 6.781061, 6.262140, 6.393829, 6.397770, 6.410905, 6.369089; 6.366528, 6.374904, 6.675620, 6.676321, 6.663536, 6.664388, 6.662643, 6.666706, 6.665655, 6.666249, 6.666745, 6.670580, 6.664226, 6.661818, 6.660694, 6.662481, 6.646714, 6.654790, 6.683959, 6.686100, 6.686712, 6.676237, 6.678086, 6.677668, 6.677817, 6.679878, 6.681492, 6.682777, 6.682434, 6.687553, 6.687762, 6.689054, 6.690204, 6.690304, 6.691856, 6.693203, 6.684132, 6.685114, 6.685610, 6.683642
65.725146, 63.899682, 65.725009, 65.725065, 68.002855, 68.081158; 67.954966, 68.078842, 68.030306, 68.101265, 67.952769, 65.825583, 66.094609, 66.050513, 66.051222, 66.135164, 66.062873, 66.065376, 66.034817, 66.105888, 66.046016, 66.046402, 65.994801, 65.972040, 65.764416, 65.417783, 65.418651, 65.459550, 65.450051, 65.434605, 65.435676, 65.497489, 65.514728, 65.505883, 65.507187, 65.509507, 65.528806, 65.546097, 65.539156, 65.540163, 65.551887, 64.560540, 64.598768, 64.600139, 64.608381, 64.652458, 64.629899, 64.631447, 64.637883, 64.546910, 64.583659
0.000000, 0.000000, 0.000000, 0.000000, 0.000000, 0.000000, 0.000000, 0.000000, 0.000000, 0.000000, 0.000000, 0.000000, 15.413523, 15.478116, 15.196571, 15.271439, 15.263785, 15.328054; 15.017688, 15.004971, 14.616030, 14.647688, 14.656044, 14.664903, 14.710556, 14.750993, 14.733740, 14.747850, 14.785863, 14.822354, 14.708310, 14.724080, 14.755820, 14.788204, 14.809502, 14.782013, 14.379818, 14.409285, 14.402309, 14.362606, 14.389697, 14.416023, 14.252551, 14.260897, 14.277269, 14.269820, 14.292919, 14.282069, 14.304232, 14.318340, 14.338908
21.906185, 21.865363, 20.675721, 22.227119, 22.233379; 20.886709, 20.878960, 20.952700, 20.945712, 20.973383, 20.965764, 20.978921, 20.972954, 20.533195, 20.539262, 20.545068, 20.533056, 20.554929, 20.565587, 20.609940, 20.613783, 20.630428, 20.632236, 20.634651, 20.636924, 20.958706, 20.960548, 20.896558, 20.908417, 20.907892, 20.909756, 20.899687, 20.913355, 20.960173, 20.961817, 20.962764, 20.963217, 20.978767, 20.972403, 20.973836, 20.950471, 21.026642, 21.027308, 21.027916, 21.034195, 21.134405, 21.143085, 21.100216, 21.100471, 21.103238, 21.103458
2.976063, 3.450521, 1.203165; 1.203175, 1.240609, 1.233003, 1.233064, 1.235200, 1.235168, 1.235851, 1.111339, 1.110427, 1.107000, 1.106535, 1.103769, 1.152704, 1.151928, 1.149446, 1.148927, 1.156458, 1.156179, 1.161508, 1.160330, 1.159940, 1.199013, 1.212056, 1.214648, 1.213542, 1.222791, 1.222736, 1.218580, 1.216562, 1.218099, 1.216274, 1.216214, 1.215871, 1.216294, 1.215987, 1.216913, 1.216870, 1.216569, 1.216535, 1.216268, 1.217069, 1.205332, 1.205172, 1.205098, 1.205027, 1.204818, 1.204262, 1.204190
2.588774, 2.821270, 2.284127, 2.284127; 2.284458, 2.284423, 2.309276, 2.310367, 2.309745, 2.308524, 2.328379, 2.329730, 2.328987, 2.328996, 2.337370, 2.337539, 2.344421, 2.073162, 2.075364, 2.070709, 2.070627, 2.193505, 2.195499, 2.192434, 2.194417, 2.195065, 2.192353, 2.193954, 2.193586, 2.194762, 2.238913, 2.240415, 2.240782, 2.238977, 2.233607, 2.231295, 2.229225, 2.227696, 2.226077, 2.227250, 2.184558, 2.207836, 2.201451, 2.199848, 2.199005, 2.186947, 2.185998, 2.187259, 2.293838, 2.294633, 2.271233
2.651735, 3.474315, 3.481333, 2.304018, 2.303577, 2.303377, 2.303207; 2.305138, 2.304710, 2.305130, 2.306039, 2.305750, 2.306067, 2.308920, 2.308632, 2.305409, 3.028065, 3.049473, 3.039263, 3.043074, 3.044081, 3.027899, 3.032501, 3.026620, 3.005411, 2.997005, 2.991949, 2.993488, 2.997614, 2.998546, 2.999934, 2.999828, 3.001263, 2.997185, 2.995700, 2.996820, 2.992945, 2.994053, 2.993876, 2.995014, 2.995631, 2.995863, 2.992708, 2.992095, 2.992102, 2.992968, 2.993311, 2.991537, 2.992349, 3.011493, 3.009312
