0.162876, 0.109044, 0.065442; 0.049311, 0.038442, 0.031492, 0.048049, 0.041445, 0.036451, 0.032524, 0.029362, 0.027634, 0.025461, 0.034440, 0.035701, 0.033315, 0.034463, 0.033879, 0.039766, 0.037655, 0.035977, 0.034531, 0.034169, 0.032716, 0.031605, 0.030385, 0.114071, 0.118284, 0.125125, 0.118848, 0.115667, 0.112523, 0.109958, 0.107186, 0.104499, 0.102230, 0.099857, 0.585006, 0.571640, 0.562163, 0.549894, 0.539915, 0.521887, 0.512245, 0.501765, 0.492014, 0.482634, 0.475951, 0.467197, 0.454286
3.998023; 1.735254, 1.217794, 0.936750, 0.823521, 0.692022, 0.597416, 0.516194, 0.461348, 0.434431, 0.390742, 0.359923, 0.333714, 0.311131, 0.287939, 0.270915, 0.255827, 0.239963, 0.228017, 0.226558, 0.214330, 0.205198, 0.196829, 0.187543, 0.180513, 0.174002, 0.166705, 0.161127, 0.155918, 0.150228, 0.145686, 0.141417, 0.137669, 0.133885, 0.130309, 0.126923, 0.123009, 0.120417, 0.117526, 0.114185, 0.111578, 0.109091, 0.125295, 0.122969, 0.120739, 0.117090, 0.115084, 0.113147, 0.110508, 0.108717
0.000580, 0.130517, 0.080853, 0.370482, 0.304528, 0.247330, 0.231903, 0.201551, 0.181266, 0.265371, 0.263283, 0.244264, 0.228035, 0.202966, 0.191394, 0.173496, 0.169781, 0.178186, 0.163670, 0.157146, 0.150962, 0.140612, 0.135924; 0.136282, 0.131511, 0.127089, 0.120585, 0.116917, 0.159226, 0.154099, 0.149353, 0.146748, 0.153352, 0.150718, 0.149179, 0.145346, 0.144562, 0.141905, 0.139082, 0.135859, 0.132837, 0.129900, 0.126556, 0.129298, 0.126114, 0.123547, 0.121098, 0.118013, 0.118860, 0.116636
0.218273; 0.285838, 0.189992, 0.151858, 0.180188, 0.155858, 0.132407, 0.114805, 0.101648, 0.093578, 0.156796, 0.143842, 0.132842, 0.127222, 0.157365, 0.147428, 0.139134, 0.131278, 0.142919, 0.137028, 0.131981, 0.125593, 0.119823, 0.159255, 0.152633, 0.146350, 0.261307, 0.254834, 0.245002, 0.235969, 0.227695, 0.253018, 0.245175, 0.237322, 0.235247, 0.228007, 0.221214, 0.214954, 0.211009, 0.210123, 0.205536, 0.256278, 0.251846, 0.248408, 0.242404, 0.242407, 0.241423, 0.241398, 0.236094, 0.232603
0.000007, 0.000042, 0.077530, 0.128964, 0.098613, 0.093286, 0.077935, 0.071426; 0.070707, 0.095053, 0.117908, 0.107778, 0.099130, 0.094517, 0.091512, 0.085412, 0.081861, 0.077101, 0.072841, 0.088159, 0.084016, 0.085840, 0.270729, 0.271824, 0.262728, 0.274501, 0.268490, 0.257774, 0.258126, 0.248292, 0.242284, 0.237532, 0.233453, 0.232829, 0.225117, 0.219604, 0.225303, 0.235755, 0.235768, 0.230495, 0.225164, 0.220395, 0.214541, 0.237063, 0.237696, 0.233653, 0.229447, 0.225443, 0.225688, 0.222044
0.000000; 0.000006, 0.003943, 0.002687, 0.002644, 0.002011, 0.001623, 0.001595, 0.001429, 0.001236, 0.001088, 0.001072, 0.001119, 0.004102, 0.007169, 0.006885, 0.006602, 0.006037, 0.005798, 0.005589, 0.902573, 0.871624, 0.842301, 0.807759, 0.782855, 0.759447, 0.718008, 0.717290, 0.697787, 0.664384, 0.647607, 0.631668, 0.616504, 0.592210, 0.578885, 0.566155, 0.543903, 0.571434, 0.560090, 0.591080, 0.580323, 0.569644, 0.550024, 0.540417, 0.531146, 0.513965, 0.505567, 0.497443, 0.482344, 0.474939
0.112777, 0.379513, 0.253011, 0.213762, 0.200447, 0.163091, 0.154503, 0.134984, 0.130294, 0.115152, 0.105230, 0.102172, 0.137464; 0.139971, 0.175562, 0.163874, 0.162370, 0.223417, 0.233358, 0.224229, 0.226544, 0.224557, 0.218057, 0.208179, 0.212974, 0.204441, 0.243707, 0.241380, 0.233556, 0.249620, 0.245322, 0.415869, 0.405954, 0.394970, 0.409167, 0.441508, 0.429451, 0.420839, 0.409715, 0.403836, 0.399139, 0.395994, 0.403347, 0.393672, 0.388925, 0.379864, 0.414874, 0.406022, 0.402864, 0.513014
0.194255, 1.355016, 0.903344, 1.006775, 0.868834; 0.762853, 0.754838, 0.669620, 0.597292, 0.558520, 0.537736, 0.492593, 0.456799, 0.423240, 0.413237, 0.641285, 0.629267, 0.595143, 0.573039, 0.544271, 0.543056, 0.519130, 0.514845, 0.529665, 0.508749, 0.571912, 0.648943, 0.614836, 0.601681, 0.583232, 0.565704, 0.571079, 0.555275, 0.541227, 0.531536, 0.600539, 0.589371, 0.578469, 0.549770, 0.539039, 0.528388, 0.517464, 0.506872, 0.497115, 0.493192, 0.483685, 0.494580, 0.493465, 0.484579, 0.463895
0.000000; 0.000000, 0.000077, 0.003863, 0.043541, 0.035061, 0.029349, 0.027019, 0.030572, 0.030046, 0.028470, 0.025589, 0.037790, 0.034768, 0.039493, 0.037359, 0.034894, 0.033530, 0.067879, 0.063867, 0.062727, 0.059333, 0.056356, 0.054946, 0.052327, 0.050218, 0.049105, 0.047012, 0.045098, 0.044217, 0.078665, 0.075854, 0.074382, 0.071814, 0.113624, 0.151438, 0.148427, 0.144087, 0.144570, 0.141978, 0.140146, 0.136397, 0.134091, 0.130649, 0.127385, 0.125373, 0.122823, 0.119947, 0.118174, 0.115907
0.355373, 0.191801, 0.355447, 0.347604, 0.433333; 0.440530, 0.401016, 0.351803, 0.332063, 0.319753, 0.292135, 0.266721, 0.247425, 0.278771, 0.261387, 0.246684, 0.252867, 0.239637, 0.226364, 0.215829, 0.635312, 0.604873, 0.580846, 0.628267, 0.615477, 0.598429, 0.582267, 0.572618, 0.545993, 0.529733, 0.513802, 0.500927, 0.494291, 0.479406, 0.473038, 0.459597, 0.448168, 0.466907, 0.454755, 0.443991, 0.430106, 0.420450, 0.410564, 0.437290, 0.428743, 0.419788, 0.428951, 0.429268, 0.421467, 0.413050
0.167756, 0.193208, 0.123738, 1.065353, 0.885270, 0.866194, 0.629068, 0.591314, 0.609746, 0.775779, 0.788966, 0.757586, 0.660330, 0.637575, 0.633801, 0.570696, 0.574200, 0.559337, 0.647492, 0.636491, 0.623704, 0.653722; 0.695016, 0.680003, 0.637148, 0.651112, 0.614616, 0.609600, 0.593155, 0.581724, 0.555941, 0.546489, 0.553544, 0.540463, 0.532692, 0.571177, 0.563762, 0.556115, 0.535358, 0.523272, 0.516780, 0.498347, 0.496712, 0.491029, 0.474830, 0.464979, 0.459981, 0.452345, 0.445627, 0.443854
0.001835, 0.001562, 0.001109, 0.000929, 0.005716, 0.004990, 0.004623, 0.005107, 0.012043, 0.011579, 0.039237, 0.604486, 0.639547, 0.608580, 0.568827, 0.536152, 0.505566, 0.475899, 0.452145, 0.430062, 0.410720, 0.393623, 0.377916; 0.360918, 0.346819, 0.332778, 0.320826, 0.310019, 0.298911, 0.288484, 0.279359, 0.270495, 0.265218, 0.257105, 0.249760, 0.257241, 0.252975, 0.247823, 0.241285, 0.244748, 0.238599, 0.242189, 0.236880, 0.231168, 0.225753, 0.225888, 0.221128, 0.222960, 0.218230, 0.214155
0.000001; 0.000026, 0.000040, 0.011653, 0.007790, 0.007003, 0.006361, 0.010570, 0.009259, 0.008364, 0.007644, 0.013356, 0.012310, 0.012419, 0.011708, 0.010966, 0.010321, 0.010101, 0.009535, 0.019728, 0.018966, 0.017730, 0.042734, 0.040789, 0.039545, 0.037862, 0.036325, 0.034963, 0.034024, 0.032777, 0.031623, 0.030857, 0.029827, 0.028867, 0.028230, 0.027366, 0.026555, 0.025794, 0.025292, 0.024598, 0.023942, 0.023500, 0.022899, 0.023300, 0.022897, 0.022349, 0.024407, 0.023856, 0.023469, 0.022965
0.006190; 0.206757, 0.167458, 0.139369, 0.119514, 0.083767, 0.093696, 0.085449, 0.078982, 0.267791, 0.251397, 0.251837, 0.217936, 0.213522, 0.204559, 0.195311, 0.175409, 0.168507, 0.164734, 0.201799, 0.189637, 0.183780, 0.177325, 0.166252, 0.176089, 0.170638, 0.165557, 0.156647, 0.152319, 0.150337, 0.146470, 0.139850, 0.137162, 0.133879, 0.128197, 0.125305, 0.122568, 0.119938, 0.115355, 0.114676, 0.125268, 0.148786, 0.144523, 0.172194, 0.168714, 0.164288, 0.161290, 0.158235, 0.158127, 0.154266
0.004262, 0.038849, 0.110056, 0.929321, 0.745042, 0.869599, 0.754933, 0.658659, 0.577323, 0.538289, 0.600045, 0.639366, 0.585501, 0.605269, 0.560295, 0.524918, 0.492546; 0.500441, 0.478889, 0.452011, 0.440065, 0.422280, 0.440684, 0.423501, 0.404894, 0.400724, 0.385794, 0.381596, 0.368978, 0.395076, 0.381292, 0.385664, 0.373194, 0.365190, 0.354591, 0.351592, 0.345775, 0.338922, 0.458491, 0.446036, 0.441627, 0.438617, 0.447103, 0.440308, 0.438788, 0.440648, 0.430517, 0.439245, 0.431008, 0.431293
1.202184; 1.079884, 0.569076, 0.391273, 0.405943, 0.310338, 0.251191, 0.210982, 0.207003, 0.180465, 0.221939, 0.217769, 0.195321, 0.176985, 0.193884, 0.190612, 0.176467, 0.171950, 0.169180, 0.158204, 0.148573, 0.146465, 0.140389, 0.132912, 0.131265, 0.127508, 0.122268, 0.116701, 0.129634, 0.124131, 0.119080, 0.135877, 0.130908, 0.145496, 0.152931, 0.148594, 0.143819, 0.139361, 0.137366, 0.134850, 0.131671, 0.135638, 0.131899, 0.129988, 0.128286, 0.125635, 0.123861, 0.135142, 0.133590, 0.134574
0.399731, 0.344951; 0.279720, 0.214456, 0.174848, 0.226225, 0.197804, 0.327195, 0.286820, 0.501109, 0.431378, 0.401187, 0.376179, 0.355050, 0.352406, 0.334764, 0.319125, 0.447310, 0.417334, 0.398550, 0.383291, 0.373394, 0.351889, 0.338848, 0.326804, 0.315649, 0.300875, 0.291264, 0.283028, 0.275664, 0.336607, 0.328201, 0.320098, 0.312316, 0.299097, 0.292274, 0.285697, 0.285342, 0.275143, 0.269302, 0.263821, 0.309849, 0.299531, 0.293710, 0.288472, 0.283115, 0.283983, 0.278872, 0.274099, 0.269370
0.000000, 0.000000; 0.000000, 0.000000, 0.000000, 0.000000, 0.000000, 0.000000, 0.000000, 0.000002, 0.000002, 0.000002, 0.000001, 0.000001, 0.000001, 0.000001, 0.000560, 0.000532, 0.033368, 0.032576, 0.035034, 0.033890, 0.031138, 0.030348, 0.029487, 0.028676, 0.026773, 0.026101, 0.027081, 0.026410, 0.024914, 0.024339, 0.023792, 0.023272, 0.022088, 0.021634, 0.021201, 0.020789, 0.019840, 0.019473, 0.019122, 0.018784, 0.018443, 0.018132, 0.017833, 0.017544, 0.016882, 0.017149, 0.016883, 0.016626
0.057306, 0.042108, 0.029301, 0.083332, 0.082301, 0.066042, 0.068853, 0.078220, 0.074144, 0.078978, 0.090582, 0.082270, 0.076350, 0.070766, 0.869903, 0.833900, 0.794022, 0.754936, 0.722742; 0.656278, 0.651718, 0.630330, 0.612186, 0.590033, 0.572671, 0.569751, 0.586949, 0.578717, 0.560449, 0.554682, 0.558124, 0.541858, 0.549080, 0.595075, 0.584549, 0.625603, 0.608819, 0.595966, 0.591398, 0.553908, 0.602960, 0.596691, 0.619243, 0.605277, 0.591275, 0.579766, 0.567501, 0.555753, 0.545649, 0.546843
0.000000, 0.000000, 0.128283, 0.112249, 0.091208, 0.102074, 0.088686, 1.185583, 1.105300, 1.016050, 0.972896, 0.913030, 0.837672, 0.813008, 0.777442, 0.757497, 0.684364, 0.657848, 0.643114, 0.612868, 0.602729, 0.591880, 0.581972, 0.575613, 0.546294, 0.544470, 0.534523, 0.526910, 0.507611, 0.502317, 0.496795, 0.489407, 0.534178, 0.520088, 0.505853, 0.506089, 0.485925, 0.483278, 0.467751, 0.465765; 0.462954, 0.446935, 0.423190, 0.414957, 0.411427, 0.400424, 0.391888, 0.384978, 0.378580, 0.367970
0.023031, 0.109546; 0.092301, 0.068138, 0.495246, 0.401203, 0.336666, 0.293851, 0.285555, 0.262647, 0.240097, 0.217485, 0.198710, 0.237072, 0.507360, 0.478384, 0.445357, 0.417113, 0.396962, 0.414383, 0.399376, 0.382551, 0.363573, 0.348736, 0.354251, 0.448997, 0.429623, 0.411867, 0.396036, 0.381100, 0.381027, 0.367824, 0.355025, 0.343084, 0.331899, 0.331389, 0.321090, 0.312252, 0.394341, 0.383184, 0.373507, 0.370159, 0.566021, 0.557479, 0.583706, 0.571845, 0.577033, 0.605718, 0.592993, 0.580813
0.568282, 0.294112, 0.199405, 0.151119, 0.120224, 0.099849; 0.083315, 0.072981, 0.064927, 0.071212, 0.065247, 0.059323, 0.060233, 0.056273, 0.295057, 0.285197, 0.290988, 0.330095, 0.313820, 0.296598, 0.310940, 0.297672, 0.283264, 0.272247, 0.262025, 0.251534, 0.242813, 0.234376, 0.226817, 0.219926, 0.212265, 0.206053, 0.200200, 0.193639, 0.188457, 0.186974, 0.182213, 0.220056, 0.214192, 0.209211, 0.204458, 0.199294, 0.201989, 0.196376, 0.192312, 0.188413, 0.194758, 0.190911, 0.187213, 0.183359
0.000770, 0.004008, 0.003383, 0.002053, 0.032567, 0.053916, 0.045497, 0.050381, 0.063620, 0.062270, 0.058551, 0.056415, 0.052595, 0.050102, 0.047115, 0.042825, 0.041071, 0.039043, 0.366397, 0.361675; 0.355951, 0.325805, 0.321581, 0.296950, 0.345316, 0.329363, 0.322527, 0.304492, 0.364194, 0.348593, 0.339339, 0.338889, 0.326563, 0.325577, 0.320278, 0.308859, 0.303440, 0.294539, 0.294633, 0.291751, 0.282593, 0.406398, 0.402434, 0.394869, 0.390701, 0.383473, 0.392571, 0.388745, 0.380801, 0.374865
0.000003, 0.002299, 0.003487, 0.003576, 0.160106, 0.157095, 0.300048, 0.248901, 0.225103, 0.207718; 0.205828, 0.192927, 0.168517, 0.187277, 0.176307, 0.171054, 0.161995, 0.154321, 0.142891, 0.280812, 0.273618, 0.254275, 0.247880, 0.242182, 0.225915, 0.220494, 0.215821, 0.202736, 0.198379, 0.196515, 0.186510, 0.182963, 0.179521, 0.170503, 0.167517, 0.159892, 0.157161, 0.156110, 0.149673, 0.147287, 0.167577, 0.190346, 0.187833, 0.185627, 0.178027, 0.175821, 0.184184, 0.178138, 0.176199, 0.174630
0.000002, 0.000059, 0.000051, 0.000764, 0.000614, 0.000538; 0.002689, 0.002408, 0.002068, 0.001902, 0.001758, 0.001660, 0.001498, 0.001410, 0.001339, 0.001698, 0.001670, 0.001572, 0.001567, 0.001501, 0.001411, 0.001368, 0.001317, 0.001248, 0.001185, 0.001147, 0.002460, 0.002359, 0.002295, 0.002226, 0.002143, 0.002090, 0.002017, 0.002809, 0.002741, 0.002663, 0.002590, 0.002546, 0.002470, 0.005665, 0.005531, 0.005409, 0.005302, 0.005185, 0.005078, 0.005587, 0.005476, 0.005366, 0.011494, 0.017114
0.003136, 0.001568, 0.001045, 0.001642, 0.034139; 0.030681, 0.026035, 0.022601, 0.019981, 0.022535, 0.020482, 0.027273, 0.025301, 0.023596, 0.022109, 0.020803, 0.038204, 0.060430, 0.059298, 0.057199, 0.054561, 0.052157, 0.131786, 0.126117, 0.132696, 0.127920, 0.138881, 0.135314, 0.130483, 0.125988, 0.121795, 0.117874, 0.123101, 0.119374, 0.119992, 0.116559, 0.113319, 0.110845, 0.108957, 0.106753, 0.104082, 0.102480, 0.107279, 0.106743, 0.105230, 0.103097, 0.104132, 0.117565, 0.115103, 0.113523
0.111993, 0.127728, 0.415317, 0.397395, 0.320658, 0.292220; 0.253714, 0.224068, 0.298036, 0.366559, 0.389421, 0.362796, 0.482080, 0.447021, 0.416768, 0.405244, 0.382006, 0.449603, 0.437466, 0.417303, 0.402239, 0.383203, 0.365701, 0.349717, 0.338430, 0.328981, 0.320272, 0.310238, 0.303643, 0.294809, 0.284774, 0.275571, 0.541890, 0.526512, 0.515189, 0.499688, 0.486584, 0.475369, 0.469551, 0.463438, 0.495058, 0.489694, 0.478059, 0.468857, 0.465460, 0.468324, 0.458177, 0.491126, 0.485700, 0.475817
0.000095; 0.000088, 0.037896, 0.038988, 0.036548, 0.029208, 0.117929, 0.113136, 0.103308, 0.097675, 0.086855, 0.084129, 0.076588, 0.071463, 0.076323, 0.086997, 0.080846, 0.078509, 0.073517, 0.104579, 0.101535, 0.096218, 0.092105, 0.089781, 0.085510, 0.082058, 0.585798, 0.579846, 0.571643, 0.529631, 0.522777, 0.516067, 0.509892, 0.476316, 0.472676, 0.467258, 0.439000, 0.435019, 0.450839, 0.427817, 0.424480, 0.420087, 0.401410, 0.397123, 0.393263, 0.375266, 0.371506, 0.367947, 0.353517, 0.363167
0.112699, 0.133606, 0.089070; 0.077760, 0.062574, 0.052946, 0.066043, 0.108703, 0.155575, 0.140925, 0.142721, 0.132755, 0.125234, 0.117926, 0.111543, 0.106821, 0.135950, 0.129837, 0.123775, 0.137739, 0.144241, 0.184915, 0.177769, 0.259232, 0.249745, 0.236772, 0.228773, 0.221319, 0.214358, 0.222448, 0.215954, 0.209844, 0.216609, 0.210951, 0.239011, 0.233094, 0.227393, 0.221973, 0.216816, 0.228065, 0.218470, 0.217616, 0.226540, 0.221995, 0.217635, 0.213454, 0.216880, 0.219480, 0.215507, 0.215704
0.000024; 0.000021, 0.000042, 0.000172, 0.000152, 0.000619, 0.000547, 0.000474, 0.000433, 0.000387, 0.000448, 0.001918, 0.001796, 0.003012, 0.002807, 0.003420, 0.003741, 0.003552, 0.003357, 0.005081, 0.004809, 0.004619, 0.006395, 0.006564, 0.006274, 0.006100, 0.005851, 0.005679, 0.005462, 0.005473, 0.005277, 0.007432, 0.007790, 0.007590, 0.007346, 0.007427, 0.007199, 0.007031, 0.007221, 0.007063, 0.006865, 0.006728, 0.006549, 0.006423, 0.006502, 0.006368, 0.006249, 0.006137, 0.006027, 0.005889
0.292386, 0.155717, 0.112132, 0.147583, 0.112913, 0.168266, 0.142465; 0.121898, 0.134482, 0.182926, 0.166469, 0.154060, 0.143442, 0.143465, 0.135034, 0.131085, 0.124091, 0.118025, 0.112025, 0.107802, 0.102853, 0.105839, 0.103122, 0.099786, 0.096603, 0.093101, 0.090164, 0.087517, 0.088357, 0.086059, 0.114803, 0.223250, 0.244155, 0.244008, 0.329555, 0.359863, 0.353048, 0.344755, 0.336347, 0.334594, 0.327293, 0.321819, 0.310844, 0.303952, 0.298992, 0.294592, 0.315624, 0.349472, 0.339400, 0.333533
0.000052, 0.000284; 0.000289, 0.049990, 0.040995, 0.034163, 0.029835, 0.027636, 0.024708, 0.022808, 0.021022, 0.020337, 1.012196, 0.939949, 0.927214, 0.869474, 0.818376, 0.773163, 0.732470, 0.695901, 0.662917, 0.632822, 0.663693, 0.636142, 0.610697, 0.587209, 0.565500, 0.545328, 0.526524, 0.517384, 0.501147, 0.488248, 0.473452, 0.465131, 0.451842, 0.440527, 0.428621, 0.417347, 0.406680, 0.396515, 0.618863, 0.620941, 0.606504, 0.592738, 0.579573, 0.566973, 0.555550, 0.543976, 0.533065, 0.522404
0.024588, 0.014989, 0.010033; 0.008220, 0.020115, 0.028545, 0.073840, 0.064976, 0.058305, 0.052721, 0.047541, 0.047015, 0.049359, 0.046588, 0.043563, 0.040909, 0.038561, 0.036601, 0.034361, 0.067111, 0.082161, 0.244513, 0.313767, 0.299763, 0.286958, 0.281371, 0.270058, 0.259627, 0.318187, 0.306787, 0.311573, 0.313624, 0.308198, 0.298797, 0.289647, 0.281042, 0.272935, 0.266223, 0.259012, 0.252139, 0.248612, 0.242269, 0.238351, 0.232952, 0.228548, 0.223262, 0.218238, 0.215616, 0.210903, 0.206699
0.010227, 0.005114; 1.199919, 0.841788, 0.648256, 0.527080, 0.444073, 0.412746, 0.457494, 0.408780, 0.372730, 0.374855, 0.345386, 0.324763, 0.311472, 0.291158, 0.396461, 0.373088, 0.477934, 0.464388, 0.590065, 0.561108, 0.538574, 0.514599, 0.523231, 0.501591, 0.481701, 0.463447, 0.528778, 0.513077, 0.530028, 0.512005, 0.495172, 0.479937, 0.465165, 0.472822, 0.458959, 0.489145, 0.478798, 0.465934, 0.468426, 0.461396, 0.449770, 0.438702, 0.428989, 0.446810, 0.440815, 0.431017, 0.421531, 0.412412
0.007077, 0.004297, 0.003354, 0.019363; 0.015045, 0.011629, 0.017372, 0.015620, 0.016555, 0.015320, 0.013885, 0.012826, 0.013650, 0.013055, 0.012138, 0.012844, 0.011832, 0.011346, 0.011468, 0.010698, 0.010261, 0.015895, 0.015274, 0.014517, 0.013863, 0.058795, 0.056630, 0.054567, 0.052872, 0.051202, 0.051170, 0.053853, 0.052102, 0.050551, 0.049233, 0.048988, 0.047863, 0.047118, 0.055695, 0.054682, 0.053435, 0.052204, 0.051041, 0.049809, 0.048717, 0.052332, 0.058215, 0.058280, 0.057008, 0.055821
0.183194, 0.162831; 0.139503, 0.099458, 0.384384, 0.401125, 0.383054, 0.327118, 0.284579, 0.338929, 0.326989, 0.324343, 0.298604, 0.273469, 0.253115, 0.259062, 0.241223, 0.248432, 0.285456, 0.277960, 0.263882, 0.250179, 0.240967, 0.246821, 0.253200, 0.243127, 0.239019, 0.260651, 0.255193, 0.256063, 0.253742, 0.246387, 0.240162, 0.235669, 0.231599, 0.236425, 0.229327, 0.229165, 0.245380, 0.288974, 0.299783, 0.297979, 0.290344, 0.291210, 0.291905, 0.302211, 0.301494, 0.294580, 0.288237, 0.281964
0.020755, 0.009524; 0.150947, 0.120078, 0.092717, 0.079999, 0.119433, 0.110582, 0.102247, 0.586641, 0.605017, 0.547925, 0.545926, 0.485960, 0.478632, 0.465468, 0.416844, 0.412207, 0.374288, 0.370501, 0.363372, 0.367054, 0.359548, 0.404722, 0.378845, 0.380697, 0.372156, 0.356579, 0.351269, 0.354265, 0.347285, 0.352704, 0.335989, 0.359857, 0.348397, 0.341974, 0.356878, 0.413096, 0.404756, 0.409105, 0.402022, 0.389288, 0.382259, 0.410457, 0.400170, 0.393821, 0.388224, 0.377976, 0.766869, 0.761345
0.400776; 1.069528, 1.001505, 0.599605, 0.608787, 0.468073, 0.442308, 0.429653, 0.706882, 0.632110, 0.578618, 0.528537, 0.491959, 0.455110, 0.426541, 0.454906, 0.435977, 0.408478, 0.391564, 0.369483, 0.362525, 0.346399, 0.332928, 0.317584, 0.316260, 0.302885, 0.292866, 0.297974, 0.295945, 0.286459, 0.285980, 0.277848, 0.270157, 0.261530, 0.254730, 0.247697, 0.241583, 0.237397, 0.236134, 0.230333, 0.229071, 0.223348, 0.222303, 0.217067, 0.212747, 0.208604, 0.205147, 0.200649, 0.197077, 0.193368
0.002715, 0.172343; 0.593677, 0.536243, 0.477432, 0.433619, 0.368537, 0.349531, 0.372017, 0.441558, 0.367546, 0.349857, 0.332487, 0.316997, 0.303341, 0.264436, 0.292864, 0.280894, 0.270254, 0.261391, 0.252704, 0.259529, 0.345438, 0.340532, 0.309211, 0.303442, 0.296860, 0.295814, 0.273445, 0.267822, 0.267562, 0.280016, 0.276926, 0.260460, 0.257276, 0.258338, 0.253571, 0.242145, 0.246184, 0.243656, 0.242157, 0.234773, 0.287166, 0.284457, 0.280766, 0.275977, 0.268492, 0.278182, 0.290524, 0.314928
0.008116, 0.006882, 0.009493, 0.012093; 0.531464, 1.058056, 0.863890, 0.784152, 0.672637, 0.622521, 0.568641, 0.531560, 0.479577, 0.453268, 0.416913, 0.397708, 0.366898, 0.351721, 0.337990, 0.315997, 0.304457, 0.320415, 0.309897, 0.300224, 0.345181, 0.335379, 0.319274, 0.308905, 0.300555, 0.290713, 0.284138, 0.272615, 0.266217, 0.259466, 0.253649, 0.244478, 0.241142, 0.232916, 0.228274, 0.231522, 0.227063, 0.225290, 0.218637, 0.225906, 0.221270, 0.217252, 0.213415, 0.210661, 0.207114, 0.201870
0.007841, 0.037684; 0.070820, 0.060596, 0.044654, 0.039611, 0.033421, 0.030993, 0.026452, 0.044645, 0.039904, 0.036938, 0.033816, 0.031637, 0.029439, 0.027820, 0.029651, 0.029662, 0.028171, 0.030366, 0.029137, 0.027778, 0.040652, 0.042640, 0.041156, 0.040577, 0.038704, 0.037497, 0.035911, 0.049621, 0.048174, 0.047572, 0.074922, 0.086857, 0.085401, 0.400596, 0.396097, 0.394757, 0.389134, 0.374478, 0.407299, 0.394790, 0.386231, 0.384925, 0.373555, 0.366397, 0.361450, 0.351335, 0.384661, 0.379990
0.010581, 0.008550, 0.040081, 0.027284, 0.026153; 0.021139, 0.017605, 0.015925, 0.014471, 0.013188, 0.015385, 0.013893, 0.012985, 0.011909, 0.062489, 0.061948, 0.090350, 0.088576, 0.082495, 0.079896, 0.074919, 0.072795, 0.068646, 0.064974, 0.063560, 0.060498, 0.059240, 0.056508, 0.056335, 0.055143, 0.052841, 0.053580, 0.052543, 0.071594, 0.070433, 0.074292, 0.073074, 0.070512, 0.070603, 0.068858, 0.067838, 0.065709, 0.064787, 0.062844, 0.061974, 0.242611, 0.235417, 0.232812, 0.226274, 0.223869
0.013255, 0.192043, 0.157166, 0.113979, 0.101061, 0.090867; 0.071591, 0.557861, 0.494469, 0.463208, 0.418113, 0.383877, 0.352727, 0.337368, 0.401456, 0.373995, 0.350116, 0.328961, 0.310360, 0.296239, 0.287747, 0.273915, 0.265492, 0.259185, 0.247937, 0.241353, 0.231538, 0.224198, 0.232318, 0.258101, 0.322443, 0.360677, 0.349398, 0.357082, 0.346427, 0.373073, 0.363226, 0.353757, 0.396599, 0.387226, 0.393631, 0.392066, 0.390336, 0.384814, 0.378040, 0.384838, 0.378936, 0.371389, 0.383673, 0.376388
0.000294, 1.897868, 1.436355, 0.955309; 0.850589, 0.776065, 0.644875, 0.586323, 0.482838, 0.454591, 0.414657, 0.386423, 0.364692, 0.376543, 0.363544, 0.328926, 0.321457, 0.371953, 0.418519, 0.403345, 0.380711, 0.367803, 0.360520, 0.344654, 0.331806, 0.319189, 0.306691, 0.298186, 0.287169, 0.297818, 0.288026, 0.320456, 0.312376, 0.300275, 0.293226, 0.285081, 0.277442, 0.339486, 0.343232, 0.350408, 0.341092, 0.331164, 0.324336, 0.317372, 0.310933, 0.303314, 0.295867, 0.290748, 0.285152, 0.279919
4.371545, 2.238175, 1.549395, 1.192200, 0.993368; 1.036864, 1.185008, 1.025466, 0.906940, 0.811887, 0.734230, 0.670169, 0.652360, 0.603983, 0.571104, 0.570332, 0.553738, 0.521707, 0.492869, 0.467337, 0.443882, 0.422692, 0.420501, 0.402225, 0.410234, 0.394170, 0.379263, 0.375417, 0.361716, 0.349035, 0.373350, 0.364292, 0.353149, 0.344207, 0.334009, 0.324297, 0.333510, 0.326105, 0.323944, 0.318653, 0.310792, 0.424035, 0.421690, 0.412158, 0.404620, 0.396321, 0.387549, 0.379705, 0.373357, 0.369766
0.123369, 0.061727; 0.055145, 0.038115, 0.029465, 0.024025, 0.020556, 0.017714, 0.017163, 0.046556, 0.041873, 0.038111, 0.043889, 0.049992, 0.046522, 0.043486, 0.041787, 0.039381, 0.037239, 0.035723, 0.034066, 0.032482, 0.204894, 0.195351, 0.192087, 0.190897, 0.329469, 0.316530, 0.304568, 0.293480, 0.288601, 0.278732, 0.269616, 0.261326, 0.253155, 0.249316, 0.241860, 0.237068, 0.230926, 0.225963, 0.219929, 0.217355, 0.241468, 0.235614, 0.230298, 0.224849, 0.222148, 0.217071, 0.212205, 0.207870
0.000036, 0.000018, 0.015936, 0.020243, 0.016301; 0.016140, 0.013473, 0.024564, 0.100035, 0.089309, 0.080506, 0.073283, 0.087327, 0.081239, 0.076322, 0.105888, 0.104982, 0.104426, 0.235607, 0.222737, 0.211423, 0.205690, 0.196035, 0.189001, 0.180920, 0.173477, 0.166622, 0.165633, 0.166504, 0.166287, 0.162327, 0.168891, 0.166023, 0.160940, 0.177413, 0.172298, 0.167337, 0.162666, 0.161576, 0.157204, 0.166241, 0.162024, 0.162166, 0.158807, 0.155353, 0.153421, 0.149964, 0.146644, 0.143833, 0.143020
0.005054; 0.004475, 0.003153, 0.002201, 0.002064, 0.228556, 0.205801, 0.182579, 0.160365, 0.153952, 0.201089, 0.181632, 0.172861, 0.157908, 0.145347, 0.194256, 0.251537, 0.240849, 0.233620, 0.224485, 0.216006, 0.245321, 0.241832, 0.282580, 0.272887, 0.494362, 0.481081, 0.463046, 0.496006, 0.478707, 0.467403, 0.454062, 0.441625, 0.428029, 0.416883, 0.687559, 0.674697, 0.667638, 0.661809, 0.651574, 0.632162, 0.613894, 0.605178, 0.596027, 0.582128, 0.580728, 0.584717, 0.572942, 0.573009, 0.571664
0.054604; 0.060678, 0.052922, 0.037582, 0.065688, 0.058759, 0.069900, 0.061245, 0.058885, 0.076552, 0.069829, 0.066814, 0.075719, 0.239437, 0.252329, 0.234013, 0.230198, 0.236407, 0.268627, 0.257576, 0.243739, 16.222107, 15.409276, 14.956431, 14.310876, 13.677149, 13.311973, 12.761783, 12.443714, 11.962231, 11.522221, 11.270870, 10.876343, 10.511955, 10.295407, 9.964666, 9.654265, 9.472141, 9.191307, 9.025453, 8.784299, 8.542555, 8.403137, 8.182258, 7.974927, 7.849958, 7.656375, 7.472082, 7.362253, 7.224111
0.001592; 0.000917, 0.000629, 0.004353, 0.004280, 0.003534, 0.153934, 0.135647, 0.130577, 0.117116, 0.109077, 0.099681, 0.093335, 0.090129, 0.084645, 0.079144, 0.074314, 0.070547, 0.066683, 0.063242, 0.063388, 0.064410, 0.061586, 0.059077, 0.056688, 0.056166, 0.054158, 0.052190, 0.050362, 0.049298, 0.048325, 0.046801, 0.045416, 0.044064, 0.042797, 0.041598, 0.040497, 0.048396, 0.047062, 0.046128, 0.044914, 0.043910, 0.043062, 0.042004, 0.041000, 0.040309, 0.039382, 0.038506, 0.037854, 0.037428
7.866943; 5.843575, 4.297778, 3.968990, 3.039346, 2.884649, 2.355358, 2.035808, 1.797485, 1.752557, 1.551382, 1.392347, 1.359091, 1.333674, 1.223551, 1.129277, 1.148742, 1.146778, 1.098110, 1.031074, 1.035322, 0.976261, 1.032482, 1.019850, 0.979652, 0.955243, 0.911424, 0.901750, 0.862486, 0.830250, 0.797646, 0.790415, 0.760105, 0.739091, 0.732797, 0.706921, 0.682818, 0.663339, 0.658298, 0.637436, 0.622151, 0.611057, 0.606795, 0.589684, 0.611904, 0.607834, 0.591457, 0.575945, 0.561233, 0.557907
0.189797, 0.095278, 0.149772, 0.322890; 0.277323, 0.229311, 0.245183, 0.213832, 0.212296, 0.190886, 0.211669, 0.237389, 0.236172, 0.244097, 0.228714, 0.217572, 0.242791, 0.232760, 0.236113, 0.228252, 0.219439, 0.251617, 0.242051, 0.232073, 0.223588, 0.217002, 0.252083, 0.291836, 0.287018, 0.278880, 0.270603, 0.304106, 0.295277, 0.317200, 0.311903, 0.304228, 0.296714, 0.292233, 0.294294, 0.289499, 0.290719, 0.335911, 0.339330, 0.351700, 0.344676, 0.341602, 0.335061, 0.329008, 0.322050, 0.317419
0.000034, 0.000044, 0.000029, 0.000034, 0.147826, 0.147271, 0.132273, 0.131905, 0.131641, 0.115768, 0.235334, 0.202161, 0.198895, 0.174687, 0.214635, 0.195750, 0.258126, 0.237985, 0.231673, 0.225923, 0.250414, 0.243162, 0.232468, 0.227243, 0.213337, 0.211285, 0.206217, 0.202188, 0.199070, 0.188501, 0.185020, 0.175934, 0.171351, 0.163741, 0.163613, 0.210552, 0.208029, 0.206623, 0.201433, 0.199405, 0.192537, 0.191121, 0.183503; 0.183295, 0.237709, 0.228786, 0.226052, 0.228163, 0.227253, 0.219495
0.152351, 0.057146; 0.031415, 0.042411, 0.050476, 0.065791, 0.109611, 0.096243, 0.110431, 0.098932, 0.262064, 0.245029, 0.227260, 0.210577, 0.247322, 0.231855, 0.220896, 0.208872, 0.257907, 0.253644, 0.255548, 0.248526, 0.237916, 0.228592, 0.286673, 0.275097, 0.264820, 0.255893, 0.247993, 0.239307, 0.231551, 0.264418, 0.266519, 0.258890, 0.252045, 0.245221, 0.238396, 0.236650, 0.230807, 0.226915, 0.222139, 0.216691, 0.212271, 0.209503, 0.204740, 0.202264, 0.198116, 0.194721, 0.190642, 0.195018
0.000080, 0.000040, 0.000027, 0.000021, 0.195440, 0.162932; 0.166619, 0.154403, 0.135403, 0.122902, 0.110963, 0.100980, 0.132239, 0.122180, 0.113542, 0.107173, 0.100668, 0.094796, 0.090460, 0.086044, 0.085405, 0.112762, 0.112846, 0.108037, 0.103494, 0.140433, 0.162634, 0.156579, 0.150965, 0.145735, 0.140855, 0.136479, 0.132201, 0.129682, 0.128010, 0.124305, 0.120781, 0.121740, 0.118479, 0.116233, 0.132298, 0.128998, 0.125859, 0.122869, 0.120156, 0.117459, 0.114855, 0.125320, 0.125310, 0.122668
0.002312, 0.040645, 0.033580, 0.031667, 0.024764, 0.020793; 0.032361, 0.027876, 0.024595, 0.053253, 0.049617, 0.049148, 0.045794, 0.065479, 0.064493, 0.061596, 0.056952, 0.055171, 0.066002, 0.063399, 0.074008, 0.070050, 0.069501, 0.073029, 0.106573, 0.104736, 0.101665, 0.102019, 0.098736, 0.097036, 0.093980, 0.090673, 0.087406, 0.093258, 0.090039, 0.089123, 0.089202, 0.086363, 0.095217, 0.092397, 0.089618, 0.087759, 0.119177, 0.115954, 0.113069, 0.110355, 0.109088, 0.117044, 0.120536, 0.119466
0.001358, 0.227343; 0.370206, 0.303184, 0.261696, 0.233198, 0.186319, 0.168880, 0.157212, 0.147092, 0.120940, 0.113882, 0.122958, 0.118836, 0.114032, 0.099102, 0.096389, 0.121044, 0.116094, 0.106863, 0.148730, 0.149554, 0.148627, 0.144293, 0.132896, 0.129553, 0.126124, 0.147961, 0.139555, 0.136255, 0.133159, 0.130996, 0.148769, 0.138900, 0.139512, 0.138363, 0.135985, 0.128173, 0.126033, 0.124051, 0.122105, 0.135975, 2.202272, 2.144527, 2.126481, 2.072146, 2.056044, 2.005368, 1.956868, 1.911499
0.000000; 0.004903, 0.003611, 0.008840, 0.006897, 0.006255, 0.065752, 0.055663, 0.048265, 0.046656, 0.041336, 0.042457, 0.041441, 0.083508, 0.078347, 0.082427, 0.079407, 0.074341, 0.069888, 0.081775, 0.094228, 0.089287, 0.084843, 0.085310, 0.081465, 0.077964, 0.076628, 0.074755, 0.071870, 0.069197, 0.074940, 0.073320, 0.070834, 0.068516, 0.067169, 0.071474, 0.072505, 0.070377, 0.069152, 0.067208, 0.075656, 0.077490, 0.076310, 0.074362, 0.073488, 0.072423, 0.070683, 0.069483, 0.070200, 0.069703
0.000000, 0.000000; 4.546981, 3.333060, 2.765006, 2.340791, 2.055875, 1.770855, 1.569844, 1.397352, 1.309483, 1.261655, 1.201189, 1.105680, 1.059922, 0.995402, 0.946604, 0.888811, 0.849749, 0.802933, 0.762823, 0.733825, 0.698595, 0.667377, 0.741947, 0.716659, 0.687520, 0.667505, 0.641866, 0.624400, 0.603107, 0.583218, 0.572342, 0.559130, 0.541348, 0.558198, 0.551872, 0.561413, 0.545594, 0.534307, 0.519969, 0.574487, 0.564141, 0.550961, 0.540602, 0.527635, 0.515281, 0.506215, 0.504406, 0.493271
0.005071, 0.204306, 0.136208, 0.113985, 0.092631; 0.103447, 0.115847, 0.101765, 0.091177, 0.093659, 0.086089, 0.079698, 0.077471, 0.073714, 0.069493, 0.065822, 0.058221, 0.055099, 0.052589, 0.056102, 0.053564, 0.051300, 0.049224, 0.047371, 0.045671, 0.052413, 0.051631, 0.049059, 0.053178, 0.051748, 0.050460, 0.048907, 0.047450, 0.046559, 0.045279, 0.044061, 0.045746, 0.044613, 0.043708, 0.042706, 0.041728, 0.042248, 0.041275, 0.040357, 0.039492, 0.043283, 0.042777, 0.042358, 0.041511, 0.040651
0.000097, 0.000065; 0.000056, 0.007445, 0.170734, 0.139851, 0.127672, 0.110687, 0.096934, 0.086223, 0.086829, 0.079442, 0.077045, 0.071315, 0.066244, 0.063211, 0.059172, 0.055626, 0.053105, 0.051121, 0.048485, 0.046132, 0.043985, 0.051676, 0.050209, 0.048105, 0.046172, 0.049001, 0.047587, 0.045917, 0.044364, 0.042915, 0.041581, 0.040554, 0.039337, 0.038193, 0.037132, 0.037851, 0.037875, 0.036896, 0.035974, 0.035218, 0.034370, 0.033561, 0.032791, 0.036251, 0.035564, 0.034797, 0.034065, 0.033363
0.000009; 0.000129, 0.001576, 0.004507, 0.004536, 0.003982, 0.003558, 0.020051, 0.038316, 0.038678, 0.035768, 0.031645, 0.041022, 0.038325, 0.035341, 0.041736, 0.039454, 0.037735, 0.035717, 0.033916, 0.051624, 0.049568, 0.047679, 0.045270, 0.044295, 0.048770, 0.046889, 0.048592, 0.136234, 0.132483, 0.128152, 0.124112, 0.120222, 0.116968, 0.113499, 0.111153, 0.108490, 0.106108, 0.110887, 0.108332, 0.106786, 0.109396, 0.107411, 0.104859, 0.105238, 0.103135, 0.100856, 0.098678, 0.107518, 0.105221
0.037686, 0.016846, 0.013357, 0.010302, 0.038472, 0.037566, 0.033519; 0.034070, 0.046191, 0.042230, 0.037879, 0.327392, 0.309777, 0.344709, 0.338378, 0.329327, 0.314608, 0.308895, 0.305466, 0.291676, 0.271761, 0.361800, 0.352329, 0.353017, 0.343914, 0.331236, 0.313945, 0.298421, 0.289137, 0.280352, 0.273919, 0.308532, 0.305307, 0.294920, 0.284528, 0.277326, 0.270127, 0.269254, 0.263244, 0.258947, 0.253216, 0.256917, 0.249849, 0.244635, 0.238147, 0.234403, 0.233622, 0.227180, 0.226904, 0.223064
0.015624; 0.009034, 0.260859, 0.212976, 0.237634, 0.208298, 0.176720, 0.155959, 0.149481, 0.164776, 0.253942, 0.232929, 0.222939, 0.205735, 0.215338, 0.208352, 0.199034, 0.193158, 0.182095, 0.172559, 0.183949, 0.179390, 0.171239, 0.165640, 0.162606, 0.170188, 0.166375, 0.161070, 0.155332, 0.161020, 0.156777, 0.152619, 0.147726, 0.166059, 0.161994, 0.157236, 0.248993, 0.364425, 0.375982, 0.367902, 0.358181, 0.376127, 0.374505, 0.365281, 0.356639, 0.350687, 0.351996, 0.362209, 0.354107, 0.348890
0.498687; 0.353872, 0.354910, 0.246884, 0.221205, 0.232182, 0.260445, 0.270842, 0.484890, 0.453301, 0.406438, 0.368723, 0.388195, 0.355882, 0.329089, 0.305984, 0.311486, 0.308201, 0.290855, 0.289370, 0.288748, 0.280199, 0.267401, 0.257992, 0.322858, 0.324151, 0.311095, 0.303497, 0.296325, 0.285585, 0.275423, 0.282377, 0.272899, 0.265994, 0.261040, 0.255860, 0.250754, 0.243688, 0.239561, 0.232823, 0.226480, 0.237050, 0.233236, 0.232106, 0.229266, 0.225694, 0.224120, 0.219173, 0.214256, 0.211202
0.000343, 0.116094; 0.082347, 0.786101, 0.770329, 0.965557, 0.823124, 0.735617, 0.692526, 1.324675, 1.191823, 1.083340, 1.060918, 1.136520, 1.054170, 0.983242, 0.944014, 0.888093, 0.838468, 0.814614, 0.772833, 0.735129, 0.739361, 0.707137, 0.687913, 0.661260, 0.636581, 0.612487, 0.591764, 0.581494, 0.568795, 0.551179, 0.544145, 0.530564, 0.515958, 0.506870, 0.492149, 0.478238, 0.474668, 0.462509, 0.450518, 0.444112, 0.447379, 0.438843, 0.428461, 0.418562, 0.418459, 0.409067, 0.400093, 0.392828
0.057039; 0.100377, 0.067032, 0.155919, 0.148033, 0.124549, 0.106415, 0.092910, 0.101090, 0.090555, 0.082592, 0.078104, 0.074722, 0.069821, 0.097306, 0.094497, 0.100490, 0.096255, 0.111479, 0.118682, 0.202750, 0.192473, 0.183302, 0.204685, 0.196048, 0.231992, 0.236694, 0.233331, 0.224954, 0.217416, 0.210831, 0.205067, 0.199350, 0.661088, 0.653095, 0.633179, 0.615966, 0.596482, 0.589921, 0.573632, 0.556748, 0.551185, 0.545498, 0.530492, 0.516305, 0.511344, 0.519565, 0.513390, 0.547894, 0.543539
0.188065, 0.090325, 0.139820, 0.492343; 0.434933, 0.368919, 0.357391, 0.310522, 0.280062, 0.291245, 0.291108, 0.269138, 0.251140, 0.248092, 0.240304, 0.223228, 0.211534, 0.227514, 0.216751, 0.207287, 0.209976, 0.199148, 0.189704, 0.182157, 0.175959, 0.173380, 0.168039, 0.210871, 0.203062, 0.196685, 0.190905, 0.185083, 0.179301, 0.181959, 0.241143, 0.233493, 0.226387, 0.220852, 0.215635, 0.209932, 0.205356, 0.200973, 0.196661, 0.191589, 0.187633, 0.183954, 0.180448, 0.176985, 0.177559, 0.176779
0.018192, 0.582383, 0.398939; 0.397597, 0.298859, 0.450143, 0.375594, 0.489273, 0.428220, 0.380861, 0.380276, 0.490043, 0.468199, 0.503044, 0.466912, 0.433834, 0.412533, 0.403163, 0.400706, 0.399662, 0.377818, 0.358638, 0.340986, 0.324998, 0.310450, 0.309020, 0.295814, 0.283777, 0.366734, 0.352794, 0.351676, 0.339685, 0.338801, 0.327265, 0.327191, 0.316760, 0.306992, 0.297793, 0.301467, 0.292951, 0.292322, 0.286451, 0.278897, 0.274155, 0.267215, 0.260610, 0.254326, 0.253869, 0.247896, 0.245075
0.112993, 0.039795, 0.029453; 0.022979, 0.089660, 0.074006, 0.068333, 0.059932, 0.060224, 0.053426, 0.059810, 0.054141, 0.050349, 0.046282, 0.043154, 0.042689, 0.040432, 0.038016, 0.051634, 0.049155, 0.046644, 0.048582, 0.046484, 0.044438, 0.043983, 0.042187, 0.040874, 0.039320, 0.037923, 0.044068, 0.042861, 0.044511, 0.043062, 0.041809, 0.040525, 0.039623, 0.038468, 0.037387, 0.036439, 0.041782, 0.040700, 0.039675, 0.038979, 0.038041, 0.037202, 0.036346, 0.035530, 0.034798, 0.034048, 0.033584
0.006277, 0.025853, 0.017238, 0.436890, 0.349569, 0.307358, 0.439596, 0.385662, 0.560472, 0.510086; 0.480482, 0.455597, 0.419477, 0.492226, 0.458233, 0.428631, 0.403634, 0.380758, 0.362941, 0.344310, 0.328673, 0.387624, 0.370323, 0.362546, 0.349588, 0.373028, 0.365357, 0.366534, 0.358653, 0.346654, 0.335322, 0.329554, 0.323757, 0.314088, 0.304882, 0.297439, 0.293388, 0.285484, 0.278004, 0.270971, 0.271579, 0.269109, 0.275767, 0.289221, 0.283085, 0.282075, 0.277622, 0.271900, 0.270754, 0.265411
0.000002, 0.000002, 0.000003; 0.000003, 0.000003, 0.000023, 0.000026, 0.000040, 0.075737, 0.072202, 0.069593, 0.068306, 0.066984, 0.064208, 0.063806, 0.049136, 0.048496, 0.046953, 0.045812, 0.045227, 0.037344, 0.044831, 0.044273, 0.043866, 0.043935, 0.043204, 0.042656, 0.042062, 0.041712, 0.040286, 0.039662, 0.039351, 0.035678, 0.034622, 0.034157, 0.033926, 0.033702, 0.035362, 0.034832, 0.037529, 0.037168, 0.038405, 0.037825, 0.037474, 0.035368, 0.040187, 0.039579, 0.039193, 0.038823, 0.039884
0.110217; 0.017658, 0.043754, 0.032602, 0.026173, 0.022878, 0.019714, 0.019847, 0.071074, 0.062030, 0.061729, 0.059123, 0.058992, 0.055869, 0.153266, 0.150384, 0.134624, 0.192935, 0.180959, 0.177495, 0.166558, 0.161046, 0.156070, 0.150588, 0.146417, 0.154276, 0.150132, 0.143049, 0.141991, 0.135916, 0.132680, 0.127313, 0.124427, 0.122584, 0.119280, 0.116847, 0.138654, 0.136391, 0.131504, 0.129320, 0.127593, 0.125548, 0.122033, 0.120410, 0.118634, 0.126111, 0.125062, 0.121383, 0.119769, 0.117463
0.277802; 0.236181, 0.135889, 0.747391, 0.624941, 0.538578, 0.458598, 0.409498, 0.399100, 0.369097, 0.857751, 0.894952, 0.983798, 0.899663, 0.828593, 0.771591, 0.754040, 1.558612, 1.503957, 1.448700, 1.332665, 1.288349, 1.246909, 1.167233, 1.134761, 1.102213, 1.094858, 1.030884, 1.011848, 0.986922, 0.967102, 0.917402, 0.896187, 0.876985, 1.595278, 1.560204, 1.529734, 1.503448, 1.449085, 1.435968, 1.406573, 1.399819, 1.354043, 1.327903, 1.303261, 1.266638, 1.243893, 1.234210, 1.212799, 1.178982
0.300871, 0.608353, 0.656146, 0.492592, 0.395805; 0.388366, 0.423797, 0.363976, 0.476828, 0.424863, 0.484085, 0.441481, 0.435789, 0.404253, 0.382101, 0.388650, 0.380580, 0.391553, 0.370830, 0.351549, 0.438866, 0.419682, 0.401324, 0.383612, 0.367400, 0.352775, 0.340797, 0.345232, 0.481691, 0.464731, 0.448919, 0.440386, 0.426354, 0.413292, 0.428800, 0.416648, 0.406645, 0.423888, 0.418142, 0.422454, 0.439168, 0.428225, 0.419098, 0.409159, 0.399829, 0.390798, 0.382146, 0.386636, 0.382106, 0.378411
0.528509, 0.269975, 0.845606; 0.804875, 0.767041, 0.766316, 0.658910, 0.880324, 0.763185, 0.685618, 0.640889, 0.607657, 0.553517, 0.622399, 0.583926, 0.540834, 0.516224, 0.537876, 0.505041, 0.486926, 0.488287, 0.481385, 0.460532, 0.490220, 0.476781, 0.461435, 0.534203, 0.523419, 0.506317, 0.489022, 0.474889, 0.460905, 0.448784, 0.449260, 0.443110, 0.437454, 0.443156, 0.432700, 0.425963, 0.424621, 0.418939, 0.779698, 0.765727, 0.748933, 0.733668, 0.727355, 0.713418, 0.697233, 0.697237, 0.688255
1.185304, 2.550352; 1.752685, 1.656214, 1.311511, 1.085521, 0.928729, 0.990284, 0.911947, 0.814229, 0.738737, 0.811663, 0.766402, 0.732256, 0.725373, 0.675707, 0.636629, 0.599460, 0.567422, 0.556363, 0.533237, 0.542747, 0.517262, 0.494276, 0.494695, 0.478313, 0.470374, 0.452490, 0.437195, 0.437871, 0.434200, 0.421690, 0.418755, 0.406856, 0.404452, 0.396804, 0.385300, 0.405761, 0.395655, 0.385434, 0.385486, 0.382815, 0.381453, 0.375854, 0.369815, 0.361559, 0.378036, 0.372082, 0.388587, 0.384256
0.000013, 0.000054; 0.000059, 0.000163, 0.000799, 0.050106, 0.111387, 0.096846, 0.092933, 0.120476, 0.108210, 0.098286, 0.091059, 0.161832, 0.213840, 0.199650, 0.187243, 0.176284, 0.167685, 0.161610, 0.153929, 0.146544, 0.140049, 0.133920, 0.130070, 0.154966, 0.156837, 0.150989, 0.147797, 0.158170, 0.343551, 0.337494, 0.331832, 0.338637, 0.333105, 0.317024, 0.314653, 0.314990, 0.310108, 0.305471, 0.301742, 0.287140, 0.284258, 0.299307, 0.317803, 0.379322, 0.365156, 0.436017, 0.450426, 0.443276
0.000509, 0.000330, 0.028267, 0.019905, 0.054922, 0.044168, 0.039557, 0.083449, 0.073429, 0.065412; 0.062732, 0.132498, 0.124414, 0.117721, 0.108990, 0.170290, 0.167974, 0.161661, 0.152618, 0.145212, 0.137885, 0.130221, 0.124358, 0.137272, 0.131810, 0.127839, 0.134899, 0.129923, 0.124587, 0.148754, 0.144092, 0.139782, 0.138284, 0.134460, 0.130679, 0.128016, 0.123751, 0.123362, 0.120466, 0.129839, 0.126621, 0.128794, 0.126650, 0.129002, 0.164906, 0.161036, 0.158739, 0.160725, 0.157141, 0.158448
0.556006; 0.270023, 0.182258, 0.137699, 0.110539, 0.091283, 0.078544, 0.068893, 0.062731, 0.056229, 0.051190, 0.051534, 0.048626, 0.045310, 0.042302, 0.039670, 0.037310, 0.035863, 0.033980, 0.032548, 0.031364, 0.029937, 0.028664, 0.027517, 0.026415, 0.025398, 0.024468, 0.023596, 0.022781, 0.027108, 0.027381, 0.026447, 0.025689, 0.027110, 0.026260, 0.025566, 0.024933, 0.024693, 0.024008, 0.153355, 0.148946, 0.144786, 0.143047, 0.145234, 0.141439, 0.139839, 0.136315, 0.132966, 0.129791, 0.128440
0.373253, 0.221638, 0.139323, 0.127793, 0.096661, 0.175001, 0.320600, 0.273536, 0.272433, 0.271609; 0.251894, 0.226657, 0.776811, 0.723469, 0.672963, 0.639939, 0.590297, 0.564929, 0.543306, 0.517640, 0.488326, 0.479917, 0.465666, 0.444032, 0.421531, 0.406648, 0.398463, 0.390829, 0.396342, 0.381772, 0.366086, 0.359563, 0.346859, 0.339578, 0.331643, 0.323759, 0.313680, 0.306166, 0.297450, 0.300966, 0.295672, 0.287726, 0.281533, 0.276693, 0.271249, 0.264636, 0.261548, 0.255411, 0.248758, 0.245936
0.000030, 0.103174, 0.090950, 0.154683, 0.130906; 0.115079, 0.100006, 0.088755, 0.077196, 0.068662, 0.097150, 0.252197, 0.241848, 0.234199, 0.220087, 0.203174, 0.189363, 0.183676, 0.174627, 0.168171, 0.159017, 0.150635, 0.147214, 0.149163, 0.233030, 0.222054, 0.227177, 0.221584, 0.213501, 0.204387, 0.206646, 0.202078, 0.197488, 0.190309, 0.193320, 0.190682, 0.193408, 0.189622, 0.183393, 0.180175, 0.273896, 0.279743, 0.274132, 0.270286, 0.255169, 0.254140, 0.249717, 0.252449, 0.272879, 0.272157
0.155157, 0.080476, 0.053724, 0.040523, 0.032713, 0.036752, 0.031949, 0.085205, 0.239500, 0.404303, 0.367471, 0.361957, 0.338357, 0.447047, 0.413634, 0.415630, 0.388667; 0.385154, 0.389282, 0.573119, 0.554130, 0.548401, 0.542460, 0.517206, 0.495709, 0.503315, 0.495264, 0.475837, 0.457869, 0.458587, 0.450605, 0.435751, 0.421116, 0.411510, 0.422223, 0.421572, 0.408848, 0.411221, 0.427367, 0.415455, 0.404184, 0.411296, 0.407463, 0.400439, 0.403022, 0.393420, 0.397308, 0.388207, 0.382381, 0.374219
0.002985, 0.091207, 0.281377, 0.233941; 1.775287, 1.545426, 1.445133, 1.294718, 1.054362, 0.971240, 0.879658, 0.820992, 1.049305, 0.980937, 0.922216, 0.839886, 0.802032, 0.770513, 0.748812, 0.714490, 0.683745, 0.640386, 0.614872, 0.591434, 0.714283, 0.688773, 0.685087, 0.664500, 0.634851, 0.615269, 0.600986, 0.588593, 0.582327, 0.566106, 0.552089, 0.532354, 0.525058, 0.512260, 0.499744, 0.542447, 0.545562, 0.530598, 0.518998, 0.511677, 0.552334, 0.542110, 0.540679, 0.529138, 0.517906, 0.507270
0.000000, 0.026887; 0.019132, 0.016846, 0.014206, 0.011678, 0.010168, 0.008814, 0.169208, 0.252620, 0.229400, 0.216515, 0.199263, 0.189596, 0.196053, 0.183468, 0.175837, 0.165676, 0.176642, 0.167371, 0.155428, 0.150615, 0.143893, 0.269648, 0.262437, 0.250260, 0.352245, 0.560341, 0.540026, 0.530087, 0.514753, 0.500646, 0.492100, 0.476929, 0.464466, 0.452079, 0.440535, 0.431950, 0.420320, 0.410431, 0.399920, 0.390937, 0.388005, 0.398387, 0.390044, 0.381208, 0.372766, 0.365438, 0.362704, 0.355153
0.000000, 0.034139, 0.587580; 0.469192, 0.346143, 0.318885, 0.259903, 0.229335, 0.210275, 0.190394, 0.177607, 0.166347, 0.149220, 0.141646, 0.129292, 0.128058, 0.235654, 0.219693, 0.208841, 0.200994, 0.223120, 0.214729, 0.218726, 0.208907, 0.199113, 0.192042, 0.185912, 0.181895, 0.174293, 0.179807, 0.174181, 0.172063, 0.167241, 0.163341, 0.164169, 0.173197, 0.168477, 0.164455, 0.159523, 0.178707, 0.180099, 0.177441, 0.173761, 0.170641, 0.181734, 0.178093, 0.174733, 0.208268, 0.204336, 0.207516
0.042716, 0.031048, 1.615564, 1.198042, 1.026348, 0.840331; 0.679349, 0.592469, 0.533286, 0.478686, 0.433896, 0.401305, 0.371492, 0.344035, 0.412094, 0.749129, 0.809048, 0.767624, 0.725587, 0.685252, 0.731124, 0.701620, 0.672881, 0.662096, 0.642907, 0.619749, 0.596335, 0.576148, 0.556596, 0.537657, 0.519932, 0.503644, 0.489329, 0.487241, 0.472988, 0.461049, 0.448267, 0.437172, 0.425903, 0.415394, 0.405558, 0.396679, 0.393594, 0.384290, 0.375539, 0.367305, 0.361182, 0.353470, 0.392811, 0.385927
