1.000000, 1.959548, 2.937240; 3.893948, 4.911425, 5.681825, 6.614352, 7.558066, 8.667501, 9.613483, 10.437005, 11.452451, 12.371396, 13.320440, 14.322664, 15.265120, 13.224586, 14.094335, 14.774141, 15.654608, 16.554045, 17.737814, 18.606802, 19.344406, 20.479969, 21.230518, 22.047094, 22.871175, 23.556190, 24.775089, 25.704566, 26.519005, 27.201102, 27.954830, 29.064946, 29.900975, 30.727807, 31.452090, 32.237232, 33.342858, 34.139771, 35.025624, 35.791462, 36.664714, 37.779687, 38.616718, 39.414424, 40.568513, 40.435905, 41.473103
1.000000; 1.926977, 2.832490, 3.773368, 4.846410, 5.695260, 6.717909, 6.881247, 7.837477, 5.769184, 6.363916, 6.779528, 7.529664, 8.096001, 8.649806, 9.627048, 10.182194, 11.390535, 11.840428, 12.700266, 13.521593, 14.056370, 14.793194, 15.498815, 16.367115, 16.837741, 17.723696, 18.590772, 19.773271, 20.229063, 20.667447, 21.867183, 22.513881, 23.054836, 23.917709, 24.380667, 24.960152, 26.131357, 26.627967, 27.645710, 28.082665, 28.615505, 29.663273, 30.239478, 30.914389, 31.873192, 32.491827, 28.604495, 29.447482, 30.139161
1.000000, 1.689655, 2.215064, 2.655900, 3.073329, 3.748684, 4.227005, 4.815296, 5.205010, 5.644888, 5.531508, 5.905347, 6.182366, 8.423857, 9.091859, 10.248278, 10.776635, 11.267269, 11.178462, 11.545214, 12.021693, 12.374981, 10.410233; 11.123155, 11.248459, 11.951989, 13.418200, 13.665725, 13.947375, 14.137777, 14.338732, 15.951147, 16.226686, 7.545112, 13.038869, 13.066411, 13.547753, 13.259495, 13.331511, 8.507991, 8.568175, 8.964084, 10.044695, 10.078140, 9.867702, 10.734880, 11.002605, 12.565583, 12.629144, 12.957063
1.000000; 1.618949, 2.193084, 3.296073, 3.834736, 4.068209, 4.723696, 5.438904, 2.452742, 3.002410, 3.017681, 3.020006, 3.485284, 3.568715, 1.789896, 1.846016, 1.795215, 1.957575, 2.219629, 2.278501, 2.214008, 2.278592, 2.314210, 2.243416, 2.300516, 2.359965, 2.494418, 2.438327, 2.487341, 2.578609, 2.628205, 2.611514, 2.670580, 2.700349, 2.641866, 2.732765, 3.348824, 3.423907, 3.338468, 3.449778, 3.514123, 3.579674, 3.497815, 3.716617, 3.789535, 3.773131, 3.889147, 4.032822, 4.176508, 4.081750
1.000000, 1.803879, 2.482143, 3.509998, 4.094842, 4.817501, 6.184080, 6.836128, 8.011469, 8.776470; 3.779945, 4.266700, 4.605959, 4.817225, 5.231233, 5.338635, 5.641638, 5.730694, 5.828898, 6.186060, 6.250244, 6.626375, 2.473335, 2.580290, 2.596768, 2.674305, 2.675086, 2.754717, 2.823625, 2.802218, 2.870724, 2.884978, 2.944238, 3.320336, 3.375582, 3.371146, 3.452325, 3.769014, 3.859685, 3.877153, 3.934697, 4.056791, 4.037577, 4.103361, 4.104613, 4.165684, 4.225918, 4.255226, 4.378813, 4.437981
1.000000; 1.999463, 2.427874, 3.462847, 4.089293, 5.097397, 5.940119, 6.815059, 7.706073, 8.761701, 9.511524, 10.135072, 11.087207, 11.788299, 12.667081, 13.719603, 14.535415, 15.166762, 15.960322, 16.688393, 17.569694, 18.527450, 19.487344, 20.353649, 21.150967, 21.991767, 22.849140, 23.771661, 24.760981, 25.617147, 26.527791, 27.550795, 28.373016, 29.214086, 30.024373, 31.007649, 31.906179, 32.864688, 33.582241, 34.370608, 35.122425, 32.138328, 33.130248, 33.974407, 34.809026, 35.724026, 36.227776, 37.063306, 38.027084, 38.711656
1.000000, 1.731320, 2.596908, 3.412917, 4.350058, 1.010934, 1.012635, 1.014360, 1.016138, 1.017946, 1.019544, 4.471878, 4.471446, 4.496943, 4.491479, 4.528027, 4.565412; 8.735661, 8.830663, 8.918482, 9.039450, 9.146085, 9.196715, 9.294522, 9.331752, 9.404455, 9.787148, 9.826839, 9.893703, 10.218402, 10.537311, 10.160465, 8.237252, 8.256446, 8.270474, 10.965069, 10.983480, 11.005648, 11.024510, 11.058301, 11.087091, 15.530742, 15.510605, 15.574898, 15.567260, 15.591520, 15.607911, 15.662516, 15.703592, 15.688480
1.000000, 1.991633, 2.596908, 3.424759, 4.365120, 3.635163, 3.218522, 3.511030, 3.741992, 4.106021; 6.722038, 7.176129, 7.641680, 8.123087, 8.602610, 8.974489, 9.421242, 10.240797, 10.732845, 11.503699, 12.084695, 12.917467, 13.752653, 14.154832, 14.660958, 15.505398, 16.338187, 16.250790, 16.995695, 17.498842, 17.995589, 18.507528, 20.688355, 21.143564, 21.688861, 22.230316, 22.787593, 23.361205, 23.930101, 24.431561, 25.015152, 1.058062, 1.060730, 1.060120, 1.073024, 1.072641, 1.072261, 1.071725, 1.071355, 1.070153
1.000000; 1.036024, 1.050333, 1.064353, 1.094254, 1.106479, 1.121067, 1.184239, 1.206102, 1.235165, 1.266546, 1.295984, 1.324164, 1.355234, 1.601851, 1.636567, 1.702947, 1.709578, 2.059623, 2.191456, 2.181677, 2.242107, 2.304420, 2.286502, 2.348922, 2.538520, 2.525576, 2.573876, 2.618736, 2.759678, 2.810303, 2.857529, 2.895044, 2.945940, 3.673054, 3.738542, 3.708067, 3.766259, 3.862070, 3.851935, 3.915430, 3.984817, 3.969443, 3.992989, 3.954131, 3.918304, 3.972542, 4.274792, 4.257939, 4.327105
1.000000, 1.993708, 2.979881, 3.981458, 4.948183, 5.952230; 6.957879, 7.940263, 8.496566, 9.440166, 10.304277, 11.296410, 12.248823, 13.214274, 14.182400, 15.150874, 16.289862, 17.257416, 18.181164, 19.129365, 20.069567, 21.037200, 21.995902, 18.903363, 20.104725, 20.858374, 21.393064, 22.473250, 23.116973, 24.348426, 25.055033, 26.314612, 26.977272, 27.657012, 28.882495, 29.225501, 29.978564, 31.215336, 31.786349, 32.795058, 33.560336, 34.870915, 35.478825, 36.120610, 37.440688, 38.215429, 38.897886, 40.242939, 40.888933, 41.549382
1.000000, 1.993672, 1.781435, 2.026467, 2.192950, 2.910902, 3.354095, 3.646466, 4.640903, 4.905923, 7.542684, 8.391127, 8.960593, 10.927454, 6.690047, 6.810489, 10.494897, 1.246084, 1.236039, 1.239214, 1.269730, 1.271132; 1.272376, 1.303494, 1.301497, 1.332411, 1.333737, 1.369762, 1.372909, 1.411992, 1.408328, 1.478847, 1.480761, 1.473687, 1.511435, 1.507848, 1.526196, 1.563528, 1.559641, 1.543429, 1.697293, 1.686803, 1.711556, 1.757497, 1.748053, 1.714372, 1.763089, 1.752976, 1.749381, 1.808834
1.000000, 1.800000, 1.887452, 1.965103, 3.779269, 5.428759, 6.258110, 6.863478, 7.373862, 8.215756, 8.939557, 9.570486, 10.773124, 11.662827, 12.889307, 13.990034, 14.788046, 15.615123, 15.860485, 16.191111; 16.098496, 16.825873, 17.654098, 17.554257, 18.745889, 19.821351, 20.847849, 21.553548, 21.427269, 22.055336, 23.153398, 24.043052, 25.171953, 26.228151, 27.061264, 27.859373, 28.672179, 29.543521, 30.660438, 31.572872, 32.427849, 33.231346, 34.121802, 34.183800, 28.990186, 29.598890, 30.060824, 29.771815, 30.451551, 30.868904
1.000000; 1.990821, 2.985922, 3.834547, 4.744895, 5.834233, 6.791796, 7.742289, 8.645809, 5.296091, 6.034904, 6.588427, 7.668479, 8.176416, 8.892929, 9.375049, 9.986601, 10.869851, 11.669759, 12.135012, 12.834589, 13.404035, 14.050355, 14.770576, 15.351399, 16.282338, 16.920563, 17.669027, 18.239141, 18.865914, 19.507551, 20.435851, 21.031024, 21.964557, 23.086072, 23.703277, 24.286324, 24.830606, 25.614536, 26.209414, 26.905653, 27.675281, 28.835211, 29.762347, 30.343332, 31.302322, 32.207587, 30.645389, 31.240105, 32.386773
1.000000; 1.896137, 2.955971, 3.365770, 3.836404, 4.812329, 5.419475, 6.071761, 6.707331, 7.962292, 6.292524, 6.849690, 7.623344, 8.087867, 8.947311, 9.533182, 10.640054, 11.523391, 11.979106, 12.450022, 13.684522, 14.125825, 14.644851, 15.612087, 16.501790, 16.951498, 17.808829, 19.000695, 19.597082, 19.999387, 20.576713, 21.520804, 22.017058, 22.613511, 23.602630, 24.211810, 24.693271, 25.235466, 26.336977, 26.966304, 27.592807, 28.064662, 29.114716, 29.619251, 30.101262, 31.348786, 31.946834, 32.483269, 33.019475, 34.227020
1.000000, 1.196097, 1.370637, 1.803516, 2.057265, 4.617143, 5.085230, 5.820913, 6.327659, 6.724907, 7.495656, 8.198652, 8.970416, 8.816089, 9.211379, 9.931377, 10.411702; 9.709950, 10.250859, 10.745431, 5.647351, 5.689381, 5.725448, 5.765178, 5.816438, 5.870890, 6.358996, 6.361044, 6.207226, 6.069675, 6.084652, 6.199958, 6.233152, 6.275504, 6.147614, 10.628248, 10.687971, 10.741647, 10.828744, 10.947984, 10.736319, 11.356799, 11.439606, 11.696539, 12.323376, 12.371676, 12.455104, 12.557394, 2.027586, 2.024943
0.000000; 1.800000, 2.272727, 2.406012, 3.860546, 4.026771, 4.361523, 4.452830, 5.936661, 6.015769, 6.082834, 7.749512, 8.346036, 8.503015, 8.811100, 10.285868, 10.451666, 10.702495, 12.167555, 12.472022, 12.672953, 14.572428, 14.860761, 15.087407, 16.608789, 16.786978, 17.084102, 17.300777, 18.875674, 19.084597, 19.311019, 20.941159, 21.311252, 21.668545, 23.237059, 23.541746, 23.793162, 24.062716, 15.038922, 15.112894, 15.281301, 16.698005, 16.743772, 17.305319, 18.738520, 19.144964, 19.330029, 19.508851, 20.713926, 20.791421
1.000000, 1.466470; 2.704182, 3.446852, 4.091076, 4.758895, 2.263718, 2.354878, 2.385129, 2.611636, 3.407163, 3.429315, 3.764074, 3.896384, 5.333219, 5.397339, 5.484603, 5.541676, 2.030186, 2.413012, 2.469346, 2.520693, 2.485270, 2.583160, 2.635290, 2.657604, 2.624543, 2.694879, 2.744495, 2.792439, 3.546098, 3.595687, 3.639510, 3.678948, 3.674401, 3.709166, 3.744312, 3.810331, 3.798165, 3.834009, 3.872685, 3.908044, 3.908897, 3.951044, 3.987008, 4.025277, 4.591202, 4.633417, 4.672680, 4.710425
1.000000; 1.884177, 2.590944, 3.150802, 3.388459, 4.875007, 5.228102, 5.557612, 5.871950, 7.782449, 8.398233, 8.713537, 10.426918, 10.779911, 10.423607, 10.775367, 12.627431, 13.304309, 13.846112, 14.514557, 16.293446, 16.816498, 17.394284, 18.112312, 18.837917, 19.429520, 19.918701, 21.390223, 21.938973, 22.437689, 22.980006, 24.545661, 25.198544, 25.797951, 27.163715, 27.860375, 28.617100, 29.194610, 29.485705, 30.292783, 30.952768, 31.670740, 33.073029, 33.700592, 34.424858, 29.095443, 29.392247, 29.735973, 30.086895, 9.434668
1.000000, 1.999950, 2.999934, 3.999901, 4.539313, 5.410682, 6.309835, 7.289406, 8.275989, 9.509161, 10.450208, 11.372725, 12.320159, 13.305489, 14.513049, 15.491015, 16.473144, 17.455816, 18.393236; 19.357158, 20.312516, 21.299154, 21.502873, 22.488286, 23.478975, 24.465429, 25.434743, 26.409565, 27.387673, 28.347903, 5.181151, 5.204509, 5.248246, 5.276616, 7.645093, 7.698193, 7.752844, 7.377791, 7.402470, 8.123884, 8.146842, 8.180762, 8.385738, 3.140153, 3.516893, 3.581314, 3.606428, 3.661832, 3.723885, 3.779264
1.000000, 1.992447, 2.996554, 3.555923, 4.738473, 5.740851, 6.712020, 7.708733, 8.559657, 9.476195, 10.453385, 11.286900, 12.414232, 13.226773, 14.277570, 15.257998, 16.371688, 17.341502, 18.385167, 19.313137, 20.385109, 21.423918, 22.495814, 23.407094, 24.309016, 25.239820, 26.236464, 27.262590, 28.155159, 29.059488, 30.080191, 30.999260, 32.020963, 33.036760, 34.065677, 34.060414, 34.319919, 35.280425, 36.132929, 37.026598; 38.099362, 39.201417, 40.128163, 40.896373, 41.855625, 42.816427, 43.726187, 44.669490, 45.714581, 46.670332
1.000000, 1.993731; 2.805625, 3.599062, 4.391702, 5.061319, 5.839394, 6.569622, 7.949828, 7.605094, 8.235102, 8.701619, 9.086203, 10.960656, 11.514313, 12.140330, 12.609360, 13.187013, 13.792251, 14.875964, 15.494295, 16.107267, 16.804732, 17.464881, 18.323604, 18.938186, 19.477593, 20.025631, 20.629454, 17.573551, 19.129482, 19.593312, 20.003271, 20.516529, 20.971125, 22.836153, 23.293521, 23.782694, 24.583361, 25.387223, 26.203502, 27.955585, 28.418969, 28.971342, 29.550283, 30.089175, 31.723184, 32.192103, 32.993810, 33.799842
0.000000, 1.421831, 1.718080, 2.685344, 2.565920; 2.714716, 3.082153, 4.921466, 5.126717, 5.034079, 5.173108, 5.121061, 5.300692, 5.337928, 7.403485, 7.516646, 7.546027, 7.546887, 7.632451, 7.603896, 9.985905, 10.451496, 10.393058, 11.038305, 11.073007, 13.083945, 13.152020, 13.299096, 13.845542, 14.009598, 14.126848, 16.439055, 16.824992, 16.869471, 16.887669, 17.412002, 17.565058, 17.618966, 19.390455, 19.547916, 19.611559, 20.244996, 19.956966, 20.117515, 20.217352, 20.403337, 22.677322, 22.788344, 22.911037, 25.263939
1.000000, 1.756523, 2.755687, 3.684541, 4.387915, 5.571965, 6.415265, 7.323755, 6.321845, 7.666430, 8.431821, 9.712461, 11.538413, 12.382853, 13.327774, 14.123878, 14.933395, 15.831007, 16.553831, 17.521316; 18.324593, 19.182510, 20.023952, 16.707009, 17.061451, 17.861116, 18.212557, 19.257825, 19.646817, 20.421360, 20.937515, 21.606747, 22.591299, 23.165709, 23.811832, 24.942515, 25.241025, 26.265911, 26.583508, 29.157043, 29.975343, 30.422676, 31.345437, 32.250993, 32.660673, 33.565756, 34.129078, 34.704855, 35.630008, 36.114274
1.000000, 1.989284, 2.984068, 3.973922, 4.965964, 5.970706, 6.764752, 7.805549; 1.017197, 1.017363, 1.018108, 1.018746, 1.018562, 1.018553, 1.019707, 1.020512, 1.020376, 1.021712, 1.022046, 1.021840, 1.021872, 1.021670, 1.021504, 1.021615, 1.021939, 1.022136, 1.022113, 1.022009, 1.022032, 1.021967, 1.021826, 1.044533, 1.044358, 1.044179, 1.043871, 1.043636, 1.043488, 1.043392, 1.043302, 1.043215, 1.043483, 1.043437, 1.043267, 1.043034, 1.044448, 1.044381, 1.044313, 1.044571, 1.044491, 1.044433
1.000000, 1.917557, 2.934875, 3.959717, 4.968818, 5.937578; 5.215834, 5.532050, 5.333120, 5.479187, 5.652350, 6.617716, 6.901640, 7.179234, 7.394801, 7.680047, 7.908146, 9.913149, 10.159405, 10.540199, 11.481817, 11.801356, 12.223055, 12.562200, 12.900166, 13.193843, 13.485433, 14.492332, 14.806795, 15.133912, 17.641213, 17.953937, 18.246227, 18.618126, 18.362827, 19.474129, 20.081128, 20.478879, 20.868783, 21.266199, 21.773428, 24.516731, 24.826342, 25.198219, 26.310654, 13.015775, 13.054886, 13.121537, 13.151359, 13.163318
1.000000; 1.999594, 2.962268, 3.811639, 4.928567, 5.783614, 6.784038, 7.547297, 8.649556, 7.632365, 8.871693, 10.060891, 10.690473, 11.865234, 12.605214, 13.783233, 14.563131, 14.717907, 15.261894, 16.216158, 16.998052, 18.154379, 19.140820, 18.886337, 19.061472, 19.545984, 17.881902, 17.622433, 18.354051, 18.945984, 19.703291, 20.588303, 21.205950, 22.146115, 22.833747, 22.776455, 23.438419, 24.059555, 24.724700, 25.577184, 26.372411, 27.071354, 27.904490, 28.688315, 29.455385, 25.675291, 26.439592, 27.516316, 27.442183, 28.060681
1.000000, 1.999950, 2.995825, 3.995188, 4.988754, 5.989151; 6.936313, 6.214122, 7.063843, 7.787218, 8.496235, 9.985585, 10.785117, 11.544494, 12.284015, 13.091220, 14.207134, 14.945678, 15.682825, 16.542399, 18.087753, 18.839880, 19.654675, 20.512297, 8.761651, 9.226436, 9.333453, 9.376530, 9.974086, 13.428222, 13.560565, 13.624472, 13.696921, 13.750570, 14.560888, 14.727001, 14.860022, 15.392230, 15.458014, 18.872109, 18.482943, 18.584105, 19.203668, 20.003808, 20.110326, 20.284668, 20.355354, 20.588630, 21.567408, 22.185726
1.000000; 1.209116, 1.399201, 1.474556, 2.015361, 2.092384, 2.144576, 2.655087, 2.744359, 2.790878, 2.958273, 3.839250, 3.897262, 3.962832, 5.160716, 5.241391, 5.308878, 6.728599, 6.809453, 6.887201, 7.993099, 8.320036, 9.030685, 9.941782, 10.083585, 10.555160, 11.493004, 11.577387, 11.690023, 12.759961, 13.374069, 13.855664, 13.963057, 14.990026, 15.102634, 15.166499, 16.561597, 16.674418, 16.757767, 18.026111, 18.361243, 18.510127, 19.582419, 19.721776, 19.882624, 21.425276, 21.562900, 22.249976, 23.298083, 23.493877
1.000000, 1.019800; 1.465724, 1.647542, 1.693845, 1.698761, 2.407383, 2.708425, 2.853184, 2.888388, 3.839440, 4.000740, 4.488886, 4.318958, 4.966301, 6.120425, 6.731255, 6.887627, 7.532063, 7.955676, 5.572361, 5.664496, 5.726733, 5.763096, 6.109296, 6.506860, 7.418724, 7.455744, 7.856972, 7.911557, 8.034516, 1.575699, 1.569560, 1.615934, 1.840104, 1.833188, 1.828468, 1.880148, 1.875502, 1.928387, 1.920943, 1.974070, 1.965534, 1.976931, 1.978530, 1.992278, 2.042739, 2.039961, 2.049378, 2.043886
1.000000; 1.864514, 2.915073, 3.798237, 4.549998, 5.107000, 3.698593, 3.840303, 4.550310, 4.876485, 5.660926, 6.840905, 6.896990, 7.690265, 8.392301, 9.014317, 9.315152, 10.082357, 10.466258, 11.094113, 11.300386, 12.315534, 12.885999, 7.475626, 7.461130, 8.139465, 8.134980, 8.827524, 8.916967, 9.377344, 9.403275, 10.379729, 10.494764, 10.499092, 10.974602, 11.346081, 11.927781, 11.944117, 12.447879, 12.547846, 13.330863, 13.456991, 13.952235, 14.110420, 14.211001, 14.636422, 14.917507, 15.333744, 15.704846, 16.095522
1.000000, 1.896412, 1.321683, 3.582468, 3.722810, 4.151027, 4.318533; 4.168445, 4.280354, 5.106063, 5.725693, 5.985552, 9.045483, 9.640028, 10.283894, 10.585512, 8.459180, 9.106848, 9.347343, 9.085258, 9.197798, 9.880302, 7.446636, 7.609399, 8.859641, 8.898013, 8.914663, 9.967854, 10.042054, 10.398217, 10.519052, 10.751417, 11.539751, 11.743287, 11.976483, 11.974196, 13.109021, 13.368060, 13.672279, 13.620191, 13.775369, 14.603233, 14.513552, 14.862373, 14.819231, 15.532917, 15.738005, 16.443675, 17.421624, 17.524976
1.000000, 1.000000; 1.024566, 1.040037, 1.047075, 1.072402, 1.079995, 1.075129, 1.118767, 1.113461, 1.131248, 1.153400, 1.163444, 1.212469, 1.226029, 1.218777, 1.220563, 1.629918, 1.605868, 2.722465, 2.699451, 2.690466, 2.741442, 3.080285, 3.362767, 3.366642, 3.330419, 3.314454, 3.304393, 3.277069, 4.376186, 4.395418, 4.371190, 4.346970, 4.315798, 4.457475, 4.444823, 4.495190, 4.465510, 4.444817, 4.795898, 4.962394, 4.945744, 4.955886, 4.928286, 4.908875, 5.112063, 5.088718, 5.064842, 5.202949
1.000000, 1.994680, 2.980646; 3.939920, 4.951312, 3.076046, 3.138236, 3.260289, 3.352558, 3.401401, 6.216831, 6.338441, 6.445698, 6.538186, 6.708443, 6.417020, 6.533381, 6.653186, 9.729818, 9.952341, 10.103134, 10.267432, 9.188978, 10.049264, 10.313464, 11.493497, 11.752693, 12.303409, 12.591003, 12.859021, 13.078867, 13.346475, 15.016263, 15.329830, 15.721221, 16.395713, 16.678094, 16.980365, 17.275693, 17.536912, 18.718409, 18.998295, 19.388976, 19.976019, 20.267213, 20.592610, 21.443423, 22.760652, 23.111691, 13.609184
1.000000, 1.987612; 2.999563, 3.851300, 4.889318, 5.911505, 6.892054, 4.605479, 5.268788, 6.116809, 6.440986, 6.700969, 7.217669, 8.623052, 9.019807, 7.381200, 8.141171, 8.710387, 8.821253, 10.224188, 10.971659, 11.108243, 11.435832, 11.632848, 13.110637, 13.257814, 12.845676, 13.622470, 14.408354, 14.721545, 15.996428, 16.173927, 16.312829, 16.444769, 16.517163, 17.543124, 17.688282, 17.803760, 17.940352, 18.013705, 18.185938, 20.240572, 20.377149, 20.494713, 20.629802, 20.808329, 22.910002, 23.060711, 23.234094, 23.360958
1.000000, 1.999546, 2.998278, 3.982241; 4.889600, 5.926295, 6.164596, 7.546420, 8.324275, 9.543237, 10.339719, 11.194895, 12.062814, 13.243368, 14.095108, 15.198866, 16.042801, 16.939489, 17.833862, 18.656088, 19.558832, 19.217591, 19.978365, 20.865776, 20.934908, 21.862917, 22.648013, 23.512409, 24.479415, 25.490811, 26.419710, 27.162538, 28.091232, 29.056073, 30.010982, 30.866362, 31.874945, 32.824713, 33.727151, 34.639957, 35.685023, 36.646534, 36.577752, 37.514644, 38.528667, 39.527314, 40.477116, 41.338208, 42.144345, 43.167655
1.000000, 1.225624; 2.225345, 2.312555, 2.334095, 2.295967, 2.974860, 3.234860, 3.537828, 3.524986, 4.377480, 4.497500, 4.549144, 4.575395, 5.268645, 6.064077, 6.457203, 6.545726, 6.631322, 7.678650, 7.750757, 8.044087, 8.098965, 8.471386, 9.123113, 9.199733, 9.318961, 9.392003, 10.609396, 10.766976, 10.903763, 11.027014, 11.077872, 12.065567, 12.204101, 12.380221, 12.474991, 13.470502, 13.845609, 13.971895, 14.080985, 15.030894, 15.216641, 15.297384, 15.771414, 15.950966, 17.041024, 17.211469, 17.727953, 17.834164
1.000000, 1.623902; 2.795124, 3.441387, 3.648114, 4.816246, 5.603098, 6.423405, 7.148684, 7.812843, 8.724681, 9.317445, 10.486204, 11.158821, 12.249869, 13.345358, 14.074600, 14.987288, 14.781381, 15.696977, 16.579405, 17.241260, 18.366385, 19.403732, 20.243702, 21.107664, 22.132957, 22.784666, 23.800621, 24.597469, 25.696108, 26.698721, 26.605637, 27.665620, 28.358166, 29.115041, 29.792086, 31.165891, 32.237154, 32.801984, 33.839602, 34.589976, 35.469612, 36.801324, 37.475495, 28.219041, 29.640378, 29.937885, 30.385211, 31.744753
1.000000; 1.997790, 2.995473, 3.996295, 4.287346, 5.282558, 6.209984, 7.041510, 7.750888, 8.156010, 9.055105, 9.911574, 10.835850, 11.681727, 12.618738, 12.680638, 13.591715, 14.612500, 15.463194, 16.475578, 17.373696, 18.262164, 19.175449, 19.979502, 20.800067, 21.783706, 22.619812, 23.610084, 24.474268, 1.385157, 1.381310, 2.379552, 2.381274, 2.405690, 2.406439, 2.438712, 2.439812, 2.465833, 2.452633, 2.485952, 2.484006, 2.516976, 2.515307, 2.537925, 2.535649, 2.559673, 2.558207, 2.585769, 2.588032, 2.612052
1.000000; 1.916899, 2.689051, 3.301905, 3.723970, 5.383038, 6.106229, 6.837308, 7.475819, 9.038624, 9.826891, 10.564938, 11.966337, 12.618156, 13.462456, 14.235808, 15.311114, 16.072074, 16.810260, 13.644957, 14.343979, 15.238969, 16.307715, 16.643850, 17.399637, 18.251175, 19.093411, 19.880394, 20.961392, 21.668975, 22.406552, 22.921786, 23.692382, 24.497556, 24.985622, 25.720805, 26.784705, 27.535282, 28.031751, 28.763547, 29.589186, 29.629154, 30.174276, 31.076587, 32.108993, 32.698531, 33.565871, 34.484066, 35.105153, 35.926722
1.000000, 1.993731, 2.972883; 3.975926, 4.470088, 5.176197, 5.901688, 6.698657, 7.408531, 8.269385, 9.022991, 10.868271, 11.641761, 12.556733, 13.377331, 14.231084, 15.044766, 15.822053, 16.759975, 18.442397, 19.282667, 20.208371, 20.086893, 20.961617, 21.884519, 22.773077, 16.931586, 17.290471, 17.527541, 17.858130, 18.296581, 18.568292, 18.894847, 19.137685, 23.077283, 23.436705, 23.839454, 24.134348, 24.461391, 24.981442, 25.323408, 25.604325, 29.115761, 29.492826, 29.870255, 30.295279, 30.794883, 31.216496, 31.593626, 30.588326
1.000000, 1.890951, 2.934244; 3.832622, 4.764649, 5.702582, 6.600766, 7.534895, 8.183452, 9.076388, 9.677061, 10.957687, 11.688604, 12.415670, 13.075911, 14.028095, 14.853934, 15.849674, 16.603126, 17.508716, 18.014710, 18.374080, 18.884593, 19.479049, 19.728963, 20.251543, 21.028956, 21.652673, 22.351047, 22.966064, 24.108266, 24.923903, 25.824815, 26.428462, 23.632193, 23.333644, 24.741965, 25.102030, 26.255212, 25.964863, 27.033154, 27.424726, 28.775574, 29.423946, 30.334198, 30.860086, 31.257912, 32.175745, 14.616260, 16.309400
1.000000, 1.614259, 2.098548, 3.466682, 3.976913; 2.306493, 2.421275, 2.325439, 2.475153, 2.531558, 2.595706, 2.623936, 2.568286, 2.599965, 2.709474, 2.702290, 2.751283, 4.591167, 4.623665, 4.614609, 4.604629, 4.612547, 4.644661, 4.678985, 4.661505, 4.727989, 4.718928, 4.774793, 6.915169, 6.951242, 6.972592, 7.057380, 7.051929, 7.115955, 7.140922, 7.158843, 7.228002, 7.272334, 7.273738, 7.354826, 9.847749, 9.883509, 9.925616, 9.983870, 9.998032, 10.069489, 10.156974, 10.169556, 10.227075, 10.244561
1.000000, 1.994475, 2.865132, 1.421449, 1.385555, 1.475108; 1.461156, 1.888094, 1.910789, 2.349027, 2.347405, 2.285290, 2.297870, 2.309233, 2.739688, 2.898067, 2.876905, 2.899995, 2.896621, 2.919377, 2.945978, 2.940498, 3.480831, 3.467082, 3.455577, 4.049705, 4.040720, 3.974052, 4.767151, 5.644790, 5.548313, 5.881925, 5.966038, 6.618352, 6.728769, 6.666902, 6.841963, 6.884169, 7.527066, 7.539272, 7.523454, 7.512502, 7.512949, 7.442600, 7.431787, 7.428169, 8.133447, 8.126234, 8.110249, 8.773339
1.000000, 1.903522, 2.684554, 3.311416; 4.483648, 5.297764, 6.412149, 7.271792, 8.070415, 8.805005, 9.939338, 10.534659, 11.431070, 12.462588, 13.073317, 14.137207, 15.060596, 15.786232, 16.903201, 17.675479, 18.621495, 19.535288, 20.432422, 21.680025, 22.418165, 23.165674, 24.255995, 25.115871, 26.232014, 27.130923, 28.176325, 28.862274, 29.645441, 30.704631, 31.560596, 32.736404, 33.415468, 34.367877, 35.425891, 36.252174, 37.338195, 38.239773, 39.147549, 40.289798, 41.013236, 42.086547, 42.994731, 43.942297, 45.063404, 45.819018
1.000000, 1.800000, 2.662224, 3.595213, 4.445304; 5.320091, 4.600175, 4.741243, 4.918414, 5.272864, 5.331005, 5.965724, 6.656938, 6.674112, 6.742047, 1.734391, 1.574970, 1.637625, 1.672753, 1.808942, 1.842604, 2.115873, 2.177293, 2.469609, 2.528746, 2.564511, 2.606794, 2.500361, 2.538059, 2.581270, 2.616567, 2.656995, 2.884537, 2.922337, 2.993052, 3.033633, 3.071591, 3.115050, 3.027394, 3.067446, 1.038912, 1.039649, 1.038978, 1.038256, 1.037581, 1.036781, 1.036380, 1.036151, 1.035600, 1.043796
1.000000, 2.000000; 1.654204, 2.143602, 2.692053, 3.336999, 3.958275, 1.016118, 1.021178, 1.030577, 1.604119, 2.513679, 2.588197, 2.260684, 2.361536, 2.431358, 2.494729, 2.553497, 2.607719, 2.376719, 2.441968, 2.489688, 2.535705, 2.580964, 2.406540, 2.448520, 2.490253, 2.529995, 2.564924, 2.599712, 2.451189, 2.486733, 2.520600, 2.552727, 2.583228, 2.453981, 2.485799, 2.536798, 2.565584, 2.593258, 2.619576, 2.508372, 2.535130, 2.561387, 2.594342, 2.618782, 2.521381, 2.546119, 2.570578, 2.594057
1.000000, 1.999950, 2.999800, 3.999724, 4.975883; 4.603254, 5.293863, 5.979216, 6.582669, 7.361029, 8.276539, 9.165085, 9.963033, 10.879105, 11.708583, 11.427810, 11.655224, 12.273795, 12.999146, 13.632482, 14.280078, 14.410146, 15.373326, 15.366871, 16.351767, 17.001888, 17.989674, 18.983809, 18.832510, 19.419931, 20.293460, 21.197949, 22.073289, 22.675449, 23.235068, 23.736521, 24.578603, 25.339712, 26.960712, 26.894644, 27.376082, 27.964560, 28.826089, 29.416272, 29.901451, 30.516466, 31.107282, 31.612688, 32.479926, 33.766940
1.000000; 1.883692, 2.976618, 3.995137, 4.920221, 4.043523, 4.768787, 5.469901, 6.129186, 6.945136, 7.397693, 7.799184, 8.895366, 9.676924, 10.094912, 11.163905, 11.958521, 13.277080, 13.986435, 14.508090, 15.705729, 16.242553, 1.460026, 1.449577, 1.476377, 1.500296, 1.504610, 1.532976, 1.523998, 1.549776, 1.576292, 1.581104, 1.644254, 1.677320, 1.668251, 1.696258, 1.723233, 1.733295, 1.762509, 1.805281, 1.843816, 1.926456, 1.913442, 1.949052, 1.992593, 2.075061, 2.116307, 2.153684, 2.174218, 2.209182
1.000000; 1.923966, 2.597084, 3.206485, 3.186072, 3.998483, 5.053142, 4.968184, 6.272634, 7.151269, 7.147535, 7.964410, 8.697112, 9.332956, 9.764545, 10.598913, 10.718898, 11.354571, 12.299707, 13.416952, 14.070997, 14.212505, 15.107793, 15.650105, 15.760012, 16.844662, 17.424922, 18.513210, 19.145501, 19.504142, 20.220894, 20.893470, 20.709661, 21.753668, 22.418173, 23.095809, 23.690306, 24.374412, 25.011459, 25.852391, 26.602453, 27.233506, 27.976453, 28.606559, 29.553733, 30.049860, 30.741858, 31.684681, 32.462080, 33.386673
1.000000, 2.000000; 2.754438, 3.597101, 4.376917, 5.187685, 6.353147, 7.129263, 7.907370, 8.735455, 9.735404, 10.538355, 11.465326, 12.144892, 13.069309, 14.150938, 13.978845, 12.693859, 13.662967, 14.455493, 15.174145, 15.752143, 16.576704, 17.184490, 17.820389, 18.453802, 19.422359, 19.864033, 21.077647, 21.632609, 22.173208, 21.919046, 22.739281, 23.886802, 24.423006, 25.311834, 26.046526, 27.279568, 27.798492, 28.383659, 2.881692, 3.122950, 3.164777, 3.322622, 3.500495, 3.589767, 3.593680, 3.638540, 3.728234, 3.805678
0.000000; 1.027392, 1.026441, 1.023787, 1.022523, 1.049967, 1.045319, 1.042697, 1.041909, 1.065067, 1.066146, 1.064400, 1.091112, 1.090853, 1.246002, 1.242057, 1.273187, 1.269868, 1.271308, 1.268577, 1.299182, 1.297208, 1.293295, 1.322255, 1.320778, 1.319148, 1.316045, 1.357693, 1.355958, 1.362819, 1.359829, 1.388024, 1.386425, 1.384880, 1.419272, 1.446658, 1.442728, 1.481289, 1.516233, 1.513324, 1.512153, 1.510119, 1.540390, 1.539089, 1.536164, 1.569983, 1.567521, 1.564462, 1.562383, 1.595937
1.000000, 1.968899, 2.933438; 3.250896, 4.147189, 5.072975, 5.753371, 6.661070, 7.544223, 8.342721, 9.293126, 10.700646, 11.644542, 12.539079, 13.430853, 14.208395, 15.051182, 16.015997, 16.963093, 18.187959, 18.979398, 19.876581, 20.341715, 20.643419, 21.400746, 22.108273, 23.517031, 24.237320, 25.032753, 25.818997, 26.535416, 27.169725, 28.103566, 28.792976, 29.576295, 30.492902, 31.314196, 32.069036, 32.955154, 33.495425, 34.239269, 34.925673, 36.066508, 36.671473, 37.771884, 38.582175, 39.309794, 40.186160, 40.818501, 41.954346
1.000000, 1.823949, 2.704774, 3.468986, 4.251130, 4.948786, 5.099629, 5.292342, 5.545659, 6.009752, 6.020721, 6.115157, 6.265617, 6.746034, 6.571558, 6.758740, 6.759274, 6.784703, 6.882216, 7.223693, 7.325306, 12.530400, 11.054359, 11.002754, 11.106566, 11.584453, 11.814707, 13.355667, 17.462130, 17.624292, 18.644991, 18.086080, 18.773311, 19.236659, 19.264792, 19.901081, 20.084281, 19.800346, 19.943337, 20.805716, 21.054094, 21.388925, 21.931572; 22.537055, 23.108719, 23.741577, 24.395747, 24.594295, 24.716703, 24.876186
1.000000, 1.418471; 2.643157, 3.530096, 4.167527, 5.453191, 6.463668, 7.204561, 8.401096, 9.126269, 7.807856, 8.281801, 8.941198, 6.260605, 7.382573, 7.256076, 7.643517, 8.763632, 8.649655, 8.791431, 9.942547, 10.083831, 10.156286, 10.409391, 11.636146, 11.597741, 12.003147, 12.276046, 13.574349, 13.704169, 14.976571, 15.217453, 15.433089, 16.902894, 17.118065, 17.205975, 17.299063, 18.686811, 16.191969, 16.759792, 17.671655, 17.755663, 18.324715, 18.982180, 19.562291, 20.258117, 21.010429, 22.104398, 22.269607, 22.958874
1.000000, 1.000000, 1.999580, 2.998269, 1.059418; 2.516013, 1.700998, 1.713953, 1.881515, 1.889460, 1.896165, 1.902102, 1.926855, 1.930059, 1.930257, 1.930686, 2.182754, 2.188259, 2.191275, 2.192907, 2.194670, 2.197177, 2.228517, 2.229100, 2.226681, 2.244677, 2.243177, 2.755440, 2.847072, 2.885516, 2.882735, 3.129635, 3.130641, 3.128284, 3.124741, 3.122245, 3.120049, 3.117550, 3.478267, 3.476559, 3.468721, 3.466548, 3.461285, 3.495006, 3.530242, 3.524351, 3.520580, 3.513888, 3.513714, 3.909801
1.000000, 1.996502, 2.991855, 3.954633, 4.377164, 4.934706; 6.284922, 7.016098, 7.020741, 8.444514, 8.999288, 9.444758, 9.999401, 10.664249, 12.112019, 12.662704, 12.382314, 8.631529, 9.159531, 9.407286, 1.008491, 1.043691, 1.043878, 1.041945, 1.040235, 1.040052, 1.038630, 1.049483, 1.049314, 1.047682, 1.046695, 1.046022, 1.044762, 1.044671, 1.043709, 1.053265, 1.051911, 1.051565, 1.051260, 1.050525, 1.049417, 1.048547, 1.047786, 1.056048, 1.054681, 1.054300, 1.053892, 1.053293, 1.052367, 1.052133
1.000000; 1.915848, 2.606384, 3.312541, 4.623463, 5.383687, 4.747718, 5.749498, 6.626883, 7.267508, 7.268889, 7.258945, 8.157752, 8.996339, 10.042137, 10.763922, 11.646186, 11.717943, 11.689392, 12.437308, 11.267508, 4.988890, 5.166355, 5.780528, 5.853444, 5.889816, 6.448728, 6.505217, 6.875629, 7.873637, 8.036134, 8.056545, 8.103420, 9.486541, 9.605597, 9.606273, 10.418068, 10.463360, 10.560730, 11.243827, 11.309570, 11.344425, 12.282485, 12.362417, 12.493220, 13.096357, 13.145806, 13.612665, 14.434525, 14.749877
1.000000; 1.940831, 2.742211, 3.539095, 4.414299, 4.885379, 5.404194, 5.665513, 5.856116, 1.218559, 1.257667, 1.289576, 1.352373, 1.601011, 1.660408, 1.721704, 1.717161, 1.775237, 1.824944, 1.878572, 1.805722, 1.837140, 1.887804, 1.850596, 1.902987, 1.955177, 2.001844, 1.943222, 2.043309, 2.090617, 2.146471, 2.095918, 2.142429, 2.221356, 2.180819, 2.150695, 2.128577, 2.109171, 2.191443, 2.170927, 2.152717, 2.139871, 2.235133, 2.218474, 2.199974, 2.293588, 2.276227, 2.258539, 2.242197, 2.311496
1.000000, 1.994160; 2.936789, 3.927248, 4.852021, 5.858855, 6.824102, 7.857286, 8.824552, 9.411526, 10.268017, 11.219903, 11.959220, 12.902857, 14.179359, 15.144418, 16.027813, 16.968196, 17.777628, 18.783031, 19.920371, 20.789912, 21.781237, 22.528424, 23.445749, 24.324406, 25.173016, 26.154787, 27.027403, 27.441302, 28.245650, 29.443429, 30.234321, 31.215784, 32.072101, 33.019926, 33.872407, 35.045050, 35.912892, 36.861126, 37.551420, 38.437184, 39.350861, 40.495124, 41.491476, 42.379811, 43.290514, 44.206644, 45.390413, 46.234601
1.000000, 1.394095, 2.212057, 2.744846, 3.322542; 5.212981, 5.893976, 6.617759, 7.326291, 8.061407, 8.962876, 9.627951, 10.353367, 10.967739, 11.654870, 12.382899, 14.127605, 14.924640, 15.721752, 16.539931, 17.358819, 18.134311, 18.919095, 19.758607, 20.617306, 21.463954, 22.232575, 23.887277, 24.697330, 25.490745, 26.384797, 27.183693, 28.082227, 28.983081, 29.825780, 30.693464, 31.504976, 32.436308, 29.483690, 29.402579, 30.105926, 30.999818, 31.760252, 32.558452, 33.370151, 32.517518, 33.324518, 34.187053, 34.898036, 36.398116
1.000000, 2.000000; 2.985873, 3.980343, 4.978113, 5.718722, 6.799586, 4.833749, 5.512683, 6.199003, 6.912243, 7.554082, 8.337181, 9.299801, 10.367377, 10.778894, 11.843647, 12.685630, 13.543026, 14.224710, 15.293640, 16.079751, 15.702610, 16.213600, 16.992723, 17.811129, 18.378621, 19.029598, 19.812304, 20.764724, 21.422874, 22.010518, 22.956044, 24.058431, 24.957227, 25.853700, 26.524106, 27.574594, 28.217072, 29.005801, 29.738148, 30.886600, 31.834981, 32.792300, 33.529203, 34.476839, 35.373427, 36.039471, 36.984271, 37.608883
1.000000; 1.930889, 2.938246, 3.881356, 4.748004, 5.466886, 6.427038, 7.355802, 8.079140, 8.729272, 9.239048, 10.323810, 11.066914, 11.885696, 12.969496, 13.943887, 14.621826, 15.647333, 16.634027, 17.400388, 18.256795, 19.224339, 20.187385, 21.078138, 22.056206, 22.922321, 23.958108, 24.715750, 25.625503, 21.866318, 20.806616, 21.410015, 21.848033, 23.033851, 23.725221, 24.525775, 25.692515, 26.508302, 27.146358, 28.126337, 28.577294, 29.252394, 30.595067, 31.420996, 32.058942, 33.322562, 33.911636, 34.727581, 35.988956, 36.438140
1.000000, 1.887919, 2.944516, 3.956032, 4.955263, 5.961321, 6.910291; 7.903811, 8.895572, 9.381995, 10.535865, 11.599094, 12.647618, 13.529805, 14.590362, 15.629885, 16.526274, 17.573747, 18.459259, 4.054659, 4.092566, 4.088302, 4.118953, 4.883979, 4.867260, 4.943055, 5.084502, 5.104932, 5.133076, 6.010045, 6.001301, 5.994560, 5.982458, 6.005828, 7.027873, 7.050474, 7.993097, 7.996837, 8.028848, 8.068307, 8.073437, 8.078725, 8.160451, 9.191604, 9.182140, 9.199757, 10.420997, 10.460904, 10.446409, 10.467141
1.000000; 1.986369, 2.967548, 3.679755, 4.677010, 5.424232, 6.258135, 7.230844, 8.247694, 9.130379, 6.752281, 7.573155, 7.805354, 8.910102, 9.641405, 10.408248, 10.023521, 10.888226, 11.754296, 12.601222, 12.887142, 14.008255, 14.760652, 15.078670, 15.105594, 15.849450, 16.627365, 17.375648, 18.276517, 19.293957, 19.952102, 17.977251, 18.542888, 19.301956, 19.898545, 20.537067, 21.459109, 22.099266, 22.687111, 23.558849, 24.080450, 24.556202, 25.205207, 26.102418, 26.872184, 27.834248, 28.754369, 29.370722, 29.831078, 30.396310
1.000000; 1.852619, 2.850126, 3.891288, 4.915190, 5.835517, 6.847584, 7.869369, 7.176422, 8.524342, 9.332339, 10.180953, 11.496323, 12.333014, 11.610238, 12.250370, 13.576275, 14.412114, 15.015564, 15.644845, 17.018014, 17.814211, 18.514574, 19.713492, 20.405896, 21.041666, 21.879046, 23.072110, 23.731845, 24.429167, 25.095799, 26.425871, 27.300105, 28.140226, 29.351412, 30.133581, 30.921545, 31.630521, 32.819064, 33.587689, 34.470511, 35.246267, 36.447546, 37.261455, 38.143547, 38.418162, 39.157100, 40.050282, 30.399392, 32.151106
1.000000, 1.753425; 2.994507, 3.843337, 4.615520, 5.534469, 6.392602, 7.266296, 7.926634, 8.906636, 9.809460, 10.744138, 11.692814, 12.716042, 13.701330, 14.657507, 15.423844, 16.334459, 16.702738, 17.982614, 18.793980, 19.714618, 20.523630, 21.408350, 22.532373, 23.447947, 24.223820, 25.155840, 26.046408, 12.366902, 12.491365, 13.041430, 13.545944, 12.227115, 12.491635, 13.473062, 13.715936, 14.189652, 14.466700, 14.871125, 15.109166, 16.081535, 16.338364, 16.626995, 16.847465, 17.388745, 18.461249, 18.663678, 18.927020, 19.419710
1.000000; 1.925437, 2.639569, 1.542456, 1.589805, 2.193618, 2.247734, 2.534505, 2.562589, 3.478827, 3.750545, 3.777324, 4.804965, 4.816354, 4.790407, 4.755650, 5.853452, 6.550468, 6.690491, 6.700941, 7.783933, 7.763134, 7.824733, 8.928870, 8.988381, 9.139994, 9.127154, 10.538134, 11.012774, 11.060433, 11.126864, 12.374302, 12.549332, 12.611190, 13.784937, 13.928574, 13.932674, 14.103532, 15.055887, 15.124197, 15.239857, 15.059523, 16.120825, 16.285318, 16.428173, 17.504382, 18.238763, 18.456040, 19.169867, 19.916216
1.000000, 1.898095, 1.956095, 2.851723; 3.507646, 4.486037, 5.247302, 6.142229, 7.102398, 7.742993, 8.434947, 9.583535, 10.582547, 11.772090, 12.427376, 13.166369, 14.162496, 15.256995, 15.924420, 16.966707, 18.200054, 18.887898, 19.957349, 20.721287, 21.760111, 22.654080, 23.472252, 24.569980, 25.355685, 26.585462, 27.610937, 28.441873, 29.563489, 30.570006, 31.425177, 32.240872, 33.440015, 34.388488, 35.431910, 36.246546, 37.091366, 38.009666, 39.085521, 39.540169, 40.458497, 41.678617, 42.572880, 43.574575, 44.444916, 45.372174
1.000000, 1.980892, 2.563891; 3.695876, 4.627189, 5.576061, 6.501098, 7.457137, 8.427787, 1.656279, 2.192149, 2.685819, 2.713408, 2.739354, 2.766384, 2.801245, 2.860802, 2.902998, 3.560522, 3.606514, 3.636813, 3.668748, 3.721640, 3.773515, 4.575916, 2.184153, 2.242493, 2.298440, 2.352928, 2.407777, 2.464582, 2.518317, 2.663676, 2.729600, 2.793445, 2.853389, 2.943523, 3.064975, 3.126202, 3.195161, 2.998519, 3.104092, 3.161451, 3.219590, 3.279221, 3.391203, 3.457988, 3.285037, 3.578451, 3.643182
1.000000, 1.384615, 1.639497; 1.596625, 1.926936, 2.233746, 2.358485, 2.151165, 2.458371, 2.951787, 2.852768, 3.336466, 3.375345, 3.760246, 4.155937, 4.268527, 4.307287, 4.720782, 5.195892, 5.425705, 6.015321, 5.982057, 6.427508, 7.093499, 6.994444, 7.458408, 7.762355, 8.469633, 8.962373, 8.897137, 8.806700, 9.511227, 10.277891, 10.348671, 11.322766, 11.886705, 13.111856, 13.674197, 13.701449, 13.612831, 14.673409, 15.425886, 15.623148, 16.738249, 17.009385, 17.557308, 18.167119, 18.181019, 18.766588, 18.715226
1.000000, 1.980892, 2.973472, 3.972304, 4.372941, 5.327155, 5.327155, 6.209099, 7.208216, 7.208216; 3.210540, 3.532249, 3.583457, 3.789896, 3.806012, 3.823787, 3.824892, 3.805435, 3.795560, 3.806151, 3.960580, 4.129853, 4.126266, 4.535021, 4.823708, 4.819578, 4.796819, 4.789540, 4.778398, 4.776802, 4.766796, 4.754984, 8.292566, 8.820328, 8.873375, 9.072041, 9.055796, 9.047444, 9.031661, 9.209160, 9.579974, 9.556987, 9.502686, 9.632085, 4.863862, 4.904960, 4.954648, 5.058649, 5.109079, 5.159791
1.000000, 1.628844, 2.374215; 3.612277, 4.432993, 5.532014, 5.448880, 6.307179, 7.242918, 8.089794, 9.186970, 10.000284, 10.815990, 10.829184, 11.692261, 12.581568, 13.309102, 14.349514, 15.194262, 16.195714, 17.166713, 17.945631, 18.866906, 19.936745, 20.887136, 21.536841, 22.201363, 23.313777, 24.262931, 25.078273, 26.119588, 26.991076, 28.061802, 28.979023, 29.864078, 30.425854, 31.316859, 32.040072, 32.920576, 34.012004, 34.894536, 35.953986, 36.800057, 37.751253, 38.704908, 39.614530, 40.535305, 41.602247, 42.589368, 43.506000
1.000000; 1.998049, 2.606723, 3.948447, 4.756808, 5.775907, 5.674269, 6.775683, 7.705056, 8.765928, 9.687742, 10.702104, 11.690068, 12.622284, 13.628113, 14.439809, 1.248390, 1.266239, 1.284832, 1.313604, 1.345265, 1.367918, 1.380305, 1.403494, 1.409809, 1.436943, 1.454660, 1.474501, 1.495832, 1.518226, 1.546693, 1.551190, 1.576701, 1.593816, 1.615298, 1.626791, 1.653644, 1.666753, 1.696939, 1.688577, 1.725985, 1.751161, 1.770279, 1.803594, 2.700243, 2.815186, 2.830532, 2.857287, 2.865537, 2.890116
1.000000; 1.762496, 2.568043, 2.863566, 3.364888, 5.084872, 5.833724, 6.232391, 6.499560, 7.940833, 8.362760, 8.698053, 10.208619, 10.814015, 11.175872, 11.468494, 13.060158, 13.565904, 14.058742, 14.434776, 16.221252, 16.157612, 16.462344, 18.074848, 18.410924, 19.048679, 18.336582, 19.500057, 19.918753, 20.368078, 20.823932, 22.019009, 22.699581, 23.379018, 24.574684, 25.043323, 25.555244, 26.094780, 27.525988, 28.295850, 28.738548, 29.330016, 30.694938, 31.382736, 31.813158, 33.364751, 32.029194, 32.761762, 14.100911, 14.850238
1.000000, 1.000000, 1.016259, 2.016227, 3.016216; 1.045254, 1.057435, 1.064747, 1.061622, 1.061012, 1.074079, 1.080756, 1.249758, 1.234552, 1.222890, 1.212621, 1.374148, 1.359524, 1.342246, 1.333775, 1.323355, 1.314810, 1.392901, 1.383499, 1.372869, 1.366389, 1.377613, 1.488609, 1.483349, 1.489907, 1.483948, 1.473457, 1.465731, 1.458701, 1.470505, 1.485792, 1.479730, 1.472008, 1.557548, 1.552725, 1.546436, 1.539985, 1.533612, 1.527923, 1.543936, 1.538164, 1.532181, 1.524862, 1.519496, 1.595982
1.000000, 1.833831, 2.789253; 2.920507, 4.222631, 4.645562, 5.127561, 6.548126, 6.953564, 7.562228, 9.172275, 10.057077, 10.676526, 9.530324, 10.147668, 11.062434, 12.031743, 12.799792, 13.680525, 14.389873, 15.208055, 15.425399, 16.001155, 17.179153, 18.193129, 19.232810, 20.055061, 20.594508, 21.344845, 22.160653, 22.673541, 23.441977, 24.230062, 24.768979, 25.707566, 25.645158, 26.384168, 6.347346, 7.455246, 7.400422, 7.350122, 8.179468, 8.423048, 8.345431, 8.382485, 9.207955, 9.248746, 9.173718, 9.137175, 9.425347
1.000000, 1.999246; 2.998772, 3.938878, 4.934888, 3.038712, 3.368306, 3.397449, 5.801970, 6.022107, 5.624759, 6.179247, 6.383729, 8.771972, 9.074907, 9.424533, 9.604964, 9.817900, 9.337730, 11.679729, 11.291302, 11.508433, 11.736970, 11.917325, 14.405571, 14.736898, 15.010362, 15.349647, 15.573174, 15.795554, 17.697526, 13.208770, 13.511351, 13.955297, 14.346066, 15.499888, 15.881311, 16.354568, 16.683272, 17.011941, 17.351248, 18.640014, 19.034705, 19.519335, 19.904741, 20.288454, 21.605429, 21.948314, 22.193830, 22.951034
1.000000, 1.980892; 2.706965, 3.669599, 4.528168, 3.884157, 4.031405, 4.165012, 6.958081, 7.322961, 7.686653, 7.912405, 8.294526, 10.069963, 10.789781, 11.190891, 11.631411, 12.010950, 12.388293, 14.466156, 15.219760, 15.633181, 15.904880, 16.302075, 12.545561, 12.610117, 13.114828, 13.191045, 13.194296, 13.217033, 15.786069, 15.875028, 16.008325, 16.076963, 16.100961, 18.080045, 18.266939, 18.403749, 18.491741, 18.536725, 18.630882, 20.660958, 20.792020, 20.930468, 21.065472, 21.606327, 24.109434, 24.262736, 24.499884, 24.616342
1.000000, 1.915687, 2.420456, 3.724720, 4.335322, 4.978152, 6.309879, 6.987618, 6.713839; 7.767490, 9.077546, 9.840994, 10.373588, 10.937160, 12.261267, 12.896873, 13.571482, 14.430344, 15.035363, 16.514647, 17.012174, 18.053086, 18.686605, 20.135803, 20.760163, 22.077249, 22.822270, 24.159681, 24.927425, 25.929783, 26.673768, 27.983978, 28.872092, 29.615849, 29.416186, 29.039303, 29.852863, 30.762225, 31.677327, 32.826775, 33.687996, 33.117341, 32.978830, 33.162302, 33.912214, 35.368574, 36.197819, 37.261082, 38.387877, 37.868688
1.000000; 1.938824, 2.765880, 3.468402, 4.341711, 5.059887, 5.873251, 6.584433, 7.459422, 8.542468, 9.327485, 10.208062, 10.997314, 11.992413, 12.256213, 12.890530, 13.815828, 14.664336, 13.517690, 14.006490, 14.551727, 15.170072, 15.850337, 16.511275, 17.171508, 17.773034, 18.331405, 18.973330, 19.624575, 20.531038, 1.417890, 1.459472, 1.458451, 1.457284, 1.489843, 1.541490, 1.547700, 1.549996, 1.580946, 1.596248, 1.603821, 1.602220, 1.632666, 1.633452, 1.648441, 1.686511, 1.687506, 1.726840, 1.734626, 1.781107
1.000000, 1.999225, 2.601568, 3.498311, 3.381625, 1.081571, 1.074769, 1.098650, 1.100495, 1.873551, 1.925193; 1.916509, 2.024648, 2.268564, 2.230129, 2.259711, 2.300403, 2.355618, 2.332757, 2.333173, 2.257433, 2.296099, 2.426354, 2.470517, 2.493306, 2.465936, 2.506476, 3.547748, 3.533290, 3.564962, 3.540100, 3.588512, 3.614898, 3.886698, 4.190854, 4.257708, 4.148048, 4.031079, 4.062171, 4.087181, 4.148644, 4.190434, 4.150020, 4.199715, 5.486023, 5.550454, 5.521278, 5.637088, 5.681481, 5.736843
1.000000, 1.978979, 2.981883, 3.928950; 4.910983, 5.952068, 6.906717, 7.857807, 8.856431, 9.888002, 10.832769, 5.689030, 5.906774, 7.577955, 7.678102, 8.007768, 8.851827, 10.900257, 11.131881, 12.017090, 12.145642, 12.686663, 14.697939, 15.232693, 15.399629, 15.641737, 15.849253, 17.811186, 18.443773, 19.520488, 19.976591, 19.529178, 21.258070, 22.011488, 22.274353, 22.747390, 23.613491, 23.845470, 25.775687, 26.092328, 26.458720, 27.151739, 29.015076, 29.453839, 30.737074, 31.096214, 31.839909, 33.788080, 34.077385, 34.645566
1.000000, 1.000000, 1.470588, 2.468429, 3.222819, 3.934637, 4.415943, 4.917320, 4.954137, 5.518340, 6.102460, 1.032821, 1.031790, 1.030997, 1.030212, 1.029411, 1.028757; 5.465997, 5.525720, 6.197355, 6.214786, 6.215071, 6.547026, 6.493818, 6.473548, 6.461541, 6.447133, 6.384443, 6.348661, 7.255010, 7.222971, 7.837291, 8.185304, 8.164055, 9.007053, 9.281945, 9.260944, 9.346735, 10.178795, 10.259786, 10.250614, 13.544041, 13.518540, 14.026041, 14.037565, 14.030350, 14.170583, 14.130853, 14.089658, 14.068939
1.000000, 1.999951, 2.696348, 3.634202; 4.839316, 5.748288, 3.683755, 3.798042, 4.207756, 4.473098, 7.150054, 7.383759, 7.271056, 7.617251, 7.701805, 8.847861, 9.118297, 10.907169, 11.004236, 11.595198, 11.940372, 13.319334, 10.509576, 10.956043, 11.174280, 12.238218, 13.236687, 13.667777, 14.029844, 14.475068, 14.692635, 15.186971, 15.559955, 15.943096, 16.335195, 16.892192, 17.340598, 17.785130, 18.289067, 19.224860, 19.628049, 20.084544, 20.771041, 21.330049, 21.930271, 22.369152, 22.833370, 23.237302, 23.377346, 23.756084
1.000000, 1.926977; 2.901632, 3.786833, 4.829271, 5.764211, 5.958019, 6.844415, 4.809331, 5.587554, 6.438616, 7.129836, 7.952257, 5.660553, 6.057377, 6.457356, 6.941782, 7.965037, 8.400559, 9.166577, 9.789485, 9.935113, 10.881926, 11.405991, 11.418821, 11.978719, 12.538430, 12.579430, 13.639397, 13.645931, 14.102779, 14.910533, 15.628000, 15.676280, 16.474491, 16.636236, 17.092882, 17.960787, 18.479944, 18.566261, 19.564796, 19.693149, 20.747903, 21.271568, 21.403431, 21.891482, 20.981615, 21.399396, 21.891947, 22.247151
1.000000, 1.863227, 2.952369; 3.858575, 4.793502, 5.872584, 2.525077, 2.592913, 3.198622, 3.261602, 3.962472, 4.623839, 4.735430, 4.946017, 5.010031, 5.833741, 5.969743, 6.096209, 7.218639, 8.358186, 8.460412, 8.697208, 9.566444, 9.859575, 9.971457, 10.907127, 11.479300, 12.689042, 12.800577, 13.786105, 13.932140, 14.131329, 15.185223, 15.610281, 16.936067, 17.128892, 17.425435, 18.908143, 19.379539, 20.591321, 20.905710, 21.172396, 22.207786, 23.492192, 23.727452, 23.961268, 25.238395, 25.474154, 25.964783, 27.137354
1.000000, 1.969231, 2.850093, 2.927657, 3.558376, 3.841602; 4.365962, 4.460727, 4.547014, 6.910776, 7.200971, 7.724260, 7.913380, 8.033827, 10.719286, 11.061069, 11.675607, 12.472960, 12.887132, 13.463459, 13.103306, 13.410950, 15.648985, 16.015703, 16.337901, 18.501898, 19.021596, 19.888448, 20.519112, 20.957729, 21.630163, 22.041356, 22.374148, 24.623750, 25.190884, 25.913013, 26.391508, 26.891967, 29.142312, 29.583159, 30.080471, 23.290751, 23.435563, 23.861308, 24.027747, 24.182565, 24.823134, 25.011431, 25.293087, 25.973786
