0.514809, 0.516292, 0.505687, 0.545435; 0.563238, 0.599968, 0.574236, 0.593617, 0.608024, 0.598552, 0.584012, 0.436631, 0.451179, 0.451252, 0.437173, 0.435900, 0.434991, 0.452575, 0.459778, 0.450085, 0.473786, 0.476032, 0.485914, 0.497108, 0.507299, 0.468599, 0.467967, 0.463056, 0.460444, 0.458606, 0.461950, 0.460399, 0.461709, 0.457902, 0.462171, 0.473944, 0.478253, 0.474353, 0.475164, 0.470904, 0.472431, 0.476124, 0.476227, 0.481563, 0.478982, 0.487200, 0.494905, 0.495162, 0.493901, 0.491780, 0.492490
0.089432, 0.089432; 0.407932, 0.101684, 0.069958, 0.240603, 0.144474, 0.072707, 0.006278, 0.060137, 0.313272, 0.293538, 0.314654, 0.317772, 0.264939, 0.266548, 0.183310, 0.195889, 0.133521, 0.127335, 0.044946, 0.055814, 0.066808, 0.074487, 0.122757, 0.120066, 0.132796, 0.132879, 0.140946, 0.139276, 0.145608, 0.147874, 0.120659, 0.134724, 0.133523, 0.133341, 0.132391, 0.131277, 0.114499, 0.117976, 0.117867, 0.122550, 0.128191, 0.136064, 0.145065, 0.155798, 0.155555, 0.154095, 0.213202, 0.228503, 0.234562
6.852625, 7.890830, 2.668004, 0.836748, 1.106859, 1.148754, 1.303117, 1.326350, 1.323299, 1.349128, 1.325306, 1.506151, 1.534899, 1.546278, 1.489367, 1.500028, 1.494455, 1.558226, 1.582717, 1.610819, 1.616777, 1.637998, 1.648690, 1.729566; 2.733073, 2.745639, 2.530314, 2.525215, 2.535342, 2.415745, 2.398276, 2.401484, 2.398942, 2.408899, 2.528783, 2.446314, 2.450082, 2.520625, 2.523458, 2.530887, 2.629613, 2.635543, 2.643367, 2.623325, 2.627052, 2.626872, 2.631648, 2.641315, 2.624974, 2.630960, 2.669610
0.293709, 0.233741; 0.229629, 0.096424, 0.113535, 0.074106, 0.044785, 0.051904, 0.023204, 0.041068, 0.086995, 0.093701, 0.086461, 0.087038, 0.093469, 0.344742, 0.344774, 0.367656, 0.351420, 0.408876, 0.405959, 0.410404, 0.413969, 0.412526, 0.415841, 0.412867, 0.409601, 0.399171, 0.406322, 0.404519, 0.401403, 0.399726, 0.401933, 0.399329, 0.398362, 0.404855, 0.404209, 0.355837, 0.351513, 0.360693, 0.355011, 0.353000, 0.351027, 0.359390, 0.348024, 0.346550, 0.359117, 0.356673, 0.348731, 0.342102, 0.346046
3.996254, 1.411601, 1.746994, 2.267785, 1.464843, 1.627082, 1.424771, 1.533262, 1.430232, 1.433300, 1.335076; 0.564928, 0.661517, 0.640234, 0.651776, 0.628658, 0.648463, 0.639108, 0.626394, 0.644319, 0.637797, 0.648158, 0.645018, 1.504093, 1.498635, 1.514534, 1.500161, 1.506478, 1.484786, 1.483637, 1.482252, 1.461350, 1.454480, 1.445026, 1.375376, 1.367549, 1.368940, 1.361011, 1.301444, 1.296286, 1.295317, 1.296286, 1.290806, 1.288853, 1.291301, 1.289997, 1.291066, 1.277528, 1.279072, 1.260465, 1.253466
0.885423, 0.266383; 0.622293, 1.048281, 1.280524, 1.074208, 1.038289, 0.996811, 1.026881, 0.849954, 0.875759, 0.819288, 0.863540, 0.738408, 0.703064, 0.651581, 0.608411, 0.625557, 0.657549, 0.632611, 0.605246, 0.622012, 0.634775, 0.649337, 0.641356, 0.646966, 0.612245, 0.600940, 0.627418, 0.639444, 0.647205, 0.626814, 0.637890, 0.619995, 0.606522, 0.601958, 0.590496, 0.576245, 0.565281, 0.550820, 0.547211, 0.576773, 0.498110, 0.471948, 0.492917, 0.484880, 0.492167, 0.488147, 0.507202, 0.504432, 0.507634
0.000000, 0.000000, 0.000000, 0.000000, 0.000000, 0.000000, 0.000000, 0.000000, 0.000000, 0.000000, 0.000000, 0.000000, 0.000000, 0.000000, 0.000000, 0.000000, 0.000000, 0.000000; 0.000000, 0.000000, 0.000000, 0.000000, 0.000000, 0.000000, 0.000000, 0.000000, 0.000000, 0.000000, 0.000000, 0.000000, 0.000000, 0.000000, 0.000000, 1.851770, 1.851930, 1.852179, 1.820430, 1.820913, 1.821286, 1.821672, 1.821767, 1.821915, 4.157015, 4.154622, 4.150803, 4.148263, 4.145218, 4.142341, 4.138850, 4.135633, 4.133379
23.025851, 23.025851, 23.025851, 4.063743, 4.226850, 4.381237, 4.902503, 5.279022, 5.266593, 5.296100, 5.340950; 5.293160, 5.339367, 5.383610, 5.426367, 5.466330, 5.496400, 5.512483, 5.577806, 5.609450, 5.628575, 5.360142, 5.412201, 5.460930, 5.479625, 5.502261, 5.545634, 5.585238, 5.585578, 5.659517, 5.677208, 5.694099, 5.711015, 5.555245, 5.560622, 5.576392, 5.591640, 5.597434, 5.612924, 5.618332, 5.631013, 5.617208, 8.673149, 8.693973, 8.705544, 8.729574, 8.747871, 8.765770, 8.783226, 8.800382, 8.816856
0.123224, 0.656699; 0.212468, 0.214762, 0.215599, 0.226401, 0.225025, 0.221980, 0.253217, 0.252557, 0.250301, 0.252390, 0.263401, 0.265942, 0.264303, 0.238170, 0.235780, 0.236737, 0.234255, 0.234089, 0.234619, 0.232861, 0.232001, 0.232628, 0.229642, 0.228562, 0.225582, 0.224168, 0.223680, 0.223334, 0.242434, 0.240002, 0.239032, 0.249982, 0.248944, 0.220259, 0.219003, 0.219660, 0.217757, 0.217539, 0.215616, 0.213524, 0.210102, 0.210508, 0.210352, 0.134436, 0.139281, 0.140068, 0.143483, 0.142924, 0.146921
0.507185, 0.304364, 0.407709, 0.519512, 0.380836, 0.399446, 0.411125; 0.410536, 0.407804, 0.397165, 0.392093, 0.400235, 0.407585, 0.433530, 0.444935, 0.390681, 0.398029, 0.402422, 0.408424, 0.412094, 0.420593, 0.428658, 0.431118, 0.425780, 0.408542, 0.411990, 0.425276, 0.430492, 0.398293, 0.404555, 0.407740, 0.410360, 0.414151, 0.416616, 0.418546, 0.421252, 0.425948, 0.428159, 0.431376, 0.432667, 0.441679, 0.437999, 0.439385, 0.440508, 0.446079, 0.447323, 0.448651, 0.449647, 0.429678, 0.430305, 0.432251
3.541026, 3.385811, 3.619355, 3.159681, 2.039857, 1.574769, 1.633369, 1.728868, 1.757132, 1.856571, 1.885449, 2.092689, 2.143441, 2.045464, 2.161449, 1.801376, 1.817829, 1.989601, 1.652395, 1.657141, 2.236800, 1.246357, 1.253496; 1.247710, 1.227898, 1.227908, 1.144827, 1.141365, 1.123969, 1.117738, 1.702998, 2.282116, 2.280745, 2.312458, 2.296559, 2.304316, 2.300990, 2.217897, 2.214250, 2.210448, 2.212389, 2.218419, 2.213668, 2.217958, 2.190077, 2.185118, 2.188861, 2.186645, 2.181996, 2.179794, 2.178949
6.276488, 1.738294, 1.738294, 6.058341, 6.142464, 5.959662, 6.004274, 6.062406, 6.163210, 6.223457, 6.212261, 6.203757, 6.202055, 6.257080, 6.300696, 6.261556, 6.326444, 6.341579, 6.351176, 6.352575, 6.379375; 6.346775, 6.369186, 6.363506, 6.362244, 6.392920, 6.429955, 6.415643, 6.435089, 6.438674, 6.480225, 6.456332, 6.462813, 6.446815, 6.431619, 6.451086, 6.462346, 6.477685, 6.494846, 6.501731, 6.511545, 6.513132, 6.538494, 6.529548, 6.529005, 6.503656, 6.477001, 6.492770, 6.494238, 6.489545, 6.457223
0.061081, 0.088183; 0.511444, 0.375080, 0.302161, 0.251954, 0.332116, 0.303593, 0.295352, 0.267903, 0.436743, 0.394070, 0.350404, 0.395824, 0.421759, 0.404232, 0.383143, 0.390705, 0.347345, 0.371493, 0.362230, 0.371903, 0.368434, 0.344047, 0.332215, 0.315708, 0.341537, 0.331303, 0.336427, 0.334966, 0.330530, 0.340395, 0.347771, 0.340600, 0.328846, 0.341487, 0.349440, 0.338364, 0.335516, 0.327677, 0.340915, 0.329634, 0.322004, 0.339134, 0.352410, 0.347777, 0.342952, 0.332431, 0.314069, 0.309267, 0.301142
0.390851, 0.130501; 1.157949, 0.886355, 1.064810, 1.005007, 1.292297, 1.192751, 1.202589, 1.253795, 1.233709, 1.567595, 1.463452, 1.368493, 1.322259, 1.374281, 1.417150, 1.441863, 1.268646, 1.291585, 1.246106, 1.268985, 1.280064, 1.241995, 1.237716, 1.180170, 1.155199, 1.127532, 1.179989, 1.146787, 1.165029, 1.182368, 1.147982, 1.162493, 1.135811, 1.128518, 1.104326, 1.114056, 1.092316, 1.084982, 1.072376, 1.060394, 1.053847, 1.030817, 1.038492, 1.054174, 1.031009, 1.038999, 1.050276, 1.042423, 1.047934
0.000000, 0.000000, 0.000000, 0.000000, 0.000000, 0.000000, 1.864761, 1.839921, 1.802944, 1.785105, 1.772957, 1.747974, 1.793150, 1.772287, 3.198740, 3.195144, 4.066185, 4.054651; 4.643176, 4.628063, 4.615363, 4.462495, 4.452634, 4.443410, 4.434499, 4.425651, 4.417084, 4.395207, 4.438153, 4.435576, 4.472513, 4.465793, 4.456575, 4.449911, 4.481584, 4.479200, 4.522544, 4.516145, 4.510024, 4.503480, 4.496543, 4.495053, 4.615706, 4.609352, 4.599799, 4.581303, 4.576269, 4.570785, 4.565121, 4.220442, 4.215794
0.046986, 0.482781; 0.088655, 0.051201, 0.035374, 0.115651, 0.098667, 0.099485, 0.079260, 0.113850, 0.106628, 0.146422, 0.210274, 0.178978, 0.157451, 0.131866, 0.166860, 0.161609, 0.145506, 0.152528, 0.143273, 0.163542, 0.210080, 0.224842, 0.211887, 0.230767, 0.240676, 0.231966, 0.225893, 0.227394, 0.216892, 0.214256, 0.224247, 0.221356, 0.233413, 0.230640, 0.227717, 0.218579, 0.213936, 0.222540, 0.221453, 0.211507, 0.219487, 0.219312, 0.221097, 0.219771, 0.217162, 0.212298, 0.207629, 0.208457, 0.212486
0.035555, 0.919559, 0.653303; 0.378310, 0.343242, 0.299335, 0.259492, 0.277154, 0.257738, 0.251218, 0.322458, 0.304443, 0.288684, 0.259804, 0.252914, 0.258301, 0.271700, 0.272891, 0.266928, 1.020408, 1.001713, 0.993777, 0.984618, 0.984261, 0.968500, 0.958421, 0.956273, 0.953866, 0.942324, 0.933256, 0.924851, 0.925568, 0.920218, 0.913683, 0.908546, 0.906543, 0.902231, 0.898971, 0.891098, 0.888716, 0.885778, 0.880991, 0.876437, 0.877927, 0.872633, 0.867753, 0.863138, 0.649556, 0.648323, 0.646887, 0.646616
0.253970, 0.407287; 1.028085, 1.220689, 1.081664, 1.011713, 0.821087, 0.783519, 0.764906, 0.733889, 0.723552, 0.658909, 0.662490, 0.594178, 0.590353, 0.602857, 0.591571, 0.558899, 0.554590, 0.554708, 0.522207, 0.543872, 0.532219, 0.518945, 0.504873, 0.491373, 0.488146, 0.481167, 0.464681, 0.462067, 0.456280, 0.432450, 0.421283, 0.420131, 0.421000, 0.428618, 0.425858, 0.418434, 0.417754, 0.450609, 0.448220, 0.445743, 0.443856, 0.454100, 0.452055, 0.452662, 0.533461, 0.531886, 0.532708, 0.527785, 0.685422
0.000000, 4.501535, 4.314144, 4.210817, 4.138157, 4.029056, 3.998249, 3.970258, 3.940378, 3.913418, 4.415442, 4.449623, 4.467764, 4.448062, 4.426423, 4.399929, 4.418274, 4.401829, 4.385080, 4.373543; 4.458238, 4.445991, 4.431878, 4.455990, 4.443630, 4.474811, 4.494414, 4.484146, 4.474109, 4.479229, 4.642385, 4.472114, 4.471418, 4.463299, 4.455950, 4.485757, 4.477995, 4.470467, 4.389149, 4.382747, 4.540451, 4.533771, 4.527095, 4.539618, 4.543346, 4.635995, 4.634475, 4.634654, 4.633523, 4.655449, 4.654258
2.791289, 13.418768, 10.166986, 6.659005, 4.140036, 4.242332, 4.369228, 4.307676, 4.218433, 4.243060, 4.239082, 4.249463, 4.265413, 4.283677, 4.292371, 4.315881, 4.344419, 4.346175, 4.348329, 4.370290, 4.345574, 4.250965, 4.247493, 4.264951, 4.266567, 4.242991, 4.253634, 4.239875, 4.246601, 4.258422, 4.233227, 4.217079, 4.229620, 4.093611, 4.111015, 4.132243, 4.132344, 4.167855, 4.185188, 4.194831, 4.175730; 4.188081, 4.192617, 4.202897, 4.207669, 4.197027, 4.185355, 4.168235, 4.152236, 4.162590, 4.173986
0.143677, 1.049607, 0.367677; 0.256457, 0.209795, 0.196620, 0.189385, 0.183111, 0.178835, 0.128232, 0.131767, 0.153577, 0.152431, 0.128303, 0.145165, 0.144613, 0.158946, 0.168427, 0.179543, 0.177365, 0.179951, 0.193154, 0.202021, 0.212176, 0.225661, 0.219427, 0.216362, 0.213843, 0.219133, 0.216488, 0.271860, 0.268083, 0.272684, 0.276628, 0.220632, 0.225613, 0.117330, 0.121969, 0.126790, 0.126940, 0.127125, 0.136908, 0.088085, 0.091922, 0.096508, 0.101228, 0.101313, 0.075852, 0.079556, 0.022733, 0.026397
5.119444, 5.943278, 4.655057, 4.611239, 4.668137, 5.010340; 5.132476, 5.073450, 5.069344, 5.155539, 5.233558, 5.226430, 5.304373, 5.308252, 5.278985, 5.241180, 5.252502, 5.250299, 5.232179, 5.266424, 5.249824, 5.265698, 5.236266, 5.238135, 5.182864, 5.181803, 5.182981, 5.170491, 5.177233, 5.162306, 5.203216, 5.184900, 5.177118, 5.171014, 5.185416, 5.187278, 5.198524, 5.196044, 5.192653, 5.185952, 5.183505, 5.187906, 5.178488, 5.186299, 5.186979, 5.197113, 5.190079, 5.182518, 5.184245, 5.183853, 5.180163
1.301884, 1.301884, 1.301884, 1.301884, 1.301884, 1.419688, 1.271084, 1.256152, 1.238542, 4.061334, 3.988021, 3.982930, 3.996608, 3.827952, 3.872462, 3.840165, 3.827001, 3.754798, 3.733293, 3.714135, 3.724485; 3.796619, 3.800881, 3.806994, 4.031086, 4.024482, 4.000079, 3.994799, 3.977806, 3.972999, 3.968458, 3.985600, 3.983766, 3.910673, 3.903551, 3.899550, 3.864661, 3.849725, 3.824833, 3.822704, 3.787113, 3.771328, 3.782127, 3.807165, 3.790941, 3.778072, 3.762917, 3.776168, 3.787761, 3.809722, 3.795969
2.750616, 3.092067, 3.092067, 3.092067, 3.293360, 3.251456, 3.221844, 3.304169, 3.292597; 5.577648, 5.637001, 5.460069, 5.368330, 5.405694, 5.434487, 5.183318, 5.155934, 5.181547, 5.046013, 5.065215, 5.086615, 5.087859, 5.095661, 5.103957, 5.115504, 5.080183, 5.088513, 5.101344, 5.115522, 5.049422, 5.062886, 5.081269, 4.494937, 4.507237, 4.514518, 4.531118, 4.523122, 4.537690, 4.542609, 4.556186, 4.544337, 4.532536, 4.541476, 4.551649, 4.562356, 4.521627, 4.532651, 4.543455, 4.514458, 4.521973, 4.517751
0.293611, 0.197666, 0.282340, 0.231589, 0.248686, 0.227055, 0.223406; 0.275192, 0.277735, 0.265938, 0.264497, 0.262933, 0.246012, 0.245321, 0.245044, 0.247134, 0.246554, 0.246273, 0.243643, 0.243042, 0.253923, 0.249688, 0.250543, 0.248974, 0.248171, 0.247372, 0.246529, 0.248135, 0.247086, 0.248623, 0.249128, 0.242098, 0.242734, 0.243254, 0.242693, 0.243054, 0.240845, 0.239649, 0.239125, 0.239703, 0.241932, 0.241153, 0.239155, 0.239661, 0.239241, 0.239274, 0.229799, 0.230172, 0.234237, 0.233776, 0.233355
0.722621, 1.450622; 0.917224, 0.540253, 0.661412, 0.649351, 0.622280, 0.679290, 0.758369, 0.822237, 1.042652, 0.988274, 0.942667, 0.917138, 0.961388, 0.977196, 0.990626, 0.954918, 0.951428, 0.979614, 0.960374, 0.931787, 0.905968, 0.911591, 0.936660, 0.934687, 0.926858, 0.959413, 1.033167, 1.015573, 1.029192, 1.012532, 1.029046, 0.988456, 1.024460, 1.014210, 1.014858, 1.002017, 1.017372, 1.001772, 1.018725, 1.020781, 1.035258, 1.045654, 1.033618, 1.022567, 1.088141, 1.092098, 1.095499, 1.096273, 1.102099
0.179600, 0.232088, 0.121080, 0.582831, 0.494813, 0.439964, 0.406430; 0.382618, 0.412634, 0.383825, 0.370261, 0.359239, 0.343697, 0.334543, 0.327375, 0.321297, 0.314859, 0.324392, 0.336106, 0.330942, 0.403875, 0.428797, 0.421196, 0.431896, 0.480938, 0.461743, 0.538963, 0.538328, 0.529824, 0.668636, 0.684943, 0.684727, 0.674479, 0.668094, 0.665969, 0.644413, 0.636884, 0.630381, 0.623124, 0.618546, 0.622779, 0.624444, 0.616913, 0.616915, 0.628051, 0.623735, 0.618597, 0.615033, 0.605886, 0.595147, 0.624915
0.030239, 0.338559; 0.309578, 0.365851, 0.388023, 0.446686, 0.432012, 0.437207, 0.410987, 0.404623, 0.399834, 0.394297, 0.392709, 0.378121, 0.387569, 0.144652, 0.144464, 0.162457, 0.176800, 0.136506, 0.152020, 0.083513, 0.017840, 0.115599, 0.151283, 0.141193, 0.117613, 0.122971, 0.112252, 0.101514, 0.106010, 0.067483, 0.052056, 0.044550, 0.068096, 0.063956, 0.053492, 0.097536, 0.086222, 0.079859, 0.106485, 0.090214, 0.086490, 0.085009, 0.079055, 0.071079, 0.118271, 0.118689, 0.118826, 0.117591, 0.112598
2.211725, 2.464872, 2.420248; 1.855207, 1.741229, 1.847348, 1.917208, 1.691719, 1.807471, 1.870916, 1.930861, 1.744941, 1.678381, 1.725239, 1.742627, 1.817193, 1.655027, 1.849150, 1.817206, 1.851443, 1.846798, 2.166526, 2.169657, 2.182344, 2.164132, 2.113414, 2.130966, 2.242504, 2.246019, 2.249966, 2.253027, 2.251010, 2.220018, 2.214609, 2.215107, 2.280167, 2.281176, 2.281885, 2.269969, 2.269889, 2.273458, 2.274168, 2.267135, 2.266553, 2.247364, 2.249390, 2.244911, 2.238444, 2.240603, 2.242129, 2.236741
0.323148, 0.822889; 0.221510, 0.410247, 0.414763, 0.469752, 0.230162, 0.494001, 0.514934, 0.523974, 0.480006, 0.478013, 0.494102, 0.511035, 0.518142, 0.445614, 0.438671, 0.455954, 0.459453, 0.482742, 0.480388, 0.466287, 0.473949, 0.469935, 0.112647, 0.108413, 0.142164, 0.135441, 0.160784, 0.167001, 0.187850, 0.188594, 0.177866, 0.178401, 0.176371, 0.189665, 0.200369, 0.203052, 0.204087, 0.217955, 0.221106, 0.236214, 0.224085, 0.225539, 0.135589, 0.137143, 0.135593, 0.144985, 0.143111, 0.148096, 0.149899
1.841759, 12.818372, 2.351316, 1.246218, 0.850647, 0.907561, 2.114868, 2.219449; 2.197646, 2.068323, 2.142225, 2.215257, 2.241225, 2.204662, 2.241868, 2.283724, 2.143043, 2.309154, 2.278550, 2.293448, 2.309027, 2.338293, 2.158579, 2.225808, 2.240532, 2.260061, 2.270363, 2.278117, 2.294341, 2.298141, 2.300682, 2.255820, 2.337511, 2.302488, 2.305652, 2.309262, 2.314727, 2.205661, 2.209942, 2.140501, 2.142633, 2.149829, 2.136935, 2.147692, 2.156225, 2.157564, 2.143964, 2.156500, 2.169281, 2.034853, 2.036311
0.913019, 0.537389, 0.537389; 0.303459, 0.304623, 0.300338, 0.285805, 0.289274, 0.291853, 0.268893, 0.271580, 0.262358, 0.252043, 0.247069, 0.232173, 0.230219, 0.233235, 0.231704, 0.143330, 0.147805, 0.265932, 0.263419, 0.263871, 0.263509, 0.311121, 0.326069, 0.326384, 0.323901, 0.323518, 0.323047, 0.320596, 0.530320, 0.533025, 0.531855, 0.529969, 0.529156, 0.532722, 0.531500, 0.536002, 0.535269, 0.534822, 0.559855, 0.565230, 0.565210, 0.565422, 0.564288, 0.563169, 0.570741, 0.570098, 0.569422, 0.574755
0.759452, 1.077140, 1.077140, 0.980483; 1.009805, 1.021367, 0.309738, 0.425106, 0.394759, 0.373572, 0.362222, 0.075898, 0.142769, 0.132089, 0.119293, 0.104121, 0.081977, 0.092196, 0.101987, 0.157284, 0.167182, 0.176400, 0.176891, 0.293443, 0.155619, 0.163210, 0.214275, 0.217534, 0.229662, 0.231300, 0.234984, 0.237592, 0.241458, 0.153104, 0.158968, 0.166621, 0.182169, 0.186909, 0.192047, 0.197015, 0.201287, 0.222884, 0.226614, 0.210789, 0.220965, 0.225056, 0.202755, 0.228044, 0.246039, 0.250302, 0.363008
0.433153, 0.367270, 0.322395; 0.500424, 0.410235, 0.405892, 0.374513, 0.358462, 0.290141, 0.729827, 0.734762, 0.746972, 0.757902, 0.744974, 0.663205, 0.668417, 1.039803, 0.956584, 0.933215, 0.932597, 0.865016, 0.813369, 0.813969, 0.807315, 0.803418, 0.786636, 0.785083, 0.719548, 0.692474, 0.775309, 0.772490, 0.760041, 0.759395, 0.759146, 0.757442, 0.756165, 0.740794, 0.738591, 0.737440, 0.735967, 0.736482, 0.747214, 0.714994, 0.713424, 0.711584, 0.709531, 0.706922, 0.685986, 0.686503, 0.686305, 0.686383
0.199152, 0.302380, 0.302380, 0.220039, 0.257925; 0.314993, 0.341180, 0.318066, 0.288621, 0.311964, 0.326627, 0.294626, 0.271078, 0.291108, 0.319598, 0.301185, 0.280014, 0.276029, 0.319167, 0.310521, 0.299874, 0.288833, 0.333487, 0.330561, 0.340031, 0.339184, 0.324202, 0.330654, 0.325286, 0.315918, 0.311526, 0.304612, 0.309875, 0.323004, 0.319672, 0.322831, 0.323876, 0.322927, 0.312743, 0.311973, 0.308497, 0.316862, 0.314257, 0.314800, 0.314085, 0.312527, 0.307790, 0.300052, 0.304347, 0.301250, 0.294579
0.528089, 1.246463, 1.298122; 0.241906, 0.079932, 0.039782, 0.002657, 0.108235, 0.106701, 0.005990, 0.035711, 0.079079, 0.079555, 0.034572, 0.036289, 0.033632, 0.024880, 0.056428, 0.062636, 0.032401, 0.031925, 0.037004, 0.057223, 0.062381, 0.083825, 0.109352, 0.112215, 0.095525, 0.075171, 0.060476, 0.044733, 0.053592, 0.061936, 0.067235, 0.063936, 0.070391, 0.079975, 0.082391, 0.102860, 0.116206, 0.122575, 0.128430, 0.126690, 0.115056, 0.102038, 0.120824, 0.127072, 0.137913, 0.143146, 0.029431, 0.033603
0.316664, 0.185383, 0.159273; 0.193841, 0.193078, 0.305528, 0.270296, 0.255287, 0.245886, 0.245011, 0.254687, 0.248831, 0.246416, 0.259636, 0.273098, 0.246039, 0.240546, 0.251942, 0.249121, 0.250172, 0.247003, 0.244891, 0.243602, 0.253226, 0.259983, 0.262478, 0.259903, 0.257716, 0.264472, 0.262827, 0.261078, 0.257609, 0.263601, 0.276350, 0.280951, 0.278810, 0.277757, 0.274080, 0.274328, 0.279073, 0.277805, 0.275353, 0.277847, 0.278418, 0.282084, 0.280493, 0.268168, 0.266798, 0.265222, 0.264039, 0.265609
0.905612, 3.628719; 1.255747, 0.798970, 0.766142, 0.993116, 1.155482, 1.114946, 1.180090, 1.253650, 1.156685, 1.114684, 1.158453, 1.112820, 1.142120, 1.214666, 1.210052, 1.081444, 0.985641, 0.990598, 0.958342, 0.962391, 0.949027, 0.957812, 0.921585, 0.952143, 0.893196, 0.904100, 0.887502, 0.916009, 0.168734, 0.167437, 0.082957, 0.086865, 0.093121, 0.097210, 0.105334, 0.109299, 0.115316, 0.112017, 0.114278, 0.115811, 0.118438, 0.120572, 0.125052, 0.127039, 0.129741, 0.132148, 0.142185, 0.142100, 0.147157
0.019570, 0.019570; 0.535987, 0.208434, 0.093035, 0.055509, 0.181137, 0.103897, 0.089748, 0.036668, 0.119085, 0.083873, 0.044560, 0.021668, 0.009938, 0.012472, 0.000607, 0.142056, 0.120518, 0.097070, 0.128839, 0.158262, 0.148031, 0.120803, 0.140225, 0.129052, 0.121069, 0.113473, 0.102155, 0.076585, 0.072656, 0.065568, 0.049624, 0.044933, 0.045832, 0.067170, 0.063696, 0.049978, 0.043289, 0.058443, 0.055493, 0.048060, 0.021043, 0.033412, 0.029214, 0.018976, 0.035042, 0.031332, 0.023267, 0.012092, 0.035014
2.197666, 2.052472, 2.261123, 2.180218; 2.235236, 2.493993, 2.417164, 2.456272, 2.416349, 2.403936, 2.371736, 2.346206, 2.346460, 2.341987, 2.320847, 2.371091, 2.374496, 2.377740, 2.362416, 2.344811, 2.370956, 2.357140, 2.343493, 2.345016, 2.329006, 2.324988, 2.320701, 2.446804, 2.451344, 2.450046, 2.440146, 2.439656, 2.437948, 2.433094, 2.431801, 2.422036, 2.417961, 2.415301, 2.414372, 2.406871, 2.403869, 2.397688, 2.394851, 2.398441, 2.395755, 2.392298, 2.389557, 2.387929, 2.384196, 2.383966, 2.435874
0.421761, 1.279048, 0.714228, 0.569282; 0.232130, 0.115766, 0.135288, 0.178278, 0.221091, 0.226737, 0.250452, 0.278528, 0.266684, 0.292284, 0.268549, 0.257406, 0.307139, 0.322146, 0.371302, 0.390642, 0.376539, 0.436650, 0.420986, 0.419483, 0.445662, 0.433787, 0.444067, 0.419246, 0.438975, 0.404017, 0.404034, 0.423862, 0.447469, 0.457022, 0.464769, 0.474728, 0.477358, 0.451583, 0.444155, 0.458279, 0.461027, 0.461141, 0.459543, 0.441387, 0.426523, 0.412028, 0.409215, 0.412532, 0.415795, 0.486938, 0.496088
0.360481, 0.534351, 0.659036, 0.658334, 0.593355, 0.581255; 0.377529, 0.373117, 0.377159, 0.371157, 0.370727, 0.380574, 0.379931, 0.379996, 0.380251, 0.375854, 0.377867, 0.376843, 0.354354, 0.353453, 0.353276, 0.352557, 0.352269, 0.351897, 0.351506, 0.351499, 0.350250, 0.350812, 0.349291, 0.360561, 0.361050, 0.360099, 0.363791, 0.367602, 0.367040, 0.369098, 0.360140, 0.359228, 0.358299, 0.357656, 0.364107, 0.388681, 0.388855, 0.384770, 0.385182, 0.383534, 0.384058, 0.389063, 0.383299, 0.386058, 0.385682
0.394861, 0.222844, 0.196281, 0.158347, 0.360537, 0.363523, 0.334828; 0.338973, 0.251118, 0.246981, 0.255411, 0.249564, 0.254758, 0.254378, 0.251833, 0.267882, 0.296546, 0.301344, 0.319839, 0.324301, 0.320906, 0.321195, 0.328453, 0.337393, 0.342435, 0.345078, 0.370010, 0.372390, 0.375992, 0.302848, 0.440402, 0.445041, 0.442749, 0.435846, 0.436235, 0.434271, 0.434991, 0.430735, 0.434311, 0.445369, 0.442201, 0.441098, 0.453377, 0.450388, 0.448886, 0.445596, 0.441905, 0.448544, 0.445546, 0.443482, 0.444054
0.263982, 0.574624, 0.572865, 0.368089, 0.359218; 0.311683, 0.358523, 0.324225, 0.334486, 0.379062, 0.288328, 0.269739, 0.241805, 0.238347, 0.242459, 0.235405, 0.236392, 0.204974, 0.219314, 0.231191, 0.220892, 0.222576, 0.220523, 0.203666, 0.198150, 0.202205, 0.202330, 0.202917, 0.208356, 0.213047, 0.217810, 0.217871, 0.222254, 0.224794, 0.226191, 0.229454, 0.218300, 0.221709, 0.226452, 0.223673, 0.225924, 0.230183, 0.229849, 0.228003, 0.231504, 0.232519, 0.234349, 0.236072, 0.229500, 0.230287, 0.230723
0.280326, 0.144232, 0.262318, 0.340639, 0.261854, 0.242616; 0.162994, 0.257327, 0.278768, 0.303055, 0.257332, 0.274215, 0.278735, 0.282029, 0.284887, 0.287487, 0.175187, 0.166639, 0.166892, 0.168156, 0.167841, 0.168910, 0.175996, 0.172934, 0.179224, 0.180426, 0.167340, 0.168708, 0.161552, 0.160323, 0.160471, 0.147279, 0.148113, 0.152853, 0.153555, 0.152164, 0.151102, 0.141714, 0.142527, 0.140637, 0.141332, 0.277106, 0.277189, 0.277203, 0.277266, 0.277338, 0.277407, 0.277473, 0.277536, 0.277609, 0.276962
0.174756, 0.174756, 0.337654; 0.257231, 0.232128, 0.218921, 0.210183, 0.050661, 0.173691, 0.167121, 0.167353, 0.087636, 0.106619, 0.105049, 0.112932, 0.109342, 0.107505, 0.106040, 0.104915, 0.103835, 0.108811, 0.108433, 0.107246, 0.106004, 0.103608, 0.104538, 0.103397, 0.101588, 0.100652, 0.099753, 0.098846, 0.102094, 0.101243, 0.100447, 0.099720, 0.098384, 0.101692, 0.101071, 0.100677, 0.100103, 0.099601, 0.098926, 0.101775, 0.101234, 0.100656, 0.096210, 0.095741, 0.098447, 0.097731, 0.097371, 0.096823
0.491795, 1.633393, 0.469686, 0.195428, 0.048526, 0.038007; 0.282264, 0.296424, 0.308184, 0.117389, 0.152033, 0.186592, 0.218812, 0.231256, 0.273226, 0.292936, 0.320257, 0.322259, 0.333669, 0.338563, 0.329079, 0.339443, 0.384919, 0.403229, 0.402986, 0.421728, 0.329867, 0.336487, 0.222787, 0.262113, 0.265840, 0.279620, 0.294086, 0.306579, 0.309342, 0.315289, 0.320408, 0.306204, 0.325941, 0.267115, 0.267006, 0.269015, 0.274286, 0.283442, 0.288449, 0.292359, 0.297431, 0.302153, 0.306010, 0.309441, 0.277039
0.055174, 0.006686; 0.391525, 0.124137, 0.128186, 0.037556, 0.283752, 0.167254, 0.226344, 0.218819, 0.130084, 0.101186, 0.085645, 0.083811, 0.073045, 0.076976, 0.077724, 0.082898, 0.106844, 0.134837, 0.128648, 0.156385, 0.161782, 0.376828, 0.377863, 0.373885, 0.371391, 0.368923, 0.367781, 0.366413, 0.367100, 0.359682, 0.359267, 0.358968, 0.358088, 0.359358, 0.358436, 0.351554, 0.350766, 0.347279, 0.314053, 0.311031, 0.316165, 0.311537, 0.303617, 0.293435, 0.262768, 0.262447, 0.255424, 0.254476, 0.252036
0.161379, 9.391984; 0.049186, 0.508616, 0.193191, 0.346644, 0.215452, 0.049250, 0.145246, 0.061117, 0.024024, 0.060533, 0.004427, 0.005823, 0.027630, 0.080213, 0.051036, 0.036828, 0.046175, 0.002282, 0.012078, 0.015611, 0.024701, 0.059937, 0.000570, 0.007097, 0.054595, 0.013075, 0.006735, 0.012595, 0.001160, 0.021192, 0.026911, 0.016379, 0.063736, 0.078933, 0.068173, 0.062816, 0.052997, 0.057558, 0.016419, 0.031654, 0.034663, 0.000847, 0.004324, 0.022386, 0.022550, 0.030691, 0.008429, 0.021482, 0.004507
0.146514, 0.325243, 0.113355; 0.162095, 0.181980, 0.195127, 0.124860, 0.110666, 0.120456, 0.104601, 0.115537, 0.112509, 0.089952, 0.076821, 0.000267, 0.017008, 0.028873, 0.244157, 0.411444, 0.391370, 0.377088, 0.362220, 0.351815, 0.327455, 0.315312, 0.304923, 0.295578, 0.285336, 0.403837, 0.415575, 0.412450, 0.409547, 0.381299, 0.373358, 0.358683, 0.372451, 0.362325, 0.366010, 0.348593, 0.343585, 0.337758, 0.169555, 0.160303, 0.161492, 0.152074, 0.149845, 0.149228, 0.146506, 0.145681, 0.160519, 0.168837
0.464934, 0.925110; 0.088902, 0.087555, 0.086138, 0.085372, 0.089567, 0.094680, 0.092601, 0.091958, 0.099701, 0.101299, 0.099808, 0.105839, 0.113211, 0.119856, 0.119299, 0.130294, 0.128739, 0.128818, 0.127033, 0.136111, 0.134741, 0.132988, 0.140700, 0.138200, 0.136506, 0.134955, 0.155260, 0.154275, 0.155428, 0.154486, 0.160993, 0.159406, 0.158538, 0.168078, 0.168282, 0.167337, 0.189266, 0.196525, 0.195147, 0.193932, 0.193194, 0.196412, 0.195700, 0.194631, 0.201094, 0.199981, 0.200340, 0.199273, 0.207116
0.145351, 0.535542, 1.162228, 0.819979; 0.550699, 0.496229, 0.385067, 0.347728, 0.355090, 0.321088, 0.184022, 0.178368, 0.168111, 0.151163, 0.149560, 0.142508, 0.137196, 0.228380, 0.217722, 0.171194, 0.210254, 0.204742, 0.199419, 0.179802, 0.168204, 0.183469, 0.177418, 0.161093, 0.147483, 0.131944, 0.179976, 0.175803, 0.172490, 0.188015, 0.177912, 0.148467, 0.142856, 0.140489, 0.142829, 0.138498, 0.165442, 0.163862, 0.165982, 0.179553, 0.178642, 0.193715, 0.185073, 0.183227, 0.171015, 0.172418, 0.171164
10.239417, 10.239417, 10.239417, 10.239417, 10.239417, 10.239417, 10.239417, 10.239417, 10.239417, 7.391904, 7.405463, 4.329520, 4.353673, 4.372036, 4.117923, 4.057020, 4.078487, 4.110824, 4.128883, 4.045425, 4.069718, 4.088265, 4.051487, 4.046346, 4.057279, 4.042235, 4.043117, 4.049249, 4.040256, 4.030155, 4.039543, 4.048116, 4.093557, 3.971397, 4.003092, 3.982370, 3.999540, 4.031656, 4.050147, 4.057092, 4.041206, 4.048719, 4.056303, 4.067940; 4.071340, 4.014693, 3.982326, 3.897954, 3.902374, 3.897310, 3.901323
0.628596, 0.522574, 0.375404; 0.253773, 0.249676, 0.253093, 0.300184, 0.363270, 0.376466, 0.426642, 0.398895, 0.496860, 0.495665, 0.495465, 0.526501, 0.529289, 0.530391, 0.450435, 0.457195, 0.479585, 0.477171, 0.470374, 0.504786, 0.503021, 0.500327, 0.496987, 0.495762, 0.482945, 0.504602, 0.514295, 0.512779, 0.507071, 0.503949, 0.502419, 0.488116, 0.484166, 0.482625, 0.481202, 0.475835, 0.612253, 0.597543, 0.595229, 0.594509, 0.579700, 0.578651, 0.567054, 0.577808, 0.570217, 0.592851, 0.601356, 0.591443
0.383886, 1.092414, 1.092414, 0.791878, 0.679706, 3.011429; 0.974425, 0.736623, 0.732966, 0.810186, 0.807091, 0.804317, 0.802298, 0.800647, 0.807792, 0.805676, 0.803674, 0.812338, 0.809570, 0.807554, 0.806536, 0.804493, 0.802841, 0.798835, 0.797218, 0.795904, 0.793197, 0.791962, 0.853692, 0.857832, 0.853693, 0.852362, 0.915826, 0.914204, 0.912862, 0.911261, 0.910023, 0.909566, 0.908380, 0.898382, 0.896816, 0.900352, 0.898815, 0.897920, 0.894705, 0.890608, 0.889859, 0.889010, 0.888030, 0.886628, 0.875631
0.258658, 0.132372, 0.483683, 0.650956, 0.415156, 0.237077, 0.211464; 0.308603, 0.288519, 0.381332, 0.351922, 0.335681, 0.326425, 0.301357, 0.371929, 0.408929, 0.441880, 0.441388, 0.745180, 0.808131, 0.845417, 1.752234, 1.765273, 1.751403, 1.753445, 1.754956, 1.760754, 1.758282, 1.696133, 1.698934, 1.699429, 1.743156, 1.739970, 1.740771, 1.747179, 1.747225, 1.691771, 1.692331, 1.694461, 1.693998, 1.694903, 1.688932, 1.716048, 1.715624, 1.669375, 1.671394, 1.673590, 1.674932, 1.677027, 1.677406, 1.681626
3.576455, 3.048117; 3.426030, 3.394814, 3.465465, 3.496768, 3.525698, 3.532861, 3.653486, 3.656909, 3.652558, 3.651133, 3.654354, 3.653767, 3.653359, 3.745691, 3.741396, 3.735218, 3.730954, 3.732795, 3.733704, 3.810125, 3.748621, 3.746527, 3.755062, 3.752228, 3.747378, 3.746234, 3.746447, 3.767418, 3.764400, 3.760850, 3.754106, 3.752754, 3.737837, 3.736234, 3.733798, 3.733938, 3.731047, 3.729831, 3.732185, 3.730714, 3.729264, 3.748785, 3.742481, 3.740758, 3.744555, 3.738060, 3.719886, 3.717366, 3.714061
0.126681, 0.864769; 0.450884, 0.410703, 0.473008, 0.558886, 0.170111, 0.187107, 0.201251, 0.142258, 0.029291, 0.030415, 0.032185, 0.053365, 0.026775, 0.025462, 0.022190, 0.016823, 0.016044, 0.015147, 0.012841, 0.011945, 0.012299, 0.010042, 0.009439, 0.010220, 0.009592, 0.008987, 0.009527, 0.011228, 0.009578, 0.006577, 0.005284, 0.005204, 0.005669, 0.933526, 0.948994, 0.960635, 0.970844, 0.932867, 0.944170, 0.954627, 0.966661, 0.936012, 0.944842, 0.953948, 0.921141, 0.930372, 0.939421, 0.946850, 0.916694
0.387052, 1.018769, 1.151796; 0.688269, 0.497719, 0.566934, 0.550637, 0.568121, 0.605280, 0.577592, 0.544938, 0.460995, 0.432264, 0.443492, 0.430956, 0.433238, 0.429457, 0.473515, 0.450648, 0.426077, 0.441741, 0.420464, 0.446072, 0.434806, 0.401665, 0.394192, 0.368490, 0.350745, 0.362305, 0.354123, 0.356257, 0.351465, 0.344220, 0.338601, 0.339941, 0.332998, 0.350240, 0.339303, 0.331904, 0.327100, 0.319734, 0.309014, 0.329219, 0.321078, 0.322882, 0.319357, 0.316453, 0.317120, 0.326256, 0.318737, 0.316440
0.367769, 0.467353, 1.375658, 1.117320, 1.051813, 0.981576; 0.777221, 0.764652, 0.757466, 0.741210, 0.735229, 0.831834, 0.815989, 0.799641, 0.788347, 0.776036, 0.763709, 0.729898, 0.719680, 0.710284, 0.708934, 0.702406, 0.700246, 0.693080, 0.691489, 0.681574, 0.676505, 0.672654, 0.655577, 0.647986, 0.643582, 0.637849, 0.635262, 0.631790, 0.631413, 0.643144, 0.638626, 0.632826, 0.627064, 0.665754, 0.666452, 0.662365, 0.673031, 0.669212, 0.666338, 0.662323, 0.750105, 0.746005, 0.740304, 0.737301, 0.751214
0.659155, 1.425731, 1.425731; 1.425731, 1.196660, 0.491788, 0.555332, 0.618895, 0.691657, 0.717997, 0.742459, 0.763597, 0.763605, 0.784543, 0.786038, 0.820994, 0.841976, 0.868270, 0.882584, 0.896455, 0.895675, 0.921264, 0.931388, 0.976684, 0.894436, 0.900873, 0.898794, 0.897812, 0.906793, 0.903848, 0.919643, 0.917993, 0.924655, 0.940412, 0.935849, 0.932624, 0.929615, 0.927912, 0.932909, 0.931381, 0.933905, 0.932071, 0.928197, 0.924702, 0.928385, 0.926862, 0.923792, 0.925060, 0.929563, 0.939936, 0.941391
4.423753, 5.042052; 3.991401, 3.798177, 3.985112, 4.121981, 3.989755, 4.110159, 3.971262, 3.900998, 3.938344, 4.095135, 4.064578, 4.078553, 4.100630, 4.043120, 3.976379, 3.947277, 3.945993, 3.898465, 3.864318, 3.873659, 3.828534, 3.847219, 3.855665, 3.871714, 3.876198, 3.858231, 3.897077, 3.917706, 3.821642, 3.895740, 3.912555, 3.859661, 3.868302, 3.851501, 3.825301, 3.824825, 3.864827, 3.875078, 3.893778, 3.876571, 3.879099, 3.880919, 3.847384, 3.831005, 3.825215, 3.827267, 3.820016, 3.818854, 3.819734
3.732594, 2.872561, 3.188875, 3.173773, 3.115304, 3.126938, 3.135721, 3.145750; 3.144596, 3.153291, 3.160711, 3.164165, 3.166767, 3.187980, 3.190285, 3.191269, 3.192097, 3.192619, 3.193242, 3.194374, 3.340407, 3.340415, 3.341294, 3.347408, 3.346301, 3.346492, 3.345255, 3.342860, 3.342498, 3.342095, 3.324882, 3.325126, 3.325323, 3.325798, 3.325647, 3.315436, 3.315355, 3.307763, 3.307863, 3.307754, 3.307563, 3.301028, 3.293454, 3.284992, 3.278449, 3.279069, 3.279541, 3.273037, 3.273334, 3.274006, 3.276402
0.140720, 0.212716; 0.104506, 0.157387, 0.330528, 0.223658, 0.292290, 0.248352, 0.218663, 0.266429, 0.361317, 0.227675, 0.195728, 0.181750, 0.137499, 0.126491, 0.121001, 0.123965, 0.112120, 0.101301, 0.089392, 0.082897, 0.024379, 0.023890, 0.025634, 0.002585, 0.020407, 0.035574, 0.016561, 0.018032, 0.084605, 0.085916, 0.023523, 0.023279, 0.015107, 0.006967, 0.000319, 0.000597, 0.004026, 0.007581, 0.005206, 0.004902, 0.005092, 0.000363, 0.002538, 0.013732, 0.009284, 0.001175, 0.003913, 0.003614, 0.005993
0.363200, 4.509797; 0.066117, 0.448317, 0.759085, 0.688228, 0.830913, 0.727928, 0.644901, 0.880715, 0.786161, 0.719196, 0.666207, 0.624908, 0.621635, 0.583790, 0.571053, 0.640356, 0.618506, 0.639492, 0.628500, 0.609746, 0.603408, 0.587509, 0.612792, 0.603608, 0.596072, 0.583248, 0.565572, 0.559373, 0.560083, 0.560747, 0.552772, 0.536240, 0.524612, 0.540980, 0.537761, 0.534542, 0.535517, 0.545994, 0.538098, 0.536492, 0.537155, 0.533481, 0.528139, 0.521415, 0.517804, 0.517083, 0.512803, 0.461019, 0.456060
0.385244, 0.105245, 0.105245; 0.704725, 0.644102, 0.743320, 0.671239, 0.627947, 0.591792, 0.839491, 0.791720, 0.856335, 0.890005, 0.842693, 0.797913, 0.759815, 0.730366, 0.700179, 0.679190, 0.645518, 0.641028, 0.626468, 0.609807, 0.598971, 0.591446, 0.582240, 0.569985, 0.561016, 0.554885, 0.548304, 0.464869, 0.458924, 0.456324, 0.455231, 0.443203, 0.438444, 0.434308, 0.430719, 0.429532, 0.427828, 0.426868, 0.423314, 0.422955, 0.419802, 0.419305, 0.416457, 0.446483, 0.443165, 0.440656, 0.437628, 0.432474
0.095414, 0.030073; 0.107866, 0.120478, 1.130830, 1.109681, 0.984870, 0.965947, 0.847357, 0.843662, 0.764883, 0.716399, 0.709519, 0.670377, 0.658863, 0.663651, 0.662125, 0.602346, 0.571629, 0.556062, 0.576326, 0.560327, 0.558001, 0.555414, 0.519981, 0.519785, 0.507281, 0.513090, 0.474778, 0.501430, 0.501717, 0.502954, 0.480485, 0.475978, 0.476026, 0.459484, 0.479927, 0.479820, 0.471741, 0.423328, 0.432173, 0.441605, 0.521688, 0.534263, 0.531137, 0.530342, 0.543077, 0.571634, 0.566246, 0.545845, 0.533896
0.966330, 0.926408, 1.300563, 1.276387, 1.209458; 1.059194, 1.074689, 1.122844, 1.095043, 1.064896, 1.059636, 1.079899, 1.097040, 1.087742, 1.059902, 1.082857, 1.078080, 1.062432, 1.040140, 1.035507, 1.024653, 1.029313, 1.024075, 1.032483, 1.011638, 1.029223, 1.028433, 1.017744, 1.014018, 1.017652, 1.021254, 1.037217, 1.034932, 1.025614, 1.019444, 1.014754, 1.022349, 1.024509, 1.023700, 1.021187, 1.031135, 1.024240, 1.020336, 1.021912, 1.033718, 1.047039, 1.056572, 1.055491, 1.053272, 1.051301, 1.056171
0.050671, 0.013297, 0.075465, 0.041428; 0.008477, 0.009349, 0.009965, 0.010433, 0.007838, 0.005290, 0.011432, 0.013838, 0.013687, 0.010865, 0.010977, 0.011078, 0.011173, 0.011268, 0.011349, 0.006329, 0.008673, 0.010586, 0.001684, 0.002144, 0.000471, 0.016807, 1.198885, 1.175429, 1.154778, 1.135987, 1.118878, 1.100724, 1.084563, 1.093776, 1.077043, 1.061886, 1.047896, 1.028711, 1.004762, 0.992969, 0.980292, 1.020722, 1.000574, 0.989804, 0.979664, 0.969279, 0.951186, 0.940363, 0.973429, 0.934028, 0.924749
0.521168, 0.274904, 0.730264, 0.695532; 0.693419, 0.642015, 0.635078, 0.676510, 0.678492, 0.671713, 0.649399, 0.638852, 0.651862, 0.627213, 0.615853, 0.596665, 0.589908, 0.583310, 0.570684, 0.550474, 0.467153, 0.457135, 0.460137, 0.443727, 0.425650, 0.417621, 0.416428, 0.436808, 0.422312, 0.421565, 0.401274, 0.402918, 0.410217, 0.423469, 0.438564, 0.430360, 0.407657, 0.416125, 0.419342, 0.417246, 0.416637, 0.433303, 0.429265, 0.442124, 0.462464, 0.444393, 0.435019, 0.439372, 0.436136, 0.435783, 0.429340
6.056478, 0.465856, 0.649013, 0.779632, 0.860424, 0.983050, 1.029068, 1.029068, 1.061254, 1.102071, 1.102071; 0.711398, 0.651216, 0.647981, 0.618381, 0.620002, 0.620813, 0.623566, 0.628863, 0.632483, 0.632895, 0.612205, 0.590847, 0.593324, 0.540341, 0.286444, 0.287292, 0.289349, 0.290315, 0.291505, 0.292009, 0.293055, 0.294198, 0.120010, 0.099132, 0.098632, 0.093214, 0.094773, 0.097319, 0.098696, 0.093900, 0.082376, 0.085657, 0.087929, 0.086913, 0.134191, 0.130808, 0.127850, 0.127155, 0.124353, 0.121631
0.739923, 1.161526, 0.617173, 0.730002; 0.771971, 0.753818, 0.634163, 0.648594, 0.607955, 0.607152, 0.615782, 0.596489, 0.585708, 0.594659, 0.590672, 0.647541, 0.641167, 0.627089, 0.645060, 0.637523, 0.637169, 0.660397, 0.685802, 0.675113, 0.666259, 0.661923, 0.658158, 0.651820, 0.648527, 0.672393, 0.666230, 0.664216, 0.617825, 0.620543, 0.633504, 0.656820, 0.655979, 0.659983, 0.647322, 0.647717, 0.648381, 0.660402, 0.654797, 0.652400, 0.657210, 0.646843, 0.628458, 0.626463, 0.634203, 0.634567, 0.653407
0.470925, 0.642761; 0.117736, 0.145552, 0.396604, 0.319282, 0.349652, 0.313603, 0.393141, 0.466525, 0.418022, 0.502810, 0.544792, 0.539858, 0.542148, 0.516324, 0.522653, 0.332366, 0.320610, 0.317244, 0.311057, 0.310903, 0.300016, 0.291504, 0.285299, 0.283060, 0.271913, 0.269131, 0.261728, 0.252783, 0.240640, 0.236548, 0.232306, 0.222533, 0.225409, 0.218999, 0.218170, 0.207082, 0.204338, 0.193952, 0.195297, 0.184082, 0.176239, 0.169062, 0.165652, 0.293994, 0.266423, 0.266926, 0.261087, 0.258272, 0.253812
0.236002, 0.013953; 0.104869, 0.032576, 0.162552, 0.151163, 0.419929, 0.408163, 0.403344, 0.420356, 0.449036, 0.506135, 0.491839, 0.520526, 0.580990, 0.566646, 0.555562, 0.573975, 0.604026, 0.580460, 0.566347, 0.595334, 0.705363, 0.735255, 0.732864, 0.726743, 0.690830, 0.729015, 0.738368, 0.726155, 0.717512, 0.709037, 0.716940, 0.692067, 0.674432, 0.683095, 0.673249, 0.662678, 0.705871, 0.695034, 0.674286, 0.687211, 0.671926, 0.671496, 0.661765, 0.657037, 0.675212, 0.630175, 0.620781, 0.564356, 0.565945
0.161219, 0.035671, 0.035671, 1.159837, 0.831671, 0.551248; 0.162895, 0.161371, 0.160425, 0.160649, 0.160607, 0.160772, 0.160228, 0.142704, 0.144086, 0.145147, 0.146118, 0.132124, 0.133830, 0.135311, 0.136258, 0.137154, 0.138014, 0.134033, 0.134767, 0.135599, 0.136101, 0.135178, 0.128153, 0.128521, 0.128027, 0.128561, 0.129293, 0.129826, 0.130309, 0.131147, 0.129980, 0.130377, 0.130898, 0.125179, 0.125596, 0.126004, 0.126422, 0.127262, 0.127529, 0.127712, 0.128215, 0.128691, 0.129131, 0.129437, 0.124883
2.447542, 2.765757, 2.149335, 2.327339; 2.631254, 2.574696, 2.584810, 2.630574, 2.663887, 2.705796, 2.711351, 2.736928, 2.681670, 2.602531, 2.582197, 2.618303, 2.629624, 2.598158, 2.564732, 2.590506, 2.599376, 2.602962, 2.550914, 2.563368, 2.561587, 2.578124, 2.572334, 2.561782, 2.563740, 2.571637, 2.575411, 2.581370, 2.599586, 2.602583, 2.607670, 2.615744, 2.613712, 2.609407, 2.694498, 2.716591, 2.717918, 2.716613, 2.716302, 2.731813, 2.724443, 2.717767, 2.717620, 2.719473, 2.722244, 2.714354, 2.684733
0.143677, 0.384815, 0.384815; 0.212079, 0.218231, 0.221273, 0.301659, 0.298467, 0.307360, 0.296825, 0.287787, 0.290343, 0.238600, 0.241507, 0.195391, 0.170654, 0.161218, 0.165368, 0.156924, 0.182791, 0.148397, 0.155231, 0.147070, 0.143336, 0.138328, 0.095560, 0.092145, 0.087259, 0.083831, 0.083886, 0.083822, 0.061685, 0.015675, 0.017122, 0.015741, 0.014948, 0.004463, 0.001302, 0.002168, 0.003813, 0.014669, 0.015229, 0.033685, 0.032079, 0.026501, 0.029510, 0.028089, 0.040219, 0.042528, 0.018925, 0.015335
0.168052, 0.577162, 0.725272; 0.384386, 0.384846, 0.405811, 0.045122, 0.057002, 0.059647, 0.144154, 0.114851, 0.087714, 0.068978, 0.034456, 0.097763, 0.060456, 0.045684, 0.054680, 0.041191, 0.042780, 0.126763, 0.172248, 0.159472, 0.129401, 0.122364, 0.280849, 0.273431, 0.256010, 0.252826, 0.249028, 0.244010, 0.280849, 0.274327, 0.270190, 0.264371, 0.260423, 0.246161, 0.238810, 0.231186, 0.226185, 0.222087, 0.225171, 0.208405, 0.203416, 0.197290, 0.192413, 0.228022, 0.208198, 0.203716, 0.197972, 0.193064
0.678175, 0.492951, 0.747932, 0.831071, 0.854597, 0.772211, 0.766433, 0.745355, 0.705323, 0.695491; 0.689369, 0.713445, 0.704268, 0.643164, 0.637224, 0.638147, 0.634720, 0.583459, 0.588302, 0.603175, 0.599213, 0.589366, 0.581573, 0.576838, 0.547738, 0.554364, 0.545064, 0.579978, 0.584414, 0.587615, 0.590759, 0.587687, 0.591181, 0.590383, 0.595240, 0.594779, 0.601282, 0.602570, 0.597192, 0.599725, 0.602702, 0.599992, 0.639512, 0.639702, 0.639654, 0.640377, 0.667964, 0.662195, 0.659104, 0.661274, 0.651639
0.061081, 0.148629; 0.065166, 0.011781, 0.287726, 0.179066, 0.507398, 0.486192, 0.525426, 0.400787, 0.338911, 0.263816, 0.175091, 0.176748, 0.182170, 0.266944, 0.262433, 0.359506, 0.334536, 0.220706, 0.230237, 0.217693, 0.221206, 0.213138, 0.189351, 0.156142, 0.162131, 0.167660, 0.178118, 0.170213, 0.174169, 0.493209, 0.484400, 0.486930, 0.489287, 0.476905, 0.466973, 0.467726, 0.469959, 0.460388, 0.465123, 0.461578, 0.460842, 0.455274, 0.453858, 0.458240, 0.454373, 0.449137, 0.442846, 0.443444, 0.439232
0.463227, 0.671758, 0.608325, 0.591143, 0.605956, 0.606566, 0.917632, 0.918939, 0.914951, 0.913076, 0.855654, 0.845903; 0.864859, 0.851826, 0.885865, 0.882002, 0.884824, 0.873025, 0.868608, 0.866192, 0.865571, 0.870749, 0.868498, 0.860224, 0.857540, 0.855066, 0.853091, 0.841214, 0.819270, 0.821598, 0.818430, 0.815631, 0.814138, 0.816969, 0.782269, 0.776160, 0.774887, 0.777470, 0.779853, 0.779078, 0.778945, 0.777663, 0.780194, 0.780084, 0.777395, 0.759374, 0.761865, 0.761798, 0.785204, 0.783971, 0.774329
4.572497, 4.475228, 4.369060, 4.660036, 4.629038; 4.527836, 4.505521, 4.350146, 4.419153, 4.259748, 4.301175, 4.361137, 4.348158, 4.351197, 4.317638, 4.324535, 4.362646, 4.375054, 4.388131, 4.395232, 4.409217, 4.425641, 4.420712, 4.395148, 4.401043, 4.374766, 4.379641, 4.387688, 4.338146, 4.344609, 4.352741, 4.359039, 4.357813, 4.374404, 4.374585, 4.377073, 4.379343, 4.377819, 4.379981, 4.389563, 4.384744, 4.390935, 4.405218, 4.408910, 4.412593, 4.413105, 4.417372, 4.423647, 4.449927, 4.451595, 4.450407
0.000000, 0.000000, 0.000000, 0.000000, 0.000000, 0.000000, 0.000000, 0.000000, 0.000000, 0.000000, 0.000000, 0.000000, 0.000000, 0.000000, 0.000000, 0.000000, 0.000000, 0.000000; 0.000000, 0.000000, 0.000000, 0.000000, 0.000000, 0.000000, 0.000000, 0.000000, 0.000000, 0.000000, 0.000000, 0.000000, 0.000000, 0.000000, 0.000000, 0.000000, 0.000000, 0.000000, 0.000000, 0.000000, 0.000000, 0.000000, 0.000000, 0.000000, 0.000000, 0.000000, 0.000000, 0.000000, 0.000000, 0.000000, 0.000000, 0.000000, 0.000000
2.370026, 2.017831, 2.066936, 2.710306, 2.602022; 2.724625, 2.681341, 2.454166, 2.422826, 2.437073, 2.421424, 2.465941, 2.443339, 2.309394, 2.278416, 2.279884, 2.325040, 2.301955, 2.287756, 2.285259, 2.306387, 2.311044, 2.330130, 2.573680, 2.561759, 2.573976, 2.556129, 2.515379, 2.507022, 2.522282, 2.513996, 2.533760, 2.525472, 2.513040, 2.506264, 2.497509, 2.513885, 2.507577, 2.513310, 2.504718, 2.493207, 2.486153, 2.498471, 2.492867, 2.520075, 2.511762, 2.507359, 2.497247, 2.489303, 2.498089, 2.504855
0.900968, 0.447024, 0.462705; 0.422896, 0.436928, 0.441222, 0.362389, 0.403574, 0.419769, 0.453552, 0.447396, 0.443546, 0.441053, 0.443307, 0.435255, 0.438367, 0.437177, 0.438690, 0.443362, 0.445755, 0.447073, 0.447144, 0.447417, 0.448206, 0.447753, 0.449293, 0.450942, 0.451563, 0.446633, 0.440807, 0.441127, 0.437112, 0.438162, 0.438835, 0.438225, 0.439375, 0.438802, 0.439130, 0.438660, 0.433608, 0.430752, 0.432862, 0.433215, 0.433853, 0.433703, 0.433869, 0.435213, 0.440624, 0.439992, 0.438946, 0.438917
0.437771, 0.489538, 0.489538, 0.465649; 0.433344, 0.463117, 0.465426, 0.551295, 0.551896, 0.551141, 0.554774, 0.551768, 0.540229, 0.543632, 0.535310, 0.528876, 0.525325, 0.523865, 0.526885, 0.544082, 0.543050, 0.541848, 0.534726, 0.529835, 0.530399, 0.532677, 0.527805, 0.544135, 0.543210, 0.539336, 0.532733, 0.528532, 0.529766, 0.526793, 0.527216, 0.526741, 0.523257, 0.524363, 0.526039, 0.520022, 0.519509, 0.520503, 0.523996, 0.520770, 0.518757, 0.517649, 0.514962, 0.514069, 0.514936, 0.513127, 0.512821
0.319594, 2.821400, 0.402955, 0.389318, 0.333702, 0.385966, 0.392437; 0.382891, 0.379354, 0.375282, 0.429961, 0.421307, 0.416513, 0.412687, 0.375398, 0.492702, 0.485564, 0.552761, 0.611365, 0.586080, 0.571417, 0.566764, 0.552960, 0.559155, 0.538076, 0.519242, 0.504093, 0.490157, 0.474092, 0.458819, 0.454776, 0.478485, 0.464614, 0.455933, 0.455793, 0.445319, 0.465965, 0.456840, 0.447646, 0.437851, 0.427896, 0.413583, 0.578056, 0.578377, 0.576740, 0.571610, 0.571888, 0.587059, 0.593027, 0.587677, 0.585106
