0.149630, 0.158785, 0.152669, 0.174338; 0.162323, 0.191899, 0.181576, 0.203196, 0.214791, 0.206105, 0.203263, 0.115046, 0.122390, 0.123216, 0.115228, 0.117209, 0.119779, 0.126820, 0.130683, 0.125999, 0.136814, 0.137803, 0.142045, 0.144700, 0.150720, 0.128474, 0.128819, 0.127932, 0.126433, 0.129437, 0.130443, 0.132445, 0.132772, 0.130511, 0.134260, 0.140512, 0.141403, 0.139915, 0.140780, 0.138139, 0.138475, 0.141821, 0.142106, 0.145097, 0.141359, 0.145069, 0.148327, 0.148377, 0.148503, 0.148316, 0.148625
0.004068, 0.004068; 0.082215, 0.005252, 0.002489, 0.029143, 0.010580, 0.002688, 0.000020, 0.001841, 0.049162, 0.043253, 0.049590, 0.050560, 0.035333, 0.035758, 0.017021, 0.019421, 0.009054, 0.008237, 0.001028, 0.001586, 0.002271, 0.002823, 0.007656, 0.007325, 0.008956, 0.008967, 0.010086, 0.009849, 0.010762, 0.011098, 0.007398, 0.009217, 0.009054, 0.009030, 0.008902, 0.008753, 0.006663, 0.007073, 0.007060, 0.007631, 0.008347, 0.009401, 0.010682, 0.012314, 0.012276, 0.012048, 0.022978, 0.026364, 0.027767
7.247545, 7.795040, 1.318888, 0.612373, 0.803136, 0.844223, 1.017152, 1.066089, 1.096577, 1.119159, 1.163761, 1.147103, 1.166909, 1.207766, 1.165401, 1.237272, 1.217912, 1.253852, 1.266016, 1.300923, 1.330137, 1.338478, 1.334870, 1.404539; 1.420934, 1.430436, 1.164316, 1.157575, 1.163164, 1.012874, 0.987110, 1.006102, 1.001006, 1.007336, 1.095818, 1.013818, 1.027206, 1.035556, 1.037801, 1.043317, 1.127766, 1.133963, 1.162662, 1.153522, 1.163490, 1.163154, 1.237838, 1.245107, 1.235251, 1.240464, 1.266016
0.052412, 0.033271; 0.029082, 0.005394, 0.007436, 0.003208, 0.001181, 0.001583, 0.000319, 0.001012, 0.004572, 0.005309, 0.004516, 0.004577, 0.005282, 0.071907, 0.071920, 0.081581, 0.074668, 0.100363, 0.098977, 0.101093, 0.102804, 0.102110, 0.103707, 0.102274, 0.100709, 0.095785, 0.099149, 0.098296, 0.096829, 0.096044, 0.097078, 0.095858, 0.095407, 0.098455, 0.098150, 0.076521, 0.074707, 0.078582, 0.076173, 0.075329, 0.074505, 0.078027, 0.073258, 0.072650, 0.077910, 0.076874, 0.073551, 0.070828, 0.072442
2.070268, 0.957793, 1.280747, 1.804470, 0.897842, 1.056337, 0.827532, 0.924653, 0.812073, 0.807470, 0.747137; 0.166705, 0.223883, 0.211941, 0.218284, 0.204965, 0.217142, 0.209874, 0.205479, 0.216429, 0.210967, 0.217196, 0.215925, 0.915518, 0.909429, 0.922931, 0.908097, 0.916357, 0.897947, 0.896808, 0.893535, 0.875257, 0.869908, 0.860196, 0.818585, 0.809867, 0.812059, 0.805703, 0.740392, 0.734279, 0.732147, 0.732535, 0.725889, 0.723240, 0.725073, 0.724947, 0.725487, 0.711640, 0.712058, 0.695993, 0.691250
0.385220, 0.039548; 0.203026, 0.516621, 0.722092, 0.538600, 0.508223, 0.473806, 0.498685, 0.358295, 0.377819, 0.335558, 0.368531, 0.278171, 0.254348, 0.221115, 0.194668, 0.205012, 0.224875, 0.209329, 0.192782, 0.202856, 0.210661, 0.219708, 0.214731, 0.218224, 0.196962, 0.190228, 0.206148, 0.213545, 0.218374, 0.205778, 0.212583, 0.201633, 0.193541, 0.190830, 0.184091, 0.175849, 0.169613, 0.161532, 0.159541, 0.176151, 0.133491, 0.120427, 0.130852, 0.126812, 0.130473, 0.128447, 0.138166, 0.136734, 0.138389
0.000000, 0.000000, 0.000000, 0.000000, -0.000000, 0.000000, 0.000000, -0.000000, 0.000000, 0.000000, 0.000000, 0.000000, 0.000000, -0.000000, 0.000000, 0.000000, 0.000000, -0.000000; 0.000000, 0.000000, 0.000000, 0.000000, -0.000000, 0.000000, 0.000000, -0.000000, 0.000000, -0.000000, 0.000000, 0.000000, -0.000000, 0.000000, 0.000000, 0.293547, 0.293708, 0.293958, 0.262495, 0.262967, 0.263330, 0.263708, 0.263801, 0.263945, 0.214335, 0.215039, 0.214863, 0.215387, 0.215570, 0.215809, 0.215648, 0.215607, 0.216092
23.025851, 23.025851, 23.025851, 0.819952, 0.991229, 1.157581, 1.738385, 2.168655, 2.154360, 2.188303, 2.239950; 2.184921, 2.238126, 2.289132, 2.338479, 2.384646, 2.419412, 2.438015, 2.513641, 2.550310, 2.572482, 2.262070, 2.322124, 2.378405, 2.400014, 2.426190, 2.476382, 2.522250, 2.522644, 2.608371, 2.628899, 2.648505, 2.668145, 2.487510, 2.493737, 2.512002, 2.529668, 2.536383, 2.554337, 2.560606, 2.575310, 2.559303, 6.140699, 6.165189, 6.178797, 6.207057, 6.228575, 6.249626, 6.270156, 6.290332, 6.309708
0.008406, 0.210113; 0.024849, 0.025383, 0.025580, 0.028180, 0.027842, 0.027101, 0.035160, 0.034979, 0.034365, 0.034934, 0.038005, 0.038731, 0.038262, 0.031152, 0.030537, 0.030783, 0.030148, 0.030105, 0.030240, 0.029794, 0.029576, 0.029735, 0.028984, 0.028715, 0.027979, 0.027633, 0.027514, 0.027429, 0.032264, 0.031628, 0.031375, 0.034279, 0.033998, 0.026687, 0.026386, 0.026543, 0.026090, 0.026038, 0.025584, 0.025094, 0.024303, 0.024396, 0.024361, 0.010000, 0.010731, 0.010852, 0.011386, 0.011298, 0.011936
0.148427, 0.053567, 0.096575, 0.138224, 0.081183, 0.092804, 0.099782; 0.102648, 0.090466, 0.091804, 0.094564, 0.097777, 0.101219, 0.109984, 0.110690, 0.094643, 0.097612, 0.099798, 0.102259, 0.102131, 0.104918, 0.107184, 0.108493, 0.105753, 0.097313, 0.099016, 0.103558, 0.106174, 0.098226, 0.100797, 0.101176, 0.102263, 0.103986, 0.104525, 0.105346, 0.106613, 0.108701, 0.109674, 0.111191, 0.111754, 0.115540, 0.113575, 0.114263, 0.114772, 0.116715, 0.117351, 0.117985, 0.118459, 0.109760, 0.109659, 0.109852
1.146056, 1.007969, 1.216536, 0.919844, 0.311508, 0.338310, 0.349778, 0.370012, 0.421211, 0.474849, 0.483916, 0.638374, 0.679633, 0.590434, 0.671121, 0.392057, 0.398282, 0.513345, 0.303457, 0.306054, 0.311071, 0.120227, 0.123456; 0.121110, 0.113039, 0.113132, 0.103642, 0.102307, 0.096064, 0.093996, 0.097222, 0.102049, 0.101182, 0.107796, 0.103765, 0.106317, 0.105298, 0.084645, 0.083609, 0.082567, 0.083086, 0.084699, 0.083509, 0.084434, 0.083545, 0.082195, 0.083015, 0.082486, 0.081318, 0.080556, 0.080369
1.386294, 0.287682, 0.287682, 0.985899, 1.090821, 0.924415, 0.967498, 1.078057, 1.207475, 1.260287, 1.271168, 1.263715, 1.273321, 1.318027, 1.345759, 1.307752, 1.363623, 1.370607, 1.387066, 1.388599, 1.434612; 1.415267, 1.454831, 1.454319, 1.454083, 1.503192, 1.550725, 1.544416, 1.573351, 1.576249, 1.644302, 1.615859, 1.628176, 1.617115, 1.603649, 1.635059, 1.655536, 1.682384, 1.693803, 1.678003, 1.697092, 1.680389, 1.703065, 1.692376, 1.691566, 1.627621, 1.596645, 1.612883, 1.613868, 1.600577, 1.560757
0.002013, 0.004197; 0.134435, 0.073945, 0.048455, 0.033878, 0.058319, 0.048906, 0.046333, 0.038239, 0.099310, 0.081394, 0.064760, 0.082099, 0.092836, 0.085514, 0.077068, 0.080050, 0.063661, 0.072575, 0.069092, 0.072731, 0.071416, 0.062485, 0.058353, 0.052809, 0.061598, 0.058040, 0.059809, 0.059302, 0.057775, 0.061196, 0.063813, 0.061268, 0.057200, 0.061580, 0.064413, 0.060484, 0.059493, 0.056803, 0.061379, 0.057469, 0.054893, 0.060753, 0.065486, 0.063815, 0.062097, 0.058427, 0.052273, 0.050717, 0.048134
0.093878, 0.009216; 0.681027, 0.434615, 0.593403, 0.538741, 0.811972, 0.714468, 0.723985, 0.773951, 0.754267, 1.093139, 0.985060, 0.888256, 0.841809, 0.894105, 0.937634, 0.962896, 0.788572, 0.811265, 0.766403, 0.788906, 0.799851, 0.762375, 0.758185, 0.702338, 0.678400, 0.652101, 0.702164, 0.670379, 0.687801, 0.704454, 0.671517, 0.685373, 0.659945, 0.653034, 0.630230, 0.639378, 0.618981, 0.612135, 0.600413, 0.589322, 0.583284, 0.562168, 0.569183, 0.583585, 0.562343, 0.569647, 0.579997, 0.572785, 0.577843
0.000000, 0.000000, -0.000000, 0.000000, 0.000000, 0.000000, 0.306678, 0.281700, 0.245591, 0.228688, 0.217390, 0.194743, 0.236266, 0.216772, 0.219202, 0.212730, 0.271806, 0.262035; 0.169820, 0.162451, 0.156437, 0.095131, 0.091978, 0.089103, 0.086392, 0.083762, 0.081277, 0.075138, 0.087874, 0.087100, 0.099604, 0.097359, 0.094330, 0.092194, 0.106133, 0.105306, 0.121535, 0.119041, 0.116690, 0.114212, 0.111625, 0.111093, 0.159530, 0.156497, 0.152007, 0.143562, 0.141326, 0.138918, 0.136460, 0.039291, 0.038572
0.001209, 0.122087; 0.004302, 0.001436, 0.000685, 0.007314, 0.005327, 0.005416, 0.003440, 0.007089, 0.006220, 0.011706, 0.024033, 0.017454, 0.013527, 0.009502, 0.015183, 0.014248, 0.011561, 0.012699, 0.011210, 0.014589, 0.023990, 0.027444, 0.024400, 0.028893, 0.031398, 0.029191, 0.027698, 0.028064, 0.025555, 0.024944, 0.027300, 0.026608, 0.029552, 0.028862, 0.028143, 0.025951, 0.024870, 0.026890, 0.026631, 0.024313, 0.026165, 0.026123, 0.026546, 0.026232, 0.025619, 0.024494, 0.023438, 0.023623, 0.024537
0.000722, 0.416849, 0.225270; 0.079766, 0.066000, 0.050479, 0.038102, 0.043385, 0.037595, 0.035740, 0.058411, 0.052185, 0.047009, 0.038192, 0.036218, 0.037757, 0.041718, 0.042080, 0.040286, 0.499145, 0.483549, 0.476973, 0.469419, 0.469124, 0.456214, 0.448016, 0.446275, 0.444326, 0.435020, 0.427752, 0.421051, 0.421621, 0.417371, 0.412198, 0.408147, 0.406571, 0.403184, 0.400630, 0.394484, 0.392631, 0.390349, 0.386639, 0.383121, 0.384271, 0.380191, 0.376443, 0.372911, 0.222889, 0.222107, 0.221198, 0.221027
0.038786, 0.098132; 0.534357, 0.709880, 0.581883, 0.520058, 0.362376, 0.333478, 0.319461, 0.296567, 0.289069, 0.243772, 0.246207, 0.201356, 0.198948, 0.206862, 0.199713, 0.179581, 0.176990, 0.177061, 0.158007, 0.170611, 0.163783, 0.156144, 0.148211, 0.140763, 0.139006, 0.135240, 0.126517, 0.125157, 0.122167, 0.110190, 0.104763, 0.104210, 0.104627, 0.108314, 0.106972, 0.103398, 0.103073, 0.119269, 0.118056, 0.116805, 0.115856, 0.121049, 0.120005, 0.120314, 0.164505, 0.163589, 0.164067, 0.161214, 0.262011
0.000000, 0.051293, 0.025190, 0.016751, 0.012516, 0.008039, 0.007089, 0.006321, 0.005592, 0.005006, 0.088706, 0.086694, 0.084997, 0.079702, 0.074147, 0.066620, 0.066158, 0.062558, 0.059044, 0.056750; 0.095689, 0.091979, 0.087821, 0.084953, 0.081526, 0.085029, 0.088051, 0.085119, 0.082326, 0.081426, 0.111927, 0.062813, 0.061984, 0.060229, 0.058677, 0.065233, 0.063478, 0.061814, 0.045969, 0.044901, 0.069053, 0.067463, 0.065904, 0.067479, 0.058392, 0.084245, 0.083910, 0.084060, 0.083834, 0.089126, 0.088847
0.152647, 15.061501, 11.791130, 7.038480, 1.322904, 1.543296, 1.692594, 1.679151, 1.442790, 1.489909, 1.497488, 1.534963, 1.580619, 1.650467, 1.686292, 1.751535, 1.801257, 1.807761, 1.820776, 1.860783, 1.842159, 1.688886, 1.570364, 1.609059, 1.617358, 1.568349, 1.587735, 1.559480, 1.586691, 1.611326, 1.589858, 1.580036, 1.597792, 1.462504, 1.495278, 1.517665, 1.517955, 1.558809, 1.580152, 1.599688, 1.582468; 1.601561, 1.608451, 1.627273, 1.641044, 1.631823, 1.618965, 1.612610, 1.599101, 1.616984, 1.630819
0.011588, 0.450960, 0.072363; 0.036185, 0.024441, 0.021519, 0.019990, 0.018707, 0.017856, 0.009250, 0.009762, 0.013221, 0.013026, 0.009260, 0.011826, 0.011738, 0.014150, 0.015865, 0.017996, 0.017568, 0.018076, 0.020780, 0.022696, 0.024989, 0.028193, 0.026689, 0.025964, 0.025375, 0.026619, 0.025993, 0.040526, 0.039441, 0.040765, 0.041915, 0.026977, 0.028181, 0.007755, 0.008375, 0.009045, 0.009066, 0.009092, 0.010531, 0.004385, 0.004774, 0.005259, 0.005783, 0.005793, 0.003256, 0.003580, 0.000294, 0.000396
0.510826, 1.386294, 0.178416, 0.157752, 0.187168, 0.611406; 0.687683, 0.625583, 0.546748, 0.595403, 0.668708, 0.664254, 0.737383, 0.739343, 0.713491, 0.656397, 0.668806, 0.667741, 0.652074, 0.685052, 0.670656, 0.671675, 0.644958, 0.647512, 0.594863, 0.594323, 0.590079, 0.579070, 0.585814, 0.572440, 0.604881, 0.588307, 0.576848, 0.571242, 0.584266, 0.586103, 0.596546, 0.594437, 0.591547, 0.582753, 0.580868, 0.585214, 0.576843, 0.584539, 0.585590, 0.596549, 0.590506, 0.581127, 0.583072, 0.582807, 0.577461
0.310793, 0.310793, 0.310793, 0.310793, 0.310793, 0.413828, 0.286061, 0.274442, 0.261066, 0.424877, 0.370688, 0.369887, 0.391617, 0.282657, 0.321669, 0.305513, 0.297400, 0.246625, 0.238734, 0.224782, 0.240224; 0.283997, 0.287214, 0.297479, 0.410416, 0.405562, 0.386784, 0.383055, 0.371449, 0.368243, 0.365531, 0.379813, 0.378479, 0.325358, 0.321075, 0.318326, 0.294811, 0.284756, 0.268924, 0.267858, 0.248119, 0.238665, 0.246155, 0.258162, 0.248222, 0.240405, 0.231492, 0.240369, 0.247625, 0.258437, 0.249878
0.552382, 0.877144, 0.877144, 0.877144, 1.086202, 1.041874, 1.010787, 1.097696, 1.085391; 5.699142, 5.771334, 5.561836, 5.454055, 5.498340, 5.533064, 5.234178, 5.204698, 5.235226, 5.076194, 5.101166, 5.126335, 5.127992, 5.136401, 5.145766, 5.160334, 5.118759, 5.129787, 5.145308, 5.162109, 5.081662, 5.097812, 5.119608, 4.470144, 4.484841, 4.493493, 4.513096, 4.502792, 4.520278, 4.526203, 4.542592, 4.527936, 4.514325, 4.525171, 4.537226, 4.549780, 4.503276, 4.516593, 4.529634, 4.495053, 4.504070, 4.498856
0.045052, 0.019027, 0.047262, 0.032461, 0.037850, 0.032574, 0.031337; 0.046375, 0.049790, 0.038864, 0.037947, 0.037117, 0.032503, 0.032193, 0.031990, 0.032584, 0.032323, 0.032145, 0.031736, 0.031462, 0.034989, 0.033752, 0.034331, 0.033682, 0.033315, 0.032962, 0.032612, 0.033501, 0.033199, 0.033524, 0.033988, 0.032103, 0.032554, 0.033005, 0.032705, 0.032766, 0.032099, 0.031578, 0.031322, 0.031776, 0.031591, 0.031283, 0.030821, 0.031196, 0.031006, 0.030987, 0.027765, 0.028020, 0.029388, 0.029204, 0.029036
0.299268, 0.961954; 0.455891, 0.174565, 0.254687, 0.246209, 0.227565, 0.267445, 0.326433, 0.376861, 0.566546, 0.517773, 0.477797, 0.455817, 0.494099, 0.507981, 0.519858, 0.488448, 0.485406, 0.510114, 0.493212, 0.468393, 0.446294, 0.451081, 0.472598, 0.470894, 0.464151, 0.492371, 0.557956, 0.542113, 0.554366, 0.539387, 0.554234, 0.517934, 0.550101, 0.540890, 0.541472, 0.529989, 0.543728, 0.529770, 0.544943, 0.546790, 0.559847, 0.569272, 0.558364, 0.548396, 0.608201, 0.611860, 0.615008, 0.615725, 0.621129
0.023011, 0.031332, 0.008547, 0.177934, 0.125498, 0.097406, 0.082152; 0.072274, 0.084792, 0.073552, 0.068632, 0.064802, 0.059322, 0.056434, 0.054252, 0.052453, 0.050592, 0.053878, 0.059173, 0.057557, 0.081697, 0.093477, 0.090305, 0.095193, 0.116259, 0.107719, 0.152897, 0.152797, 0.148111, 0.260933, 0.273489, 0.273865, 0.267499, 0.263597, 0.262250, 0.244049, 0.239363, 0.235402, 0.229728, 0.227102, 0.229950, 0.231571, 0.227226, 0.227051, 0.224429, 0.221938, 0.218912, 0.216927, 0.211535, 0.202621, 0.225556
0.000491, 0.059838; 0.050264, 0.069546, 0.077915, 0.102049, 0.095748, 0.097959, 0.087024, 0.084455, 0.082544, 0.080359, 0.079737, 0.074125, 0.077739, 0.011182, 0.011153, 0.014085, 0.016661, 0.009964, 0.012343, 0.003741, 0.000171, 0.007165, 0.012248, 0.010675, 0.007416, 0.008105, 0.006757, 0.005529, 0.006028, 0.002446, 0.001456, 0.001067, 0.002491, 0.002197, 0.001537, 0.005105, 0.003991, 0.003424, 0.006082, 0.004368, 0.004016, 0.003880, 0.003356, 0.002713, 0.007499, 0.007552, 0.007570, 0.007414, 0.006799
1.584856, 1.871493, 1.820708; 1.189284, 1.065735, 1.180710, 1.257180, 1.012649, 1.137326, 1.206443, 1.272190, 1.069729, 0.998415, 1.048548, 1.067238, 1.147885, 0.973563, 1.182675, 1.147899, 1.185176, 1.180111, 1.534100, 1.537612, 1.551847, 1.531416, 1.474654, 1.494275, 1.619500, 1.623461, 1.627909, 1.631359, 1.629085, 1.594183, 1.588099, 1.588659, 1.661977, 1.663117, 1.663917, 1.650467, 1.650377, 1.654404, 1.655205, 1.647269, 1.646612, 1.624976, 1.627259, 1.622212, 1.614927, 1.617358, 1.619077, 1.613009
0.052213, 0.310586; 0.024778, 0.083241, 0.085031, 0.108203, 0.026732, 0.119213, 0.129096, 0.133470, 0.112801, 0.111901, 0.119260, 0.127229, 0.130641, 0.097720, 0.094795, 0.102152, 0.103672, 0.114043, 0.112974, 0.106669, 0.110075, 0.108285, 0.006452, 0.005978, 0.010262, 0.009318, 0.013112, 0.014140, 0.017866, 0.018006, 0.016028, 0.016124, 0.015761, 0.018210, 0.020308, 0.020851, 0.021062, 0.023996, 0.024688, 0.028142, 0.025352, 0.025679, 0.009338, 0.009552, 0.009338, 0.010671, 0.010398, 0.011132, 0.011404
0.461209, 13.539426, 0.464009, 0.797129, 0.564496, 0.547470, 0.670782, 0.767668; 0.749705, 0.602527, 0.659102, 0.736564, 0.798268, 0.759155, 0.788353, 0.836915, 0.698186, 0.842019, 0.805614, 0.837256, 0.853191, 0.883678, 0.702019, 0.729265, 0.739225, 0.760485, 0.767607, 0.777732, 0.793290, 0.795624, 0.798943, 0.751194, 0.822236, 0.785379, 0.790370, 0.793392, 0.804204, 0.693491, 0.696846, 0.629691, 0.630865, 0.637757, 0.625347, 0.637236, 0.647045, 0.650706, 0.637840, 0.643286, 0.663079, 0.537765, 0.538548
0.369447, 0.137960, 0.137960; 0.045391, 0.045734, 0.044475, 0.040330, 0.041302, 0.042032, 0.035753, 0.036462, 0.034055, 0.031457, 0.030240, 0.026734, 0.026290, 0.026977, 0.026627, 0.010244, 0.010891, 0.034959, 0.034309, 0.034426, 0.034333, 0.047647, 0.052255, 0.052354, 0.051574, 0.051454, 0.051307, 0.050544, 0.134507, 0.135824, 0.135254, 0.134337, 0.133942, 0.135676, 0.135081, 0.137280, 0.136921, 0.136702, 0.149185, 0.151926, 0.151916, 0.152024, 0.151444, 0.150872, 0.154759, 0.154427, 0.154079, 0.156836
0.267756, 0.493895, 0.493895, 0.420836; 0.442666, 0.451356, 0.048278, 0.089616, 0.077604, 0.069692, 0.065617, 0.002949, 0.010402, 0.008909, 0.007272, 0.005543, 0.003442, 0.004353, 0.005324, 0.012633, 0.014265, 0.015872, 0.015960, 0.043495, 0.012368, 0.013598, 0.023359, 0.024069, 0.026802, 0.027182, 0.028046, 0.028666, 0.029597, 0.011973, 0.012903, 0.014170, 0.016921, 0.017808, 0.018794, 0.019772, 0.020633, 0.025257, 0.026102, 0.022611, 0.024828, 0.025747, 0.020933, 0.026429, 0.030718, 0.031780, 0.066019
0.094545, 0.065583, 0.049026; 0.129582, 0.083853, 0.081900, 0.068499, 0.062129, 0.038733, 0.284261, 0.288088, 0.297632, 0.306267, 0.296063, 0.234441, 0.238209, 0.553028, 0.476028, 0.454955, 0.454402, 0.395016, 0.351330, 0.351829, 0.346315, 0.343098, 0.329358, 0.328096, 0.276348, 0.255894, 0.320188, 0.317920, 0.307966, 0.307452, 0.307254, 0.305901, 0.304888, 0.292790, 0.291069, 0.290171, 0.289025, 0.289426, 0.297822, 0.272868, 0.271672, 0.270272, 0.268714, 0.266738, 0.251078, 0.251461, 0.251314, 0.251371
0.029827, 0.048075, 0.048075, 0.040072, 0.044204; 0.055296, 0.066118, 0.064035, 0.055251, 0.060457, 0.064799, 0.052846, 0.047910, 0.052304, 0.059606, 0.055329, 0.050107, 0.050445, 0.061245, 0.060262, 0.057587, 0.056882, 0.069493, 0.068762, 0.071639, 0.071341, 0.066263, 0.068043, 0.066251, 0.063326, 0.062512, 0.060469, 0.061726, 0.065883, 0.065089, 0.065449, 0.065313, 0.064080, 0.061213, 0.060248, 0.059631, 0.062126, 0.061549, 0.061680, 0.060520, 0.059286, 0.057881, 0.055772, 0.056767, 0.056201, 0.055321
0.134393, 0.630364, 0.673668; 0.029230, 0.003218, 0.000798, 0.000004, 0.005896, 0.005730, 0.000018, 0.000643, 0.003150, 0.003188, 0.000602, 0.000664, 0.000570, 0.000312, 0.001605, 0.001977, 0.000529, 0.000514, 0.000690, 0.001650, 0.001961, 0.003539, 0.006018, 0.006337, 0.004594, 0.002847, 0.001843, 0.001009, 0.001447, 0.001933, 0.002278, 0.002060, 0.002496, 0.003222, 0.003419, 0.005326, 0.006795, 0.007558, 0.008295, 0.008073, 0.006661, 0.005241, 0.007344, 0.008121, 0.009562, 0.010299, 0.000437, 0.000569
0.063379, 0.025506, 0.015302; 0.022646, 0.022739, 0.064542, 0.052015, 0.044456, 0.041143, 0.041888, 0.045650, 0.042046, 0.041366, 0.048792, 0.054672, 0.042451, 0.040590, 0.044601, 0.042750, 0.043058, 0.042022, 0.041561, 0.041164, 0.046441, 0.048986, 0.049447, 0.045255, 0.043924, 0.047109, 0.045338, 0.044147, 0.043170, 0.046063, 0.050933, 0.053441, 0.052606, 0.051561, 0.050257, 0.050942, 0.052904, 0.052394, 0.051593, 0.052555, 0.052660, 0.054227, 0.053603, 0.049393, 0.048349, 0.047773, 0.046783, 0.047493
0.455581, 3.425769; 0.784433, 0.365408, 0.338897, 0.533600, 0.686135, 0.647221, 0.710001, 0.782350, 0.687298, 0.646971, 0.689008, 0.645194, 0.673252, 0.743826, 0.739293, 0.615456, 0.526809, 0.531310, 0.502202, 0.505832, 0.493876, 0.501727, 0.469572, 0.496657, 0.444788, 0.454263, 0.439863, 0.464675, 0.016808, 0.016544, 0.003931, 0.004318, 0.004976, 0.005432, 0.006400, 0.006902, 0.007702, 0.007258, 0.007561, 0.007770, 0.008135, 0.008438, 0.009092, 0.009390, 0.009804, 0.010181, 0.011829, 0.011814, 0.012693
0.000210, 0.000210; 0.148904, 0.023604, 0.004734, 0.001687, 0.017864, 0.005902, 0.004406, 0.000736, 0.007749, 0.003849, 0.001087, 0.000257, 0.000054, 0.000085, 0.000000, 0.011015, 0.007936, 0.005153, 0.009067, 0.013658, 0.011957, 0.007974, 0.010734, 0.009097, 0.008009, 0.007038, 0.005706, 0.003210, 0.002889, 0.002353, 0.001348, 0.001105, 0.001150, 0.002470, 0.002221, 0.001368, 0.001026, 0.001870, 0.001686, 0.001265, 0.000242, 0.000611, 0.000467, 0.000197, 0.000672, 0.000538, 0.000296, 0.000080, 0.000671
0.111993, 0.051996, 0.125256, 0.097442; 0.120580, 0.252764, 0.211511, 0.228042, 0.206123, 0.200117, 0.183621, 0.171351, 0.168445, 0.166799, 0.157112, 0.201999, 0.200396, 0.204072, 0.195582, 0.186131, 0.211848, 0.203696, 0.196055, 0.196652, 0.187689, 0.185033, 0.181997, 0.326066, 0.331800, 0.330516, 0.319638, 0.319669, 0.318091, 0.313305, 0.312117, 0.304638, 0.300658, 0.298266, 0.297430, 0.290434, 0.287899, 0.283686, 0.280932, 0.283671, 0.280632, 0.277408, 0.274785, 0.273399, 0.269968, 0.270197, 0.315092
0.121828, 0.660709, 0.287324, 0.202250; 0.036606, 0.008017, 0.010382, 0.023098, 0.033227, 0.035772, 0.045406, 0.051892, 0.049734, 0.057979, 0.047350, 0.046282, 0.063440, 0.068853, 0.086757, 0.095342, 0.090183, 0.114348, 0.107841, 0.108056, 0.121875, 0.116940, 0.121852, 0.107003, 0.115177, 0.104613, 0.105139, 0.113404, 0.123313, 0.127577, 0.131696, 0.135069, 0.136124, 0.120583, 0.119408, 0.125703, 0.126853, 0.128007, 0.128794, 0.117863, 0.113776, 0.108940, 0.108664, 0.110041, 0.111389, 0.152917, 0.156575
0.045958, 0.106045, 0.160130, 0.160641, 0.126789, 0.120656; 0.088184, 0.085923, 0.088228, 0.084811, 0.084587, 0.089916, 0.089561, 0.089638, 0.089775, 0.087288, 0.088517, 0.087941, 0.077533, 0.077291, 0.077064, 0.076799, 0.076565, 0.076320, 0.076080, 0.075990, 0.075539, 0.075249, 0.074818, 0.071121, 0.071016, 0.070855, 0.070874, 0.071052, 0.070852, 0.070924, 0.070294, 0.070067, 0.069894, 0.069816, 0.070147, 0.069792, 0.069733, 0.069561, 0.069493, 0.069718, 0.069639, 0.069986, 0.068932, 0.069405, 0.069320
0.090059, 0.036901, 0.020578, 0.012930, 0.069554, 0.070707, 0.061669; 0.063389, 0.038418, 0.037615, 0.033855, 0.032857, 0.034214, 0.033975, 0.033527, 0.033954, 0.040683, 0.042216, 0.048222, 0.049316, 0.048133, 0.048281, 0.050920, 0.052854, 0.054168, 0.055300, 0.064127, 0.064759, 0.065825, 0.042925, 0.107484, 0.109781, 0.107768, 0.104601, 0.103205, 0.101426, 0.101547, 0.098717, 0.099064, 0.101557, 0.100117, 0.099704, 0.106211, 0.104999, 0.104282, 0.102919, 0.101419, 0.102985, 0.101709, 0.100786, 0.100516
0.035429, 0.168926, 0.173354, 0.082202, 0.075137; 0.056428, 0.071936, 0.059834, 0.063567, 0.081480, 0.050484, 0.043918, 0.036757, 0.037095, 0.037350, 0.034753, 0.034108, 0.027425, 0.030784, 0.033969, 0.030415, 0.030430, 0.029738, 0.027210, 0.026060, 0.026903, 0.025416, 0.025300, 0.025892, 0.027820, 0.030052, 0.030289, 0.029560, 0.031066, 0.031232, 0.031457, 0.029532, 0.029915, 0.030365, 0.029993, 0.029119, 0.029839, 0.028920, 0.028653, 0.029020, 0.028898, 0.029721, 0.030518, 0.029181, 0.029739, 0.030537
0.042578, 0.011905, 0.037586, 0.061089, 0.037461, 0.032429; 0.015104, 0.036249, 0.042136, 0.049240, 0.036251, 0.040855, 0.042127, 0.043063, 0.043883, 0.044634, 0.017370, 0.015766, 0.015812, 0.016045, 0.015987, 0.016185, 0.017526, 0.016940, 0.018153, 0.018389, 0.015895, 0.016148, 0.014845, 0.014627, 0.014653, 0.012400, 0.012537, 0.013331, 0.013450, 0.013214, 0.013035, 0.011503, 0.011632, 0.011333, 0.011442, 0.041667, 0.041690, 0.041694, 0.041712, 0.041732, 0.041751, 0.041770, 0.041788, 0.041808, 0.041626
0.016943, 0.016943, 0.061284; 0.036197, 0.029616, 0.026403, 0.024374, 0.001443, 0.016740, 0.015512, 0.015554, 0.004305, 0.006360, 0.006175, 0.007131, 0.006687, 0.006466, 0.006292, 0.006159, 0.006034, 0.006623, 0.006577, 0.006435, 0.006287, 0.006008, 0.006116, 0.005983, 0.005777, 0.005671, 0.005571, 0.005471, 0.005834, 0.005738, 0.005649, 0.005567, 0.005420, 0.005789, 0.005719, 0.005674, 0.005610, 0.005554, 0.005480, 0.005798, 0.005737, 0.005672, 0.005184, 0.005134, 0.005427, 0.005349, 0.005309, 0.005250
0.124364, 1.081641, 0.122684, 0.022008, 0.001360, 0.000830; 0.043820, 0.048145, 0.051874, 0.007841, 0.013079, 0.019574, 0.026738, 0.029783, 0.041154, 0.047063, 0.055828, 0.056496, 0.060367, 0.062062, 0.058796, 0.062369, 0.079080, 0.086264, 0.086167, 0.093775, 0.059065, 0.061341, 0.027694, 0.037981, 0.039032, 0.043032, 0.047418, 0.051358, 0.052247, 0.054185, 0.055878, 0.051237, 0.057733, 0.039395, 0.039364, 0.039938, 0.041463, 0.044172, 0.045687, 0.046885, 0.048459, 0.049946, 0.051175, 0.052279, 0.042270
0.001598, 0.000023; 0.078174, 0.008070, 0.008603, 0.000741, 0.041606, 0.014616, 0.026637, 0.024913, 0.008862, 0.005369, 0.003849, 0.003686, 0.002801, 0.003110, 0.003171, 0.003606, 0.005985, 0.009518, 0.008668, 0.012787, 0.013680, 0.072439, 0.072826, 0.071345, 0.070423, 0.069517, 0.069100, 0.068601, 0.068851, 0.066171, 0.066023, 0.065916, 0.065602, 0.066055, 0.065726, 0.063291, 0.063015, 0.061799, 0.050773, 0.049821, 0.051444, 0.049979, 0.047519, 0.044442, 0.035766, 0.035680, 0.033822, 0.033575, 0.032943
0.013289, 8.002404; 0.001239, 0.126663, 0.018976, 0.060181, 0.023560, 0.001242, 0.010759, 0.001912, 0.000296, 0.001876, 0.000010, 0.000017, 0.000391, 0.003291, 0.001334, 0.000695, 0.001092, 0.000003, 0.000075, 0.000125, 0.000313, 0.001840, 0.000000, 0.000026, 0.001527, 0.000088, 0.000023, 0.000081, 0.000001, 0.000230, 0.000371, 0.000137, 0.002080, 0.003190, 0.002380, 0.002021, 0.001439, 0.001697, 0.000138, 0.000513, 0.000616, 0.000000, 0.000010, 0.000257, 0.000261, 0.000483, 0.000036, 0.000236, 0.000010
0.012914, 0.056867, 0.007445; 0.015012, 0.018803, 0.021524, 0.009005, 0.007101, 0.008391, 0.006354, 0.007730, 0.007336, 0.004716, 0.003450, 0.000000, 0.000171, 0.000492, 0.035820, 0.099931, 0.090691, 0.084363, 0.077995, 0.073675, 0.064004, 0.059420, 0.055624, 0.052311, 0.048790, 0.096383, 0.101882, 0.100405, 0.099041, 0.086207, 0.082744, 0.076514, 0.082353, 0.078040, 0.079597, 0.072360, 0.070337, 0.068018, 0.017302, 0.015464, 0.015694, 0.013915, 0.013509, 0.013398, 0.012913, 0.012767, 0.015506, 0.017156
0.130990, 0.473394; 0.004418, 0.004282, 0.004142, 0.004067, 0.004486, 0.005026, 0.004803, 0.004735, 0.005587, 0.005772, 0.005599, 0.006315, 0.007251, 0.008153, 0.008075, 0.009680, 0.009444, 0.009456, 0.009188, 0.010590, 0.010372, 0.010096, 0.011339, 0.010928, 0.010654, 0.010406, 0.013891, 0.013709, 0.013922, 0.013748, 0.014969, 0.014666, 0.014502, 0.016360, 0.016401, 0.016212, 0.020905, 0.022594, 0.022269, 0.021983, 0.021811, 0.022568, 0.022399, 0.022147, 0.023693, 0.023423, 0.023510, 0.023252, 0.025182
0.013385, 0.140619, 0.663745, 0.384931; 0.215717, 0.176325, 0.113595, 0.092035, 0.088056, 0.072193, 0.026090, 0.024492, 0.022381, 0.019693, 0.019045, 0.017480, 0.016388, 0.040262, 0.036751, 0.026012, 0.037933, 0.036091, 0.033503, 0.025834, 0.022464, 0.023210, 0.021913, 0.019575, 0.017386, 0.015140, 0.028864, 0.026954, 0.025505, 0.027046, 0.025285, 0.019304, 0.017312, 0.016607, 0.017155, 0.015767, 0.017487, 0.017111, 0.017610, 0.018657, 0.018420, 0.020234, 0.018650, 0.018279, 0.016333, 0.016694, 0.016127
10.476620, 10.476620, 10.476620, 10.476620, 10.476620, 10.476620, 10.476620, 10.476620, 10.476620, 7.358497, 7.378990, 1.270173, 1.305421, 1.331551, 1.055799, 0.860392, 0.849331, 0.889170, 0.911992, 0.833985, 0.864610, 0.887740, 0.829636, 0.840101, 0.856237, 0.822889, 0.822261, 0.811450, 0.799293, 0.781099, 0.792827, 0.802180, 0.859008, 0.721331, 0.760888, 0.735037, 0.756668, 0.797561, 0.813244, 0.822612, 0.781498, 0.790806, 0.800827, 0.815461; 0.819886, 0.747096, 0.700047, 0.634838, 0.639976, 0.644628, 0.649125
0.313595, 0.118559, 0.071207; 0.050579, 0.048467, 0.050100, 0.059624, 0.072652, 0.075993, 0.090600, 0.082152, 0.193088, 0.192577, 0.194360, 0.187616, 0.180302, 0.193377, 0.161908, 0.170714, 0.185143, 0.184593, 0.181033, 0.203643, 0.203168, 0.202373, 0.200388, 0.200051, 0.187765, 0.202420, 0.209158, 0.208655, 0.204325, 0.202687, 0.202274, 0.190597, 0.188192, 0.187903, 0.187502, 0.183946, 0.282105, 0.269795, 0.268225, 0.267842, 0.255569, 0.254866, 0.244724, 0.253063, 0.247372, 0.264952, 0.271651, 0.263642
0.033841, 0.479916, 0.479916, 0.231590, 0.157715, 2.579037; 0.375399, 0.193596, 0.191187, 0.244812, 0.242556, 0.240541, 0.239078, 0.237885, 0.243066, 0.241527, 0.240075, 0.246386, 0.244362, 0.242892, 0.242152, 0.240668, 0.239471, 0.236579, 0.235416, 0.234471, 0.232532, 0.231650, 0.277399, 0.280582, 0.277400, 0.276380, 0.326550, 0.325230, 0.324141, 0.322842, 0.321839, 0.321469, 0.320509, 0.312461, 0.311206, 0.314040, 0.312807, 0.312090, 0.309518, 0.306252, 0.305656, 0.304982, 0.304203, 0.303091, 0.294419
0.056619, 0.014394, 0.126436, 0.206553, 0.092361, 0.042325, 0.040652; 0.052288, 0.046464, 0.083087, 0.064210, 0.059928, 0.054305, 0.047373, 0.091518, 0.140450, 0.146402, 0.144994, 0.289974, 0.336073, 0.366130, 1.091033, 1.100954, 1.087981, 1.089949, 1.091404, 1.096880, 1.094746, 1.036794, 1.039317, 1.039849, 1.080715, 1.077893, 1.078715, 1.084964, 1.085099, 1.033685, 1.034278, 1.036195, 1.035701, 1.036605, 1.031049, 1.056365, 1.056032, 1.013036, 1.014914, 1.016903, 1.018153, 1.020064, 1.020469, 1.024406
0.356675, 0.051293; 0.239900, 0.218122, 0.268713, 0.292548, 0.315282, 0.321009, 0.422757, 0.425776, 0.421940, 0.420685, 0.423522, 0.423005, 0.422645, 0.506231, 0.502250, 0.496538, 0.492606, 0.494303, 0.495141, 0.566931, 0.508952, 0.507007, 0.514947, 0.512307, 0.507797, 0.506735, 0.506933, 0.526500, 0.523672, 0.520351, 0.514056, 0.512797, 0.498957, 0.497476, 0.495227, 0.495357, 0.492692, 0.491572, 0.493740, 0.492385, 0.491050, 0.509105, 0.503255, 0.501659, 0.505177, 0.499163, 0.482440, 0.480134, 0.477114
0.008477, 0.340049; 0.103010, 0.086117, 0.112866, 0.154622, 0.015249, 0.018426, 0.021294, 0.010684, 0.000455, 0.000490, 0.000549, 0.001509, 0.000380, 0.000344, 0.000261, 0.000150, 0.000136, 0.000122, 0.000087, 0.000076, 0.000080, 0.000053, 0.000047, 0.000055, 0.000049, 0.000043, 0.000048, 0.000067, 0.000049, 0.000023, 0.000015, 0.000014, 0.000017, 0.401406, 0.413243, 0.422226, 0.430156, 0.400905, 0.409539, 0.417582, 0.426901, 0.403301, 0.410055, 0.417058, 0.392012, 0.399007, 0.405904, 0.411595, 0.388658
0.101943, 0.535851, 0.640382; 0.292730, 0.153833, 0.194321, 0.183690, 0.194263, 0.217438, 0.200549, 0.180063, 0.136449, 0.118854, 0.124441, 0.117633, 0.118712, 0.116659, 0.139691, 0.127430, 0.115429, 0.123453, 0.114500, 0.127920, 0.121178, 0.109152, 0.104126, 0.094357, 0.084521, 0.089345, 0.085121, 0.084035, 0.081608, 0.079677, 0.076951, 0.077160, 0.073823, 0.081005, 0.075764, 0.073449, 0.071219, 0.068932, 0.063964, 0.072168, 0.069019, 0.069743, 0.067970, 0.066658, 0.066835, 0.070469, 0.068163, 0.067036
0.032499, 0.061625, 0.767529, 0.514330, 0.454186, 0.392105; 0.229863, 0.220984, 0.215974, 0.204823, 0.200785, 0.270083, 0.258150, 0.246060, 0.237845, 0.229020, 0.220324, 0.197217, 0.190456, 0.184335, 0.183463, 0.179272, 0.177896, 0.173365, 0.172366, 0.166205, 0.163097, 0.160754, 0.150565, 0.146143, 0.143606, 0.140339, 0.138877, 0.136928, 0.136717, 0.143356, 0.140780, 0.137508, 0.134297, 0.156598, 0.157016, 0.154576, 0.160983, 0.158674, 0.156947, 0.154551, 0.210893, 0.208085, 0.204209, 0.202180, 0.211655
0.203197, 0.787515, 0.787515; 0.787515, 0.590394, 0.116408, 0.146938, 0.180484, 0.222321, 0.238315, 0.253553, 0.267010, 0.267015, 0.280602, 0.281581, 0.304843, 0.319125, 0.337347, 0.347415, 0.357268, 0.356711, 0.375121, 0.382490, 0.416028, 0.355828, 0.360426, 0.358939, 0.358237, 0.364671, 0.362557, 0.373946, 0.372750, 0.377584, 0.389098, 0.385753, 0.383393, 0.381196, 0.379955, 0.383601, 0.382485, 0.384329, 0.382989, 0.380163, 0.377619, 0.380300, 0.379190, 0.376957, 0.377879, 0.381158, 0.388749, 0.389818
1.203973, 1.897120; 0.745864, 0.555544, 0.739486, 0.880491, 0.744193, 0.868142, 0.725481, 0.655288, 0.692410, 0.852492, 0.820815, 0.835276, 0.858210, 0.798699, 0.730649, 0.701354, 0.700066, 0.652786, 0.619269, 0.628398, 0.584586, 0.602637, 0.610839, 0.626495, 0.630885, 0.613336, 0.651417, 0.671842, 0.577961, 0.650097, 0.666729, 0.614729, 0.623158, 0.606793, 0.581476, 0.581019, 0.619766, 0.629788, 0.648162, 0.631250, 0.633729, 0.635514, 0.602797, 0.586965, 0.581393, 0.583367, 0.576401, 0.575286, 0.576130
1.003110, 0.247638, 0.472751, 0.469380, 0.421755, 0.435134, 0.445559, 0.456811; 0.454967, 0.463804, 0.472512, 0.476440, 0.479490, 0.499977, 0.502581, 0.503897, 0.505099, 0.505964, 0.506816, 0.508115, 0.662200, 0.662255, 0.663286, 0.668605, 0.665121, 0.665510, 0.664321, 0.661880, 0.661617, 0.661295, 0.642305, 0.642692, 0.643025, 0.643627, 0.643561, 0.632374, 0.632375, 0.624153, 0.624352, 0.624320, 0.624210, 0.617432, 0.609496, 0.600781, 0.593838, 0.594548, 0.595093, 0.588231, 0.588597, 0.589340, 0.590923
0.010414, 0.023665; 0.005755, 0.013015, 0.056455, 0.026149, 0.044350, 0.032167, 0.025005, 0.036952, 0.067193, 0.027086, 0.020073, 0.017327, 0.009945, 0.008422, 0.007709, 0.008090, 0.006622, 0.005408, 0.004213, 0.003624, 0.000314, 0.000301, 0.000347, 0.000004, 0.000220, 0.000668, 0.000145, 0.000172, 0.003775, 0.003892, 0.000292, 0.000286, 0.000121, 0.000026, 0.000000, 0.000000, 0.000009, 0.000030, 0.000014, 0.000013, 0.000014, 0.000000, 0.000003, 0.000100, 0.000046, 0.000001, 0.000008, 0.000007, 0.000019
0.081020, 1.821607; 0.002616, 0.122383, 0.328124, 0.274833, 0.385244, 0.304295, 0.243907, 0.426490, 0.349310, 0.297726, 0.258949, 0.230094, 0.227862, 0.202648, 0.194419, 0.240741, 0.225735, 0.240140, 0.232554, 0.219820, 0.215577, 0.205075, 0.221870, 0.215711, 0.210707, 0.202294, 0.190919, 0.186991, 0.187438, 0.187858, 0.182843, 0.172618, 0.165569, 0.175525, 0.173549, 0.171581, 0.172176, 0.178622, 0.173755, 0.172772, 0.173177, 0.170934, 0.167694, 0.163651, 0.161497, 0.161067, 0.158532, 0.129189, 0.126513
0.079989, 0.004938, 0.004938; 0.277592, 0.232689, 0.307618, 0.252432, 0.221225, 0.196394, 0.386700, 0.346701, 0.401116, 0.430389, 0.389429, 0.351809, 0.320765, 0.297422, 0.274126, 0.258328, 0.233704, 0.230491, 0.220187, 0.208621, 0.201231, 0.196162, 0.190031, 0.181993, 0.176201, 0.172287, 0.168127, 0.119280, 0.116089, 0.114706, 0.114128, 0.107847, 0.105408, 0.103311, 0.101506, 0.100913, 0.100065, 0.099588, 0.097833, 0.097656, 0.096113, 0.095871, 0.094489, 0.109543, 0.107827, 0.106538, 0.104993, 0.102387
0.005189, 0.000515; 0.006631, 0.008270, 0.593121, 0.574593, 0.468781, 0.453309, 0.360225, 0.357439, 0.299866, 0.266263, 0.261614, 0.235760, 0.228351, 0.231421, 0.230441, 0.193342, 0.175300, 0.166433, 0.178012, 0.168843, 0.167527, 0.166068, 0.146621, 0.146516, 0.139899, 0.142957, 0.123314, 0.136848, 0.136997, 0.137640, 0.126161, 0.123911, 0.123934, 0.115824, 0.125881, 0.125828, 0.121811, 0.098941, 0.102963, 0.107329, 0.147534, 0.154338, 0.152634, 0.152203, 0.159182, 0.175302, 0.172212, 0.160716, 0.154137
0.494922, 0.655893, 0.810270, 0.790110, 0.712464; 0.587209, 0.581948, 0.621346, 0.597598, 0.576353, 0.571425, 0.587639, 0.603010, 0.594784, 0.571842, 0.590194, 0.588442, 0.576194, 0.557630, 0.556531, 0.548510, 0.557869, 0.556763, 0.561310, 0.542976, 0.557047, 0.555297, 0.548033, 0.544408, 0.550983, 0.559575, 0.569575, 0.566153, 0.559928, 0.557756, 0.552746, 0.556612, 0.556957, 0.555566, 0.555837, 0.562866, 0.558039, 0.555399, 0.561174, 0.567143, 0.576880, 0.582402, 0.580619, 0.578148, 0.576045, 0.579077
0.001515, 0.000102, 0.003188, 0.000976; 0.000041, 0.000050, 0.000057, 0.000063, 0.000036, 0.000016, 0.000075, 0.000110, 0.000108, 0.000068, 0.000069, 0.000071, 0.000072, 0.000073, 0.000074, 0.000023, 0.000043, 0.000065, 0.000002, 0.000003, 0.000000, 0.000162, 0.719526, 0.696931, 0.677172, 0.659306, 0.643136, 0.626083, 0.610994, 0.619585, 0.604004, 0.589975, 0.577098, 0.559558, 0.537859, 0.527256, 0.515920, 0.552295, 0.534086, 0.524419, 0.515361, 0.506127, 0.490149, 0.480658, 0.509811, 0.475127, 0.467058
0.144029, 0.040354, 0.276436, 0.253058; 0.256317, 0.230538, 0.226973, 0.234615, 0.242939, 0.232517, 0.214260, 0.209780, 0.217372, 0.202831, 0.193643, 0.179434, 0.175436, 0.171343, 0.164652, 0.155291, 0.113166, 0.109552, 0.111697, 0.105716, 0.100504, 0.096698, 0.097189, 0.101648, 0.099579, 0.100030, 0.090532, 0.089823, 0.092013, 0.096205, 0.107082, 0.103893, 0.101191, 0.102509, 0.103558, 0.101938, 0.101057, 0.105581, 0.104989, 0.107749, 0.114202, 0.106079, 0.102316, 0.103878, 0.102444, 0.102256, 0.098941
3.711988, 0.112480, 0.202272, 0.274888, 0.322223, 0.396557, 0.425040, 0.425040, 0.445114, 0.470727, 0.470727; 0.268676, 0.228508, 0.226419, 0.207652, 0.208664, 0.209170, 0.210894, 0.214226, 0.216515, 0.216775, 0.203817, 0.190772, 0.192267, 0.161323, 0.047265, 0.047541, 0.048213, 0.048531, 0.048923, 0.049089, 0.049436, 0.049816, 0.008380, 0.005718, 0.005660, 0.005055, 0.005226, 0.005510, 0.005668, 0.005130, 0.003947, 0.004268, 0.004498, 0.004395, 0.010261, 0.009756, 0.009325, 0.009225, 0.008827, 0.008448
0.290272, 0.727344, 0.197561, 0.269782; 0.306428, 0.299608, 0.211557, 0.222790, 0.195374, 0.196875, 0.201723, 0.187328, 0.180909, 0.183411, 0.180219, 0.208293, 0.204011, 0.195262, 0.204915, 0.200289, 0.199747, 0.214394, 0.231773, 0.223877, 0.218260, 0.215505, 0.212624, 0.208363, 0.206508, 0.221472, 0.217829, 0.216780, 0.188217, 0.189549, 0.197627, 0.210628, 0.210138, 0.212570, 0.204812, 0.205092, 0.206279, 0.214638, 0.210413, 0.208930, 0.212061, 0.205541, 0.194641, 0.193435, 0.198620, 0.198217, 0.208415
0.112878, 0.203625; 0.007341, 0.011203, 0.081001, 0.053047, 0.063372, 0.051212, 0.079633, 0.110860, 0.089698, 0.127980, 0.149112, 0.146557, 0.147740, 0.134630, 0.137795, 0.057209, 0.053326, 0.052238, 0.050264, 0.050215, 0.046831, 0.044262, 0.042432, 0.041780, 0.038609, 0.037836, 0.035815, 0.033443, 0.030349, 0.029339, 0.028309, 0.026003, 0.026672, 0.025193, 0.025004, 0.022552, 0.021964, 0.019806, 0.020080, 0.017857, 0.016379, 0.015080, 0.014482, 0.045006, 0.037090, 0.037228, 0.035642, 0.034889, 0.033712
0.033315, 0.000116; 0.006579, 0.000631, 0.015833, 0.013691, 0.103354, 0.097828, 0.095603, 0.103558, 0.117597, 0.147802, 0.139966, 0.155869, 0.191648, 0.182891, 0.176238, 0.187345, 0.206046, 0.191321, 0.182711, 0.200565, 0.273990, 0.295363, 0.293632, 0.289218, 0.263808, 0.290853, 0.297621, 0.288795, 0.282607, 0.276586, 0.282199, 0.264670, 0.252491, 0.258447, 0.251681, 0.244491, 0.274348, 0.266740, 0.252390, 0.261295, 0.250777, 0.250483, 0.243874, 0.240686, 0.253025, 0.222876, 0.216771, 0.181509, 0.182467
0.014136, 0.000734, 0.000734, 0.678590, 0.386445, 0.182113; 0.016181, 0.015876, 0.015688, 0.015733, 0.015725, 0.015757, 0.015650, 0.012378, 0.012622, 0.012811, 0.012985, 0.010590, 0.010869, 0.011114, 0.011272, 0.011422, 0.011568, 0.010902, 0.011023, 0.011162, 0.011245, 0.011091, 0.009955, 0.010013, 0.009935, 0.010020, 0.010135, 0.010220, 0.010297, 0.010432, 0.010245, 0.010308, 0.010392, 0.009493, 0.009557, 0.009620, 0.009685, 0.009816, 0.009857, 0.009886, 0.009965, 0.010040, 0.010110, 0.010158, 0.009448
0.575572, 1.065021, 0.430773, 0.483208; 0.944133, 0.875950, 0.885197, 0.892310, 0.856109, 0.879218, 0.948572, 0.929748, 0.917159, 0.834110, 0.761523, 0.775969, 0.776513, 0.753830, 0.731080, 0.734060, 0.732813, 0.733835, 0.687109, 0.694065, 0.684203, 0.731677, 0.718170, 0.725017, 0.726061, 0.730604, 0.728372, 0.731006, 0.740532, 0.738008, 0.740231, 0.742399, 0.742646, 0.736491, 0.762916, 0.806404, 0.806172, 0.803163, 0.804816, 0.814053, 0.806224, 0.801452, 0.803242, 0.803169, 0.803949, 0.795460, 0.767520
0.011588, 0.078883, 0.078883; 0.024966, 0.026405, 0.027131, 0.049553, 0.048547, 0.051373, 0.048033, 0.045249, 0.046029, 0.031438, 0.032190, 0.021256, 0.016281, 0.014552, 0.015301, 0.013796, 0.018982, 0.012533, 0.013710, 0.012311, 0.011695, 0.010895, 0.005205, 0.004840, 0.004340, 0.004006, 0.004011, 0.004005, 0.002169, 0.000140, 0.000167, 0.000141, 0.000127, 0.000011, 0.000001, 0.000003, 0.000008, 0.000123, 0.000132, 0.000646, 0.000586, 0.000400, 0.000496, 0.000449, 0.000922, 0.001031, 0.000204, 0.000134
0.015708, 0.166654, 0.248875; 0.078543, 0.078722, 0.087028, 0.001147, 0.001829, 0.002003, 0.011731, 0.007455, 0.004350, 0.002691, 0.000671, 0.005403, 0.002067, 0.001180, 0.001691, 0.000959, 0.001035, 0.009078, 0.016725, 0.014346, 0.009458, 0.008460, 0.044047, 0.041786, 0.036698, 0.035802, 0.034747, 0.033377, 0.044047, 0.042056, 0.040815, 0.039100, 0.037957, 0.033961, 0.031986, 0.029997, 0.028725, 0.027704, 0.028471, 0.024423, 0.023276, 0.021905, 0.020843, 0.029189, 0.024375, 0.023344, 0.022056, 0.020983
0.319657, 0.175811, 0.289321, 0.338045, 0.355068, 0.299825, 0.303686, 0.287152, 0.264795, 0.259889; 0.257247, 0.277821, 0.276775, 0.235967, 0.235209, 0.235441, 0.235914, 0.202244, 0.207383, 0.219076, 0.215962, 0.210728, 0.205424, 0.203045, 0.183479, 0.188510, 0.182770, 0.206553, 0.209695, 0.212410, 0.213988, 0.212505, 0.215013, 0.214905, 0.218823, 0.218659, 0.224736, 0.226262, 0.222497, 0.224631, 0.226837, 0.225338, 0.231246, 0.231123, 0.231180, 0.232388, 0.240700, 0.237735, 0.235583, 0.238926, 0.234167
0.002013, 0.011889; 0.002293, 0.000075, 0.044010, 0.017221, 0.132414, 0.122040, 0.141519, 0.084107, 0.060675, 0.037097, 0.016470, 0.016781, 0.017820, 0.037970, 0.036715, 0.068082, 0.059153, 0.026074, 0.028350, 0.025373, 0.026191, 0.024333, 0.019242, 0.013115, 0.014135, 0.015110, 0.017041, 0.015570, 0.016298, 0.123461, 0.119339, 0.120517, 0.121619, 0.115878, 0.111356, 0.111696, 0.112707, 0.108399, 0.110522, 0.108931, 0.108602, 0.106126, 0.105500, 0.107442, 0.105727, 0.103425, 0.100687, 0.100946, 0.099128
0.110193, 0.240345, 0.230282, 0.232526, 0.239435, 0.239895, 0.502072, 0.503178, 0.499398, 0.497178, 0.443688, 0.436242; 0.448155, 0.439294, 0.447994, 0.446253, 0.449740, 0.439593, 0.436632, 0.436103, 0.435637, 0.439636, 0.437893, 0.430980, 0.428851, 0.426533, 0.426722, 0.415559, 0.392604, 0.394696, 0.392076, 0.391783, 0.390588, 0.393248, 0.364441, 0.359556, 0.358657, 0.360568, 0.362991, 0.362692, 0.362632, 0.361691, 0.364133, 0.364822, 0.362574, 0.346601, 0.348822, 0.350124, 0.374956, 0.374615, 0.365680
0.936426, 0.847169, 0.746283, 0.877156, 0.912669; 0.885872, 0.887365, 0.703475, 0.776076, 0.597395, 0.635250, 0.699944, 0.657321, 0.675875, 0.680596, 0.682778, 0.727321, 0.736728, 0.750308, 0.757612, 0.770794, 0.788223, 0.785556, 0.753360, 0.759636, 0.729264, 0.734192, 0.742513, 0.684515, 0.690894, 0.697464, 0.703813, 0.703035, 0.719112, 0.720362, 0.722952, 0.725724, 0.724804, 0.727041, 0.736040, 0.732198, 0.738157, 0.751666, 0.755604, 0.759513, 0.758104, 0.762406, 0.768561, 0.794961, 0.796845, 0.795742
0.000000, 0.000000, 0.000000, 0.000000, 0.000000, 0.000000, 0.000000, 0.000000, 0.000000, 0.000000, 0.000000, 0.000000, 0.000000, -0.000000, 0.000000, 0.000000, 0.000000, -0.000000; -0.000000, 0.000000, 0.000000, 0.000000, 0.000000, 0.000000, -0.000000, -0.000000, -0.000000, -0.000000, -0.000000, -0.000000, 0.000000, -0.000000, 0.000000, -0.000000, -0.000000, -0.000000, 0.000000, -0.000000, 0.000000, -0.000000, 0.000000, -0.000000, -0.000000, 0.000000, -0.000000, -0.000000, -0.000000, -0.000000, 0.000000, -0.000000, -0.000000
0.168220, 0.031642, 0.048991, 0.381751, 0.299060; 0.388811, 0.353997, 0.201017, 0.183670, 0.191460, 0.183324, 0.207319, 0.194202, 0.125637, 0.112670, 0.113053, 0.132930, 0.122815, 0.115672, 0.115456, 0.125203, 0.127424, 0.137067, 0.313179, 0.304483, 0.313248, 0.295512, 0.265130, 0.258171, 0.268822, 0.263056, 0.280069, 0.274179, 0.265579, 0.260861, 0.254526, 0.265273, 0.260923, 0.265421, 0.259149, 0.249528, 0.244495, 0.252738, 0.248337, 0.260896, 0.254951, 0.251669, 0.244986, 0.239725, 0.245860, 0.249468
0.527063, 0.118034, 0.115815; 0.131780, 0.105823, 0.109272, 0.108314, 0.094759, 0.092072, 0.099329, 0.096578, 0.097708, 0.095028, 0.095997, 0.091559, 0.092800, 0.092245, 0.092849, 0.094938, 0.096190, 0.096926, 0.097034, 0.097099, 0.097776, 0.097670, 0.098426, 0.098372, 0.098710, 0.096260, 0.093850, 0.093987, 0.092238, 0.092739, 0.093117, 0.092836, 0.093386, 0.093114, 0.093315, 0.093132, 0.090861, 0.089519, 0.090447, 0.090591, 0.091301, 0.091698, 0.091744, 0.092150, 0.093975, 0.093730, 0.093225, 0.093164
0.162806, 0.134894, 0.134894, 0.146666; 0.127581, 0.133428, 0.136960, 0.195774, 0.198268, 0.190659, 0.191248, 0.184876, 0.180197, 0.180712, 0.181436, 0.178158, 0.175864, 0.174095, 0.174518, 0.176333, 0.174287, 0.173480, 0.170853, 0.170614, 0.171069, 0.171634, 0.169192, 0.173765, 0.173053, 0.172555, 0.169509, 0.169017, 0.169313, 0.168360, 0.169647, 0.169184, 0.167427, 0.167751, 0.168986, 0.167072, 0.166746, 0.166998, 0.167704, 0.166732, 0.165672, 0.165074, 0.163779, 0.163282, 0.163577, 0.161639, 0.161618
0.076136, 1.528546, 0.123591, 0.112004, 0.086809, 0.121319, 0.127156; 0.121181, 0.119654, 0.113941, 0.149622, 0.144562, 0.141360, 0.137338, 0.128838, 0.221294, 0.212240, 0.226277, 0.237944, 0.225402, 0.221701, 0.220530, 0.215991, 0.217654, 0.207387, 0.198609, 0.187382, 0.181761, 0.174076, 0.168090, 0.165697, 0.171386, 0.164720, 0.161663, 0.160648, 0.156872, 0.165465, 0.162111, 0.158771, 0.152675, 0.148998, 0.143228, 0.215420, 0.215169, 0.214089, 0.209917, 0.209695, 0.221737, 0.226780, 0.222876, 0.220199
