1.010101, 1.173654, 1.020486; 1.082049, 1.031036, 1.120517, 1.115417, 1.092225, 1.079777, 1.058924, 1.104180, 1.088470, 1.073374, 1.067212, 1.052829, 1.044958, 1.193471, 1.231136, 1.216278, 1.208189, 1.231174, 1.205757, 1.236283, 1.281840, 1.262314, 1.252089, 1.241001, 1.236584, 1.275921, 1.281363, 1.297596, 1.291850, 1.277330, 1.267033, 1.254196, 1.249131, 1.243704, 1.272668, 1.264831, 1.254695, 1.247804, 1.246447, 1.238789, 1.254393, 1.245154, 1.241495, 1.236147, 1.243429, 1.282049, 1.275317
0.813008; 1.108680, 1.115730, 1.139596, 1.173818, 1.129423, 1.076768, 1.257602, 1.228478, 1.693543, 1.674366, 1.620728, 1.549152, 1.529217, 1.508192, 1.484909, 1.464965, 1.506441, 1.480724, 1.555268, 1.516875, 1.495508, 1.497020, 1.591902, 1.646892, 1.631729, 1.588245, 1.623526, 1.616671, 1.601143, 1.585968, 1.582322, 1.579958, 1.571180, 1.537861, 1.525285, 1.519744, 1.510177, 1.500085, 1.481035, 1.468736, 1.461197, 1.445511, 1.439850, 1.439437, 1.420792, 1.417222, 1.545306, 1.574648, 1.565871
0.800000, 1.400000, 1.614682, 2.339669, 2.014555, 2.265134, 2.095538, 2.028083, 1.926519, 1.868063, 1.785438, 1.745185, 1.699982, 1.421082, 1.453407, 1.393788, 1.531853, 1.516531, 1.415993, 1.398579, 1.394149, 1.411250, 1.725518; 1.674095, 1.662775, 1.749144, 1.654098, 1.650128, 1.650059, 1.642878, 1.637426, 1.574587, 1.572454, 2.267090, 1.895554, 1.887736, 1.812494, 1.782643, 1.780137, 2.416676, 2.411518, 2.464261, 2.364517, 2.357199, 2.302790, 2.487487, 2.512462, 2.368309, 2.367231, 2.396861
4.000000; 5.179487, 3.297485, 3.294241, 3.009317, 2.496553, 2.308850, 2.220901, 5.228566, 4.248211, 4.138481, 4.030735, 3.469702, 3.436546, 12.393350, 11.567718, 11.339834, 10.964242, 10.899818, 10.329276, 10.130168, 9.651314, 9.170219, 8.991700, 8.612177, 8.276118, 8.099943, 7.978916, 7.684950, 7.480182, 7.233175, 7.187417, 6.973777, 6.739988, 6.647278, 6.508612, 7.093339, 6.931979, 6.806660, 6.695221, 6.545480, 6.406344, 6.299753, 6.310154, 6.190575, 6.149607, 6.071436, 6.018491, 5.967117, 5.872256
4.000000, 1.212956, 1.932243, 1.329692, 1.398396, 1.563165, 1.393131, 1.437230, 1.285545, 1.351428; 2.275217, 2.455229, 2.297634, 2.349358, 2.234820, 2.252023, 2.124155, 2.135467, 2.148951, 2.048319, 2.053775, 1.969052, 5.058641, 5.020199, 4.878568, 4.817283, 4.675316, 4.623292, 4.564483, 4.421948, 4.369982, 4.266962, 4.213384, 3.616516, 3.581313, 3.507885, 3.489157, 3.597011, 3.580585, 3.521758, 3.491310, 3.490845, 3.420088, 3.395776, 3.337673, 3.313151, 3.288963, 3.246289, 3.248057, 3.218651
0.909091; 0.937020, 1.423059, 1.404479, 1.301865, 1.264339, 1.272079, 1.373221, 1.382952, 1.344059, 1.307043, 1.413256, 1.464214, 1.434779, 1.447415, 1.412492, 1.400513, 1.471144, 1.443975, 1.416734, 1.396254, 1.424619, 1.429204, 1.407692, 1.389966, 1.378623, 1.359063, 1.354826, 1.351456, 1.340341, 1.362840, 1.369471, 1.357406, 1.347907, 1.330977, 1.335233, 1.354238, 1.369602, 1.397785, 1.384083, 1.410360, 1.505639, 1.538871, 1.551073, 1.562915, 1.543217, 1.529441, 1.540863, 1.524454, 1.518777
2.000000, 1.434783, 1.286555, 1.168168, 1.134534, 201.091076, 167.716906, 143.879830, 126.005191, 112.104233, 100.973023, 1.832496, 1.817949, 1.812145, 1.800449, 1.800141, 1.800844; 1.471276, 1.465167, 1.459919, 1.460115, 1.459562, 1.453570, 1.453763, 1.448091, 1.446895, 1.485364, 1.480682, 1.479315, 1.504401, 1.532087, 1.493899, 1.955740, 1.954815, 1.953388, 1.725677, 1.722968, 1.720888, 1.718733, 1.718205, 1.717384, 1.558740, 1.551999, 1.551081, 1.545745, 1.542704, 1.539397, 1.538731, 1.537367, 1.532723
0.869565, 0.929832, 1.286555, 1.173249, 1.140620, 1.744167, 2.923572, 2.681888, 2.466205, 2.337231; 1.943677, 1.875458, 1.819563, 1.773782, 1.733126, 1.682121, 1.645896, 1.676965, 1.648592, 1.662962, 1.646784, 1.670512, 1.691661, 1.657798, 1.634852, 1.654018, 1.668619, 1.610687, 1.695390, 1.673862, 1.652887, 1.633898, 1.585575, 1.563299, 1.547129, 1.531463, 1.517337, 1.504662, 1.492210, 1.476927, 1.466173, 51.431911, 51.496778, 51.481950, 51.795512, 51.786235, 51.777028, 51.764059, 51.755087, 51.726013
0.990099; 50.900901, 34.167350, 25.796338, 20.927193, 17.536518, 15.130328, 13.612364, 12.212420, 11.124541, 10.240874, 9.497164, 8.862545, 8.326728, 8.499958, 8.061132, 7.747138, 7.320063, 7.686345, 7.548311, 7.152731, 6.930605, 6.729850, 6.408570, 6.242943, 6.257074, 5.997358, 5.843930, 5.697026, 5.652051, 5.524353, 5.401137, 5.264374, 5.158280, 5.784551, 5.688417, 5.483618, 5.393400, 5.334685, 5.170282, 5.096425, 5.029956, 4.882417, 4.794821, 7.937107, 7.831800, 7.670606, 7.765868, 7.685964, 7.550068
0.909091, 1.127153, 1.011269, 0.975226, 0.974035, 0.951441; 0.951623, 0.963832, 1.061168, 1.083302, 1.057616, 1.052530, 1.047980, 1.056146, 1.048357, 1.046445, 1.032212, 1.031789, 1.054463, 1.050012, 1.044323, 1.035988, 1.033800, 1.149237, 1.136692, 1.139351, 1.181407, 1.168643, 1.203438, 1.183848, 1.181051, 1.186843, 1.179408, 1.173527, 1.171890, 1.210186, 1.214330, 1.228899, 1.221526, 1.209047, 1.214315, 1.206750, 1.200880, 1.196870, 1.191470, 1.194585, 1.191866, 1.191501, 1.186648, 1.182689
0.980392, 0.941957, 2.304703, 2.109634, 2.159180, 1.895499, 1.865036, 1.776712, 1.718120, 1.641164, 1.389247, 1.374190, 1.364887, 1.261017, 1.777092, 1.770202, 1.500353, 13.790510, 13.734436, 13.752013, 12.392400, 12.399059; 12.404715, 11.314044, 11.305139, 10.409729, 10.414747, 9.683877, 9.694879, 9.083098, 9.071046, 8.639296, 8.644697, 8.623072, 8.156129, 8.146186, 8.195873, 7.781892, 7.771953, 7.729087, 7.642592, 7.617557, 7.249742, 6.963913, 6.943896, 6.874733, 6.626790, 6.606621, 6.566854, 6.364543
0.990099, 1.500000, 3.944020, 3.905259, 1.715565, 1.434197, 1.427615, 1.458463, 1.406505, 1.479085, 1.254855, 1.280311, 1.194485, 1.249394, 1.205065, 1.186115, 1.185984, 1.181320, 1.096009, 1.175853; 1.139640, 1.151072, 1.164872, 1.123292, 1.131177, 1.134522, 1.140447, 1.143148, 1.109528, 1.152172, 1.150830, 1.150164, 1.140022, 1.159256, 1.165352, 1.159536, 1.164508, 1.152989, 1.163920, 1.155916, 1.180713, 1.183389, 1.184669, 1.153257, 1.263589, 1.260629, 1.255258, 1.238314, 1.250555, 1.249011
2.000000; 1.240286, 1.367884, 1.311519, 1.291835, 1.200323, 1.213691, 1.216248, 1.277170, 1.787231, 1.803762, 1.768225, 1.823993, 1.783316, 1.781307, 1.740751, 1.655187, 1.686964, 1.695944, 1.661627, 1.603143, 1.583760, 1.572429, 1.526367, 1.510889, 1.539133, 1.528624, 1.489656, 1.475577, 1.465687, 1.456963, 1.436221, 1.425196, 1.461271, 1.467216, 1.455996, 1.443414, 1.429466, 1.407506, 1.396823, 1.391287, 1.389846, 1.399014, 1.411587, 1.401212, 1.389295, 1.397436, 1.488219, 1.479763, 1.486967
0.990099; 1.286262, 1.137123, 1.441819, 1.396206, 1.580588, 1.536153, 1.514623, 1.493039, 1.393887, 1.863112, 1.838884, 1.725068, 1.688851, 1.755433, 1.743740, 1.694902, 1.766780, 1.731707, 1.701552, 1.696758, 1.666451, 1.645498, 1.605146, 1.642582, 1.618757, 1.640157, 1.676760, 1.668665, 1.648219, 1.640736, 1.594518, 1.581576, 1.575808, 1.539809, 1.534340, 1.522284, 1.514121, 1.488729, 1.485003, 1.481451, 1.470693, 1.446149, 1.436930, 1.427329, 1.415247, 1.410214, 1.402938, 1.396044, 1.383104
10.000000, 5.495050, 3.934369, 3.450777, 2.962642, 1.837992, 1.794417, 1.851717, 1.818513, 1.764869, 1.817106, 1.801049, 1.839769, 1.728475, 1.689330, 1.706552, 1.681129; 1.481951, 1.471838, 1.456281, 2.225225, 2.204361, 2.183408, 2.164326, 2.148591, 2.134277, 2.223969, 2.198415, 2.145956, 2.076172, 2.058121, 2.059358, 2.045400, 2.033482, 1.993203, 1.669244, 1.659031, 1.648761, 1.641956, 1.638410, 1.608021, 1.664059, 1.657310, 1.666630, 1.721137, 1.711134, 1.704292, 1.699231, 5.518396, 5.514241
0.000000; 3.000000, 3.333333, 3.330033, 2.414124, 2.361360, 2.429949, 2.403916, 2.015206, 1.975889, 1.946421, 1.783453, 1.934571, 1.910614, 1.919375, 1.772126, 1.751761, 1.746393, 1.644408, 1.640990, 1.628571, 1.614868, 1.607361, 1.596282, 1.538587, 1.522728, 1.517592, 1.507766, 1.463307, 1.452000, 1.443100, 1.410661, 1.409533, 1.408303, 1.378077, 1.372225, 1.364489, 1.358481, 1.644815, 1.643591, 1.649715, 1.616806, 1.613264, 1.711360, 1.688128, 1.705605, 1.706582, 1.707523, 1.669790, 1.664223
4.000000, 2.495050; 1.278031, 1.277337, 1.227188, 1.193374, 2.810303, 2.812183, 2.774193, 2.866513, 2.334678, 2.304391, 2.405889, 2.416504, 2.805850, 2.715279, 2.646817, 2.582054, 7.624791, 7.979754, 7.700160, 7.438282, 7.034481, 6.883377, 6.683243, 6.461901, 6.161375, 6.027565, 5.879737, 5.739853, 8.708397, 8.499472, 8.296308, 8.100065, 7.852989, 7.674263, 7.505534, 7.376169, 7.166622, 7.023178, 6.889221, 6.758655, 6.594925, 6.482161, 6.369290, 6.263083, 8.958126, 8.784252, 8.615988, 8.454248
0.990099; 1.761153, 2.146034, 2.328343, 2.312518, 1.656058, 1.648803, 1.648163, 1.651999, 1.471252, 1.551724, 1.529350, 1.426237, 1.401771, 1.325739, 1.314680, 1.280296, 1.320179, 1.324301, 1.370529, 1.375638, 1.366278, 1.364402, 1.289622, 1.323966, 1.319892, 1.309531, 1.283114, 1.274877, 1.264927, 1.309630, 1.308934, 1.304151, 1.297040, 1.281613, 1.278997, 1.282691, 1.274359, 1.330798, 1.332147, 1.324298, 1.320403, 1.325306, 1.315838, 1.311607, 1.436807, 1.429758, 1.425474, 1.422146, 1.981435
0.990099, 0.995050, 0.993399, 0.995050, 1.455581, 1.335540, 1.257477, 1.224858, 1.202076, 1.188669, 1.159651, 1.130367, 1.110014, 1.105096, 1.138982, 1.128177, 1.120886, 1.119656, 1.102376; 1.112575, 1.098586, 1.094511, 1.138329, 1.133342, 1.131773, 1.127325, 1.119518, 1.112949, 1.107222, 1.126890, 1.893591, 1.881064, 1.872826, 1.861782, 1.648639, 1.643125, 1.637956, 2.124819, 2.115646, 2.098772, 2.089614, 2.082178, 2.100206, 4.506851, 4.796223, 4.733127, 4.647303, 4.584597, 4.528725, 4.471151
0.909091, 0.852489, 0.892117, 1.103012, 1.096446, 1.144817, 1.184850, 1.186414, 1.205094, 1.186761, 1.143269, 1.143666, 1.131957, 1.128525, 1.109003, 1.094791, 1.085552, 1.096453, 1.085684, 1.079957, 1.074310, 1.073406, 1.070321, 1.081903, 1.097180, 1.088679, 1.089883, 1.080034, 1.093897, 1.107545, 1.113097, 1.113047, 1.112990, 1.120496, 1.119337, 1.090803, 1.119867, 1.126052, 1.124331, 1.136704; 1.139434, 1.133939, 1.142108, 1.155640, 1.149583, 1.142707, 1.152041, 1.160271, 1.160774, 1.159812
0.884956, 0.937527; 1.264871, 1.507693, 1.463136, 1.387248, 1.359717, 1.321510, 1.239814, 1.479887, 1.482289, 1.454440, 1.419264, 1.329442, 1.313949, 1.310103, 1.288947, 1.280921, 1.276646, 1.185672, 1.180352, 1.175109, 1.179189, 1.178652, 1.252208, 1.243573, 1.230595, 1.218993, 1.211490, 1.373630, 1.338164, 1.329318, 1.317861, 1.312568, 1.304145, 1.319284, 1.310880, 1.304299, 1.332602, 1.361838, 1.381097, 1.370065, 1.360921, 1.355830, 1.352066, 1.346613, 1.330227, 1.321967, 1.343112, 1.364277
0.000000, 2.442478, 2.703240, 1.837777, 3.573398; 3.494603, 3.770588, 2.780211, 2.821114, 2.599709, 2.622055, 2.512109, 2.552532, 2.550159, 2.204057, 2.146834, 2.135752, 2.122327, 2.090103, 2.074616, 1.930156, 1.992633, 1.931309, 2.064401, 2.058642, 1.934335, 1.929920, 1.892624, 1.952793, 1.905981, 1.907525, 1.839269, 1.863195, 1.821009, 1.813577, 1.812632, 1.815070, 1.810903, 1.724031, 1.698818, 1.694589, 1.753406, 1.700174, 1.702689, 1.677230, 1.681586, 1.637333, 1.636154, 1.635837, 1.612506
0.990099, 1.428823, 1.468875, 1.556877, 1.546962, 1.466648, 1.532564, 1.390274, 1.715622, 1.655769, 1.717540, 1.661273, 1.581617, 1.601010, 1.569859, 1.604403, 1.645656, 1.612892, 1.582636, 1.562325; 1.576833, 1.563849, 1.535275, 1.738010, 1.718825, 1.681285, 1.664154, 1.717436, 1.702119, 1.676096, 1.671337, 1.653068, 1.705585, 1.709396, 1.716451, 1.722178, 1.705861, 1.700401, 1.686091, 1.641981, 1.629704, 1.618718, 1.594758, 1.586186, 1.575825, 1.567904, 1.565707, 1.553551, 1.546021, 1.539936
0.990099, 0.922400, 0.898329, 0.916149, 0.899145, 0.901540, 0.965903, 0.960044; 100.856675, 100.864834, 100.901777, 100.933342, 100.924175, 100.923719, 100.980923, 101.020753, 101.013996, 101.080153, 101.096661, 101.086428, 101.088007, 101.078008, 101.069765, 101.075235, 101.091250, 101.101026, 101.099836, 101.094679, 101.095806, 101.092597, 101.085646, 51.101629, 51.097332, 51.092933, 51.085382, 51.079621, 51.075976, 51.073622, 51.071397, 51.069278, 51.075814, 51.074683, 51.070511, 51.064808, 51.099439, 51.097770, 51.096103, 51.102410, 51.100445, 51.099034
0.909091, 1.097034, 0.983341, 0.986310, 0.974120, 0.963682; 1.302468, 1.306020, 1.750019, 1.754931, 1.768878, 1.960936, 1.951951, 1.923003, 1.893660, 1.883109, 1.861936, 1.604580, 1.599995, 1.591754, 1.534215, 1.520560, 1.530938, 1.520885, 1.513398, 1.509631, 1.499832, 1.457065, 1.449450, 1.446382, 1.374135, 1.363229, 1.359504, 1.353337, 1.320531, 1.301885, 1.319275, 1.315755, 1.312664, 1.312924, 1.316765, 1.286162, 1.281647, 1.276000, 1.261618, 1.613977, 1.612371, 1.612187, 1.609533, 1.606292
1.020408; 1.139832, 1.286713, 1.430269, 1.307013, 1.387071, 1.241419, 1.268123, 1.238828, 1.549634, 1.490812, 1.457985, 1.479217, 1.444574, 1.487848, 1.462668, 1.536277, 1.419077, 1.422539, 1.371523, 1.429125, 1.417856, 1.382471, 1.501090, 1.419287, 1.422030, 1.558522, 1.717658, 1.693235, 1.682622, 1.661891, 1.673821, 1.736804, 1.756436, 1.747477, 1.689445, 1.680977, 1.657708, 1.650224, 1.645446, 1.645807, 1.628511, 1.631021, 1.619576, 1.608001, 1.779097, 1.773413, 1.803659, 1.759180, 1.752661
1.000000, 0.995050, 0.916844, 0.935190, 0.950171, 0.940165; 1.029570, 1.268607, 1.325276, 1.300376, 1.273753, 1.197578, 1.190415, 1.175545, 1.158680, 1.152069, 1.173838, 1.156369, 1.139877, 1.139559, 1.119387, 1.105049, 1.097088, 1.094353, 1.500347, 1.551210, 1.546758, 1.536165, 1.717423, 1.582743, 1.579684, 1.571826, 1.565297, 1.557958, 1.534077, 1.534567, 1.532912, 1.569847, 1.563415, 1.493819, 1.465358, 1.460126, 1.519803, 1.486780, 1.480971, 1.479053, 1.472190, 1.474031, 1.525221, 1.555114
100.000000; 4.607195, 4.778305, 4.711911, 2.974790, 2.962366, 2.933069, 2.278039, 2.280666, 2.263993, 2.303707, 2.067137, 2.054874, 2.046079, 1.980988, 1.971670, 1.960528, 1.971770, 1.959533, 1.947841, 1.866188, 1.893743, 2.022956, 1.926544, 1.914538, 1.952143, 1.873945, 1.855759, 1.842147, 1.789986, 1.840246, 1.865605, 1.850986, 1.798429, 1.784458, 1.768061, 1.754257, 1.741039, 1.726894, 1.703592, 1.706462, 1.697065, 1.663154, 1.653166, 1.645099, 1.649182, 1.639777, 1.677142, 1.644208, 1.638282
100.000000, 50.495050; 4.541058, 4.659593, 4.548554, 4.391885, 2.911505, 3.061248, 3.086395, 3.043552, 2.509427, 2.529046, 2.694641, 2.602591, 2.841667, 2.506154, 3.083638, 3.033727, 3.141441, 2.814911, 4.249876, 4.213007, 4.167413, 4.115047, 3.725478, 3.810029, 4.215828, 4.157584, 3.868446, 3.820901, 3.794429, 18.008701, 17.971523, 15.962349, 17.110318, 17.076052, 17.052119, 15.376479, 15.355689, 15.573388, 15.541393, 14.185483, 14.152972, 14.192781, 14.197069, 14.245375, 13.118398, 13.108067, 13.137262, 13.118330
0.833333; 1.250272, 1.073352, 1.327376, 1.224897, 1.471206, 2.361655, 2.358146, 2.118562, 2.181304, 2.018337, 2.241380, 2.185994, 2.083162, 2.266673, 2.167016, 2.132603, 2.069804, 2.054200, 1.980337, 1.945734, 1.934439, 1.874202, 2.620583, 2.567675, 2.526904, 2.480436, 2.447689, 2.419789, 2.354290, 2.319547, 2.345797, 2.324604, 2.291870, 2.237983, 2.255953, 2.217769, 2.189943, 2.147860, 2.130370, 2.120658, 2.106189, 2.069331, 2.304886, 2.273924, 2.246308, 2.233583, 2.207194, 2.203274, 2.176519
2.000000, 1.621118, 7.715013, 2.239669, 2.078512, 2.143256, 2.129842; 2.051373, 2.029897, 2.032159, 2.234224, 2.237081, 1.921316, 1.884430, 1.966551, 1.971678, 2.519657, 2.526290, 2.500461, 2.447201, 2.429158, 2.440531, 3.047440, 3.070814, 2.949143, 2.921987, 2.894655, 2.788404, 2.780680, 2.674519, 2.670285, 3.076264, 2.994600, 2.928534, 2.909072, 2.896701, 2.884853, 2.864458, 2.773206, 2.757760, 2.733408, 2.676748, 2.658617, 2.655231, 2.642067, 2.591154, 2.550930, 2.599984, 2.639420, 2.640475
10.000000, 5.000000; 101.224865, 101.989632, 102.334652, 103.574441, 103.939861, 103.703420, 52.902088, 52.774877, 53.196465, 53.717956, 53.951219, 36.724984, 36.929843, 36.819009, 36.845003, 43.418775, 42.995946, 58.163971, 57.748146, 57.500571, 57.919333, 61.692515, 52.269095, 52.142759, 51.715589, 51.458698, 51.258361, 50.931632, 60.601798, 60.642528, 60.384723, 60.132963, 59.838141, 52.442283, 52.294920, 52.531182, 52.292407, 52.109883, 54.331634, 48.664744, 48.513805, 48.500206, 48.302681, 48.148623, 43.925676, 43.768558, 43.611969, 44.184890
0.892857, 0.941478, 0.898655; 0.983812, 0.964528, 1.686012, 1.682648, 1.705775, 1.721187, 1.724864, 1.303534, 1.297891, 1.293677, 1.290058, 1.299553, 1.695935, 1.707844, 1.720695, 1.593776, 1.602962, 1.604367, 1.608030, 2.002055, 2.113182, 2.097514, 1.938998, 1.916283, 1.928624, 1.912517, 1.896562, 1.878175, 1.865892, 1.856574, 1.840946, 1.832936, 1.853301, 1.838434, 1.826280, 1.814797, 1.802105, 1.723882, 1.710311, 1.704333, 1.712723, 1.701997, 1.693963, 1.754101, 1.699589, 1.690646, 2.121308
0.952381, 0.882695; 0.883348, 0.996011, 0.964813, 0.956361, 0.978149, 1.433802, 1.837052, 1.993944, 1.952363, 1.914068, 1.945049, 1.715811, 1.690482, 2.223128, 2.478345, 2.571881, 2.558920, 2.206427, 2.397423, 2.388807, 2.409648, 2.412077, 2.152161, 2.144452, 2.470023, 2.611348, 2.750469, 2.771933, 2.480936, 2.482334, 2.480587, 2.478778, 2.472084, 2.241185, 2.239975, 2.236900, 2.235927, 2.230537, 2.233123, 2.182360, 2.181389, 2.179476, 2.179039, 2.181798, 2.118579, 2.116763, 2.116632, 2.114063
1.162791, 1.005254, 0.976703, 1.024284; 1.162229, 1.133996, 1.289248, 1.246901, 1.246087, 1.288747, 1.304239, 1.305756, 1.289069, 1.306377, 1.298494, 1.270881, 1.250576, 1.291375, 1.285871, 1.279462, 1.288233, 1.373770, 1.357045, 1.355980, 1.298308, 1.286018, 1.277005, 1.269409, 1.261074, 1.258579, 1.247502, 1.236128, 1.243291, 1.237264, 1.228087, 1.222643, 1.221124, 1.215641, 1.212432, 1.212223, 1.212736, 1.207783, 1.179429, 1.182950, 1.183094, 1.181573, 1.175741, 1.171628, 1.164568, 1.165119
8.333333, 4.642857; 8.346561, 6.907051, 6.181907, 5.670066, 4.302177, 4.134702, 4.081351, 3.863126, 3.454886, 3.312985, 3.179885, 3.064659, 3.299625, 3.027987, 3.032480, 2.953799, 2.886360, 2.774278, 2.702693, 2.687031, 2.627759, 2.640033, 2.490869, 2.441209, 2.403331, 2.362794, 2.335919, 2.304765, 2.274329, 2.245268, 2.210407, 2.157741, 2.132194, 2.112928, 2.087175, 2.046881, 2.048536, 2.026488, 2.004631, 1.967681, 1.951562, 1.928644, 1.941589, 1.928119, 1.904639, 1.889513, 2.022544, 2.006672
3.030303, 1.626760; 1.522513, 1.347089, 1.826240, 1.784125, 1.897295, 1.739904, 1.674567, 1.660540, 1.574437, 1.552132, 1.559089, 1.544217, 1.615510, 1.610560, 1.576282, 1.548741, 1.449771, 1.430950, 1.434211, 1.402491, 1.436680, 1.442918, 1.424630, 1.479945, 1.480894, 1.446896, 1.446655, 1.428623, 1.449592, 1.466426, 1.518013, 1.529936, 1.516549, 1.504731, 1.520156, 1.525647, 1.538247, 1.519266, 1.525176, 1.521957, 1.516477, 1.519371, 1.506246, 1.685113, 1.690856, 1.683971, 1.675117, 1.674058
0.813008; 0.887900, 0.890706, 0.879930, 1.102712, 1.112632, 1.092999, 1.172821, 1.162686, 1.285569, 1.355073, 1.302501, 1.318156, 1.280322, 1.297881, 1.219488, 1.254389, 1.283996, 1.258555, 1.280859, 1.260440, 1.258487, 1.241192, 1.232709, 1.209131, 1.232745, 1.215257, 1.235329, 1.222786, 7.851236, 7.840064, 13.639073, 13.643876, 12.907321, 12.909189, 12.273983, 12.276624, 11.692685, 11.661104, 11.153505, 11.148982, 10.688744, 10.685057, 10.245376, 10.240639, 9.841939, 9.838995, 9.479977, 9.484048, 9.147070
8.333333; 1.226178, 1.381945, 1.401369, 1.348903, 1.186233, 1.196545, 1.251069, 1.367818, 1.273027, 1.303135, 1.306644, 1.243722, 1.308338, 1.334916, 1.327205, 1.371636, 1.370109, 1.366954, 1.596632, 1.610665, 1.594480, 1.611622, 1.574586, 1.548796, 1.533726, 1.520153, 1.535675, 1.562847, 1.539251, 1.519674, 1.501305, 1.483838, 1.469970, 1.453432, 1.435918, 1.446361, 1.431354, 1.417291, 1.401690, 1.391383, 1.453415, 1.441325, 1.436307, 1.443292, 1.433984, 1.427071, 1.423323, 1.461642, 1.461284
0.990099, 0.937527, 0.896940; 0.973901, 1.144283, 1.136241, 1.137896, 1.106685, 1.100265, 1.084358, 1.085617, 1.043215, 1.033777, 1.031738, 1.032643, 1.018353, 1.016764, 1.009766, 1.007532, 1.016177, 1.010756, 1.008401, 0.964775, 0.974746, 0.973627, 0.980496, 1.140972, 1.141244, 1.136685, 1.139105, 1.146637, 1.146107, 1.146667, 1.145529, 1.130844, 1.130592, 1.129280, 1.126761, 1.171923, 1.179543, 1.177141, 1.171473, 1.154638, 1.150366, 1.145872, 1.144565, 1.147330, 1.145700, 1.143618, 1.220302
0.952381, 1.521431, 1.285705; 1.397029, 1.259978, 1.437720, 1.481726, 1.613139, 1.531412, 1.529068, 1.484699, 1.445587, 1.517637, 1.460246, 1.441758, 1.503118, 1.546328, 1.590142, 1.586106, 1.542546, 1.616080, 1.517894, 1.502215, 1.567304, 1.487619, 1.469784, 1.450794, 1.443832, 1.494528, 1.488481, 1.496504, 1.508492, 1.483053, 1.477132, 1.604067, 1.571898, 1.551318, 1.547135, 1.550411, 1.522073, 1.515697, 1.512798, 1.495124, 1.508321, 1.491359, 1.493979, 1.490757, 1.475336, 1.866148, 1.824767
0.666667, 1.304207, 1.502232, 1.219078, 1.251661; 2.997028, 3.015796, 2.903206, 2.946008, 2.924555, 2.948550, 2.909670, 2.866342, 2.832480, 2.844723, 2.834611, 2.811764, 2.051518, 2.036426, 2.024699, 2.000454, 1.995678, 1.982466, 1.970287, 1.961306, 1.957132, 1.951208, 1.944814, 1.684088, 1.675777, 1.673528, 1.672358, 1.659134, 1.663600, 1.654709, 1.653519, 1.650690, 1.644736, 1.641939, 1.640873, 1.512586, 1.506484, 1.506487, 1.502594, 1.500536, 1.497969, 1.496885, 1.495086, 1.491492, 1.490399
3.030303, 3.518519, 2.725183, 10.004509, 9.855265, 10.178164; 10.123672, 11.759776, 11.819986, 6.608134, 6.597278, 6.493759, 6.506641, 6.518175, 4.762572, 4.906232, 4.882674, 4.899572, 4.892538, 4.907213, 4.927065, 4.919154, 4.038845, 4.027457, 4.017655, 3.501381, 3.494394, 3.459280, 3.976867, 4.605022, 4.514872, 4.664706, 4.694468, 4.171804, 4.204341, 4.175967, 4.231276, 4.240187, 3.842521, 3.841368, 3.832834, 3.800536, 3.796579, 3.771941, 3.765263, 3.760606, 3.477674, 3.472641, 3.465750, 3.232714
0.813008, 1.103026, 1.356587, 1.422551; 1.287225, 1.365847, 1.298407, 1.287161, 1.250659, 1.337995, 1.358970, 1.464057, 1.491015, 1.412810, 1.408951, 1.373833, 1.388093, 1.375072, 1.332769, 1.355119, 1.326020, 1.329168, 1.335380, 1.328928, 1.329054, 1.332837, 1.306576, 1.303096, 1.300287, 1.313793, 1.291831, 1.287563, 1.275666, 1.270588, 1.263599, 1.270200, 1.263872, 1.268971, 1.255453, 1.263694, 1.264292, 1.261651, 1.258488, 1.252782, 1.247297, 1.247201, 1.258167, 1.261285, 1.256671, 1.250436
2.000000, 1.500000, 1.330033, 1.497525, 1.396040; 1.460479, 2.028356, 1.983351, 1.965893, 2.013016, 1.977446, 2.162084, 2.388076, 2.327133, 2.285188, 8.852430, 8.397255, 8.031057, 7.641531, 7.515830, 7.188598, 7.356336, 7.110194, 7.265811, 7.035654, 6.792447, 6.576788, 6.424221, 6.224962, 6.046726, 5.871853, 5.714411, 5.770408, 5.622213, 5.514138, 5.384638, 5.260272, 5.147458, 5.064188, 4.957013, 254.832993, 254.922741, 254.839658, 254.750452, 254.666944, 254.568256, 254.518426, 254.489808, 254.421658, 204.345812
0.813008, 0.813008; 1.491825, 1.402150, 1.352370, 1.339791, 1.310485, 144.005013, 144.363599, 126.899449, 147.350896, 184.973759, 174.800016, 150.136084, 142.704336, 135.666063, 129.578625, 124.293313, 119.657401, 107.372046, 103.581031, 99.908647, 96.636635, 93.721133, 86.436245, 83.775816, 81.379530, 79.185295, 77.124970, 75.249296, 70.305129, 68.602548, 67.018563, 65.539474, 64.155581, 60.577995, 59.316379, 58.368289, 57.239171, 56.175219, 55.167976, 52.491902, 51.554462, 50.670422, 49.904901, 49.105550, 47.029524, 46.279509, 45.569028, 44.889068
0.990099, 0.995050, 1.000067, 0.997575, 1.033354; 1.544369, 1.470458, 1.406873, 1.336630, 1.309783, 1.378760, 1.374669, 1.349112, 1.404317, 1.477387, 1.663465, 1.587141, 1.547452, 1.522622, 1.490002, 1.461100, 1.592958, 1.608353, 1.539350, 1.562853, 1.538695, 1.560020, 1.588980, 1.709611, 1.689765, 1.700556, 1.717045, 1.726236, 1.708656, 1.689265, 1.667542, 1.711974, 1.764428, 1.755892, 1.712782, 1.692071, 1.677386, 1.682026, 1.668182, 1.650220, 1.638643, 1.626343, 1.610920, 1.616110, 1.595711
0.813008; 1.291889, 1.106531, 1.027540, 1.176091, 1.611275, 1.566730, 1.485370, 1.408433, 1.399305, 1.581868, 1.541732, 1.482461, 1.542389, 1.506473, 1.460924, 1.506906, 1.522501, 1.520140, 1.498017, 1.479841, 1.458675, 8.066491, 8.036492, 7.604271, 7.215362, 7.225169, 6.888460, 6.867481, 6.561387, 6.286967, 6.296162, 6.116550, 5.897536, 5.880943, 5.672746, 5.479887, 5.495662, 5.320556, 5.385813, 5.234267, 5.154161, 5.135964, 4.998986, 4.880904, 4.984159, 4.866405, 4.751507, 4.773913, 4.662395
10.000000; 1.254392, 2.014141, 3.208428, 2.700593, 2.446238, 2.434819, 2.156213, 2.396927, 2.333598, 2.147127, 2.078613, 2.016176, 1.955931, 1.887777, 1.858502, 1.762411, 1.752286, 1.748483, 1.804065, 1.782912, 1.713886, 1.712808, 1.678141, 1.618150, 1.665087, 1.631841, 1.660563, 1.642397, 1.594227, 1.581584, 1.568447, 1.503620, 1.553837, 1.540163, 1.528968, 1.506815, 1.495415, 1.483232, 1.485646, 1.477994, 1.466113, 1.457032, 1.444718, 1.449678, 1.429415, 1.420148, 1.453500, 1.450002, 1.450299
2.000000, 2.000000; 1.850045, 1.624479, 1.457619, 1.622031, 1.606102, 1.534971, 1.480439, 1.447502, 1.394537, 1.469064, 1.489235, 1.451721, 1.473010, 1.416721, 1.551213, 1.778467, 1.796295, 1.761406, 1.735106, 1.698176, 1.779551, 1.749297, 1.699867, 1.675108, 1.691027, 1.785782, 1.765354, 1.744953, 1.725302, 1.844646, 1.858009, 1.815903, 1.800984, 1.829475, 1.830243, 1.800574, 1.785883, 1.775590, 4.177410, 4.258608, 4.188522, 4.198868, 4.219638, 4.182254, 4.092139, 4.032978, 4.000893, 3.962961
0.000000; 101.369863, 101.318059, 101.185005, 101.121660, 51.237445, 51.122893, 51.058160, 51.038546, 34.402967, 34.420191, 34.391714, 26.116527, 26.113202, 27.993857, 27.946067, 22.642600, 22.610589, 22.621234, 22.594698, 19.059867, 19.043676, 19.013270, 16.482340, 16.471844, 16.460428, 16.439827, 14.614107, 14.603762, 14.639946, 14.622919, 13.134618, 13.126253, 13.118163, 11.954159, 12.069586, 12.052407, 12.214055, 11.235893, 11.224443, 11.219480, 11.211318, 10.381186, 10.376258, 10.365851, 9.674712, 9.666630, 9.656709, 9.649827, 9.057566
0.952381, 1.110437, 0.946367; 1.285645, 1.301721, 1.342596, 1.403055, 1.376209, 1.342077, 1.420482, 1.457378, 1.396802, 1.396912, 1.451510, 1.417109, 1.371379, 1.399410, 1.388983, 1.396709, 1.364748, 1.332233, 1.355086, 1.399520, 1.455767, 1.526743, 1.503058, 1.471890, 1.450841, 1.438349, 1.493478, 1.476737, 1.456381, 1.459983, 1.443378, 1.477365, 1.476266, 1.479962, 1.463164, 1.457401, 1.507306, 1.496464, 1.483789, 1.469807, 1.454706, 1.456259, 1.450984, 1.441675, 1.473972, 1.462453, 1.476235
4.761905, 2.149191, 2.541502, 1.772301, 1.764322, 1.836897, 2.319095, 2.303733, 2.268753, 2.324969, 2.245980, 2.215570, 2.165243, 2.269411, 2.171271, 2.189381, 2.154483, 2.143410, 2.133651, 2.172912, 2.179886, 1.807209, 2.172947, 2.138423, 2.135287, 2.036538, 2.048105, 1.910121, 1.730297, 1.722805, 1.713532, 1.881975, 1.825815, 1.934338, 1.888135, 1.935214, 2.046851, 2.016053, 2.016081, 2.013314, 2.020441, 1.992367, 2.023830; 1.984141, 2.016981, 2.056699, 2.083873, 2.087546, 2.078671, 2.080340
2.000000, 2.438596; 1.328449, 1.250296, 1.340305, 1.190819, 1.234623, 1.247241, 1.224686, 1.347460, 1.693007, 1.716597, 1.716904, 2.458233, 2.232056, 2.148932, 2.213252, 2.052055, 1.989538, 1.997282, 1.884084, 1.865985, 1.862563, 1.882710, 1.797255, 1.762711, 1.798119, 1.801556, 1.733323, 1.733946, 1.676261, 1.671851, 1.678194, 1.642743, 1.646970, 1.631153, 1.627925, 1.589862, 1.822127, 1.812357, 1.797374, 1.788790, 1.777998, 1.748042, 1.787278, 1.784146, 1.788882, 1.786650, 1.781386, 1.779647
0.980392, 0.490196, 0.644258, 0.735719, 20.588575; 3.446508, 13.344050, 13.393996, 14.069589, 14.097932, 14.121643, 14.142495, 14.234183, 14.244681, 14.244052, 14.244358, 7.583115, 7.591970, 7.596489, 7.598625, 7.601038, 7.604796, 7.659316, 7.659689, 7.654883, 7.685676, 7.682515, 5.702033, 5.799383, 5.838717, 5.835082, 6.102086, 6.102231, 6.099077, 6.094782, 6.091553, 6.088648, 6.085468, 4.829091, 4.827248, 4.821102, 4.818978, 4.814692, 4.838157, 4.862586, 4.857904, 4.854723, 4.849515, 4.848887, 4.098502
1.052632, 0.931865, 0.989569, 1.023962, 1.223840, 1.447882; 1.241652, 1.249626, 1.490899, 1.317627, 1.327515, 1.181555, 1.180883, 1.205730, 1.164903, 1.157891, 1.103539, 1.412129, 1.463675, 1.453954, 334.745903, 340.590638, 340.621214, 340.299952, 340.015652, 339.985833, 339.749109, 256.157539, 256.132896, 255.929953, 255.809266, 255.723879, 255.567040, 255.555886, 255.435769, 205.293015, 205.158481, 205.122525, 205.092762, 205.019104, 204.909109, 204.824078, 204.748175, 171.302315, 171.189734, 171.157312, 171.124244, 171.074177, 170.997708, 170.978659
0.990099; 1.252625, 1.276112, 1.304153, 1.160549, 1.138606, 1.566013, 1.657195, 1.637119, 1.567166, 1.432248, 1.299473, 1.313487, 1.311713, 1.365878, 1.345900, 1.351778, 1.274722, 1.207961, 1.200101, 1.412463, 2.289164, 2.302708, 2.202228, 2.188385, 2.168074, 2.074778, 2.060050, 2.108697, 2.103564, 2.104461, 2.083897, 2.068254, 2.268267, 2.249838, 2.217556, 2.192296, 2.166653, 2.148947, 2.111085, 2.090155, 2.067480, 2.063191, 2.045314, 2.033545, 1.995218, 1.976271, 2.000357, 1.983589, 1.988060
0.813008; 1.091476, 1.233073, 1.193048, 1.206753, 1.518520, 1.560903, 1.534989, 1.900255, 15.782262, 14.032476, 12.633326, 12.946247, 12.743790, 11.813717, 11.042973, 11.002095, 10.336703, 9.742241, 9.235941, 9.031022, 8.547199, 8.162115, 8.065211, 7.730052, 7.428793, 7.146832, 7.028127, 6.870477, 6.638328, 6.438796, 6.351579, 6.157895, 6.024162, 15.924945, 15.731874, 15.577135, 15.440100, 14.477058, 14.343567, 14.224167, 14.128204, 13.376827, 13.273263, 13.168968, 12.538002, 12.441642, 12.348509, 12.262735, 11.667852
0.813008, 0.943941; 1.115712, 1.094720, 1.075237, 1.003343, 1.030569, 1.012634, 1.060816, 1.135787, 1.155693, 1.134822, 1.121715, 1.101200, 1.096731, 1.111523, 1.111680, 1.097470, 1.087011, 1.089652, 1.077384, 1.075263, 1.069234, 1.093549, 1.085938, 1.114363, 1.111073, 1.101143, 1.099910, 1.132955, 1.128764, 1.116897, 1.112343, 1.104695, 1.114904, 1.107559, 1.105984, 1.095542, 1.096083, 1.089014, 1.106186, 1.118485, 1.122421, 1.113031, 1.115843, 1.113757, 1.115192, 1.109675, 1.104580, 1.100541
0.892857, 2.620342, 2.413561, 2.057696, 1.848177; 1.547971, 1.485097, 1.443717, 1.403954, 1.374118, 1.400248, 1.360332, 1.332951, 1.294345, 1.267214, 1.246638, 1.206090, 1.194862, 1.184024, 1.175878, 1.167890, 1.155968, 1.145301, 1.139863, 1.136309, 1.131335, 1.120478, 1.105726, 1.097832, 1.089150, 1.088739, 1.080725, 1.080423, 1.080094, 1.074865, 1.071345, 1.064583, 1.069931, 1.154085, 1.125490, 1.118145, 1.121791, 1.116861, 1.113682, 1.111116, 1.167139, 1.165121, 1.166037, 1.159984, 1.153157
0.813008, 0.813008; 1.106842, 1.050925, 1.004242, 1.087160, 1.184871, 1.690270, 1.584855, 1.503138, 1.669801, 1.576296, 1.520776, 1.507000, 1.530755, 1.533079, 1.541705, 1.509392, 1.482349, 1.513472, 1.545797, 1.515839, 1.660794, 1.625970, 1.598559, 1.592100, 1.564909, 1.545705, 1.525092, 1.540071, 1.522073, 1.501121, 1.522899, 1.529149, 1.530972, 1.532688, 1.517902, 1.549932, 1.534196, 1.527255, 1.517409, 1.528728, 1.546886, 1.557028, 1.546925, 1.562008, 1.551895, 1.538753, 1.553448, 1.540088
0.800000; 1.245791, 1.197506, 1.204573, 1.423962, 1.278407, 1.265802, 1.397057, 1.486437, 1.452597, 1.586344, 1.560548, 1.514105, 1.494290, 1.489479, 1.496002, 1.462405, 1.480601, 1.488680, 1.466263, 1.431944, 1.432744, 1.437903, 1.413734, 1.415992, 1.404819, 1.403386, 1.439629, 1.431529, 1.582730, 1.716638, 1.713775, 1.794785, 1.773485, 1.774606, 1.795055, 1.775861, 1.809323, 1.802915, 1.778190, 1.759561, 1.755989, 1.771690, 1.798550, 1.789563, 1.792659, 1.779922, 1.785014, 1.787993, 1.769397
0.833333, 1.079304, 0.969336, 0.946354, 0.921657, 0.926635, 0.953770; 1.016619, 1.012985, 1.093811, 1.081706, 1.061015, 1.047719, 1.054487, 1.038889, 1.035301, 1.030890, 1.020273, 1.017871, 1.904489, 1.893649, 1.889488, 1.894644, 1.748331, 1.741955, 1.754878, 1.767540, 1.755655, 1.759024, 1.659098, 1.655187, 1.651587, 1.647476, 1.638372, 1.576118, 1.576968, 1.513434, 1.511379, 1.504867, 1.506843, 1.505537, 1.504070, 1.503303, 1.455429, 1.452557, 1.452417, 1.425165, 1.420299, 1.417079, 1.416708
2.000000; 1.191609, 1.294348, 1.547628, 1.516861, 1.447324, 1.350989, 1.318951, 1.321829, 1.312935, 1.724715, 1.664098, 1.656482, 1.670951, 1.612160, 1.566308, 1.488757, 1.464202, 1.442612, 1.421151, 1.408126, 1.456226, 1.426519, 1.418457, 1.554350, 1.531729, 1.513575, 1.579031, 1.577651, 1.624025, 1.606967, 1.787502, 1.771160, 1.772011, 1.740632, 1.730444, 1.749346, 1.834457, 1.797986, 1.858473, 1.844334, 1.828438, 1.795921, 1.812469, 1.815207, 1.804511, 1.822027, 1.886434, 1.869004, 1.841396
0.990099; 1.238095, 0.998888, 0.954089, 0.948020, 0.980232, 0.997077, 0.983733, 1.182609, 1.133489, 1.180917, 1.184730, 1.200172, 1.182973, 1.332650, 1.309184, 1.352859, 1.364021, 1.341332, 1.322844, 1.322970, 1.321434, 1.309738, 1.287316, 1.275080, 1.259920, 1.263062, 1.245442, 1.232557, 1.222575, 1.211436, 1.214105, 1.219352, 1.218859, 1.211487, 1.205352, 1.199932, 1.190691, 1.183335, 1.176926, 1.180124, 1.174318, 1.169279, 1.165196, 1.166621, 1.141689, 1.134607, 1.141454, 1.263703, 1.251766
2.000000, 1.454545; 1.431192, 1.323631, 1.228206, 1.218128, 1.177190, 1.146494, 1.303962, 1.291804, 1.257225, 1.235452, 1.220286, 1.242877, 1.235929, 1.221152, 1.261877, 1.243572, 1.308964, 1.320022, 1.299614, 1.315903, 1.298463, 1.289867, 1.278970, 1.293406, 1.276087, 1.274992, 1.268016, 1.617488, 1.609375, 1.590401, 1.568620, 1.853095, 1.840567, 1.796293, 1.778037, 1.781949, 1.769427, 1.768971, 1.756066, 1.716117, 1.702055, 1.691394, 1.677470, 1.687941, 1.661525, 1.645621, 1.634172, 1.637829
1.010101; 1.671141, 1.339434, 4.836767, 4.718826, 3.051184, 3.016131, 3.168080, 3.111219, 2.601864, 2.673583, 2.631776, 2.363180, 2.323086, 2.277211, 2.232952, 2.082386, 2.323647, 2.305785, 2.264733, 2.155954, 2.111965, 2.085612, 2.010834, 1.983965, 1.972999, 1.942065, 1.921487, 1.957654, 1.933886, 1.914262, 1.873927, 1.864780, 1.845909, 1.806508, 1.794541, 1.772378, 1.765336, 1.952156, 1.927428, 1.907980, 2.126047, 2.130572, 2.104190, 2.077996, 2.085280, 2.116817, 2.096232, 2.124959, 2.101398
0.970874, 1.288700, 0.776472, 0.955800; 1.288401, 1.333668, 1.405242, 1.298820, 1.261789, 1.283010, 1.305834, 1.238779, 1.229982, 1.241796, 1.238672, 1.251283, 1.231318, 1.217366, 1.213338, 1.208420, 1.193712, 1.189600, 1.184012, 1.187265, 1.176081, 1.158353, 1.175112, 1.168392, 1.170613, 1.172935, 1.168114, 1.174522, 1.178943, 1.185557, 1.186324, 1.187344, 1.184200, 1.175548, 1.169414, 1.168337, 1.181006, 1.171422, 1.179106, 1.203731, 1.200129, 1.194921, 1.193249, 1.191214, 1.187864, 1.184052
0.813008, 0.901554, 1.267702; 1.164619, 1.143958, 1.133758, 1.105446, 1.093468, 1.089256, 4.311809, 2.941194, 3.273513, 3.228359, 3.184192, 3.142526, 3.107086, 3.087080, 3.057882, 2.493831, 2.478633, 2.458181, 2.438913, 2.427501, 2.415972, 2.767469, 6.889916, 6.690027, 6.502782, 6.328065, 6.166862, 6.019651, 5.878937, 6.019359, 5.894380, 5.775166, 5.659413, 5.579945, 5.533900, 5.435421, 5.348980, 5.123338, 5.077049, 4.993333, 4.914470, 4.840613, 4.808581, 4.745360, 4.581492, 4.687718, 4.626480
4.000000, 12.000000, 6.637285; 6.455902, 4.788838, 3.908238, 3.996717, 3.777048, 3.260305, 3.019177, 2.937696, 2.755372, 2.756038, 2.566182, 2.417764, 2.442000, 2.441297, 2.317620, 2.228988, 2.279901, 2.222220, 2.202604, 2.121810, 2.091931, 2.063147, 2.001781, 2.045322, 2.023485, 1.972777, 1.954163, 1.930673, 1.912095, 1.902094, 1.901155, 1.917909, 1.996109, 2.137169, 2.110315, 2.081229, 2.049906, 2.079872, 2.071988, 2.067645, 2.101317, 2.094766, 2.068092, 2.048175, 2.023328, 2.002749, 1.979069
0.990099, 0.901554, 0.937736, 0.930575, 1.144460, 1.122067, 0.961771, 0.943176, 0.969098, 0.872188; 1.852760, 1.959555, 1.965166, 2.023946, 2.020111, 2.018022, 2.011993, 2.000882, 1.993304, 1.992220, 2.034483, 2.080478, 2.075676, 2.200664, 3.153318, 3.148685, 3.137919, 3.132765, 3.126511, 3.123753, 3.118279, 3.112351, 2.134391, 2.226410, 2.228475, 2.253261, 2.245830, 2.239866, 2.233207, 2.255038, 2.309351, 2.301869, 2.290543, 2.304805, 3.863330, 3.828667, 3.798606, 3.790878, 3.762786, 3.735764
0.900901, 1.805031, 1.824118; 1.385849, 1.523733, 1.562868, 1.338689, 1.340184, 1.284380, 1.271293, 1.296569, 1.273995, 1.240854, 1.154497, 1.213216, 1.206034, 1.196355, 1.188788, 1.176840, 1.202686, 1.212604, 1.208803, 1.198232, 1.212530, 1.201038, 1.244646, 1.236908, 1.233669, 1.220834, 1.212706, 1.221779, 1.235846, 1.231973, 1.253330, 1.248782, 1.282199, 1.268555, 1.258252, 1.245621, 1.252249, 1.266016, 1.264966, 1.261279, 1.252472, 1.248491, 1.252061, 1.254360, 1.254974, 1.248759, 1.249488
0.757576; 1.564027, 1.549158, 1.407014, 1.400147, 1.341719, 1.123564, 1.177525, 1.164727, 1.238723, 1.240729, 1.304074, 1.277382, 1.238479, 1.303993, 1.243008, 11.406641, 10.424564, 10.404883, 9.637352, 9.672671, 9.003935, 8.975628, 8.409240, 8.368687, 7.893483, 7.890305, 7.456862, 7.076767, 7.088908, 6.766631, 6.739719, 6.446799, 6.448763, 6.177193, 6.169185, 5.933592, 5.929772, 5.721175, 5.681978, 5.504721, 5.322307, 5.330010, 5.173387, 9.308060, 9.142629, 9.151976, 8.854514, 8.852726, 8.573524
2.000000; 1.462963, 1.267024, 1.911743, 2.044789, 1.774209, 1.931593, 1.951169, 1.949015, 1.587133, 1.597144, 1.598241, 1.415497, 1.541024, 1.545676, 1.545280, 1.404796, 1.420624, 1.436209, 1.440350, 1.354792, 1.475079, 1.475068, 1.385246, 1.384478, 1.429854, 1.571910, 1.495218, 1.489445, 1.486782, 1.485572, 1.423809, 1.436582, 1.449700, 1.398768, 1.395396, 1.394994, 1.450220, 1.410944, 1.435466, 1.432919, 1.438420, 1.400028, 1.409982, 1.406725, 1.383857, 1.469421, 1.474984, 1.885307, 1.829604
0.813008, 0.406504, 33.604336, 50.203252, 60.162602; 102.246010, 102.842047, 103.197459, 103.045151, 103.014989, 103.649816, 103.972009, 112.193069, 111.451124, 110.878147, 110.375207, 59.139321, 58.761394, 58.335271, 58.108063, 57.844320, 57.626358, 59.332456, 59.108140, 58.859948, 58.702810, 58.929639, 41.001510, 40.907153, 40.978938, 40.879395, 40.718843, 40.597769, 40.487476, 40.640759, 40.842718, 40.749550, 40.634137, 31.438134, 31.378308, 31.304460, 31.229659, 31.156260, 31.090375, 31.246787, 31.181278, 31.114029, 31.033517, 30.973181, 25.451498
0.813008, 1.122084, 1.168228; 2.179313, 1.528925, 1.547467, 1.584974, 1.348781, 1.347360, 1.393667, 1.315602, 1.423225, 1.447151, 1.663287, 1.626878, 1.635019, 1.587465, 1.578412, 1.669800, 1.606785, 1.632058, 1.752411, 1.723976, 1.723565, 1.763915, 1.775059, 1.784472, 1.784146, 1.739591, 1.722713, 1.702926, 1.666011, 1.651499, 1.635574, 1.614948, 1.592226, 1.576545, 2.449159, 2.426118, 2.411518, 2.396281, 2.321353, 2.358170, 2.339313, 2.339591, 2.269581, 2.270911, 2.254383, 2.243918, 2.283283
0.990099, 0.971240; 0.925355, 1.010700, 1.030187, 1.845344, 1.953025, 1.937142, 1.447351, 1.447644, 1.362876, 1.458683, 1.463534, 1.300202, 1.298612, 1.306524, 1.296640, 1.293099, 1.545259, 1.388443, 1.344740, 1.347034, 1.351446, 1.352502, 1.270904, 1.277766, 1.280726, 1.289657, 1.290268, 1.291510, 1.202926, 1.460009, 1.450481, 1.452303, 1.450526, 1.409400, 1.404423, 1.405995, 1.398890, 1.392453, 1.387229, 1.358851, 1.354899, 1.356263, 1.352551, 1.349161, 1.326292, 1.319791, 1.405378, 1.429910
0.990099, 0.901554; 1.380698, 1.404077, 1.324393, 1.935979, 1.919887, 1.915234, 1.671906, 1.631920, 1.611020, 1.579351, 1.793852, 1.662208, 1.673615, 1.638344, 1.615274, 1.591109, 1.572012, 1.545365, 1.559671, 1.535317, 1.647513, 1.631053, 1.918437, 1.903983, 1.947671, 1.935649, 1.918397, 1.904413, 1.888510, 1.874205, 1.864874, 1.851777, 1.836655, 1.752781, 1.747237, 1.739210, 1.728975, 1.717027, 1.708912, 1.645341, 1.637848, 1.631456, 1.625506, 1.650022, 1.629916, 1.623388, 1.621526, 1.614297
8.333333, 1.462990, 1.421124, 1.237883, 1.192553, 1.272122, 1.171317, 1.150483, 1.028583; 1.042374, 1.021113, 1.020193, 1.122895, 1.122546, 1.067133, 1.071075, 1.088503, 1.107381, 1.109081, 1.077864, 1.126069, 1.113713, 1.111080, 1.108347, 1.100337, 1.100139, 1.118482, 1.111491, 1.112108, 1.103588, 1.102291, 1.093844, 1.104278, 1.100621, 1.070362, 1.118331, 1.112778, 1.107872, 1.112327, 1.111652, 1.108295, 1.165239, 1.138476, 1.108954, 1.105865, 1.113066, 1.127487, 1.134807, 1.133308, 1.176998
1.250000; 1.358659, 1.238428, 1.570846, 1.444637, 1.624806, 1.582987, 1.535747, 1.603502, 1.516175, 1.617992, 1.691398, 1.646025, 1.676943, 1.825800, 1.784767, 1.859619, 1.883837, 2.140714, 2.082741, 2.022925, 1.980491, 1.950247, 1.920515, 2.036603, 2.007865, 1.979106, 1.930112, 1.909064, 1.918130, 11.571063, 10.701933, 10.604009, 10.507286, 9.775071, 9.866908, 9.808806, 9.739226, 9.123947, 9.102196, 9.058527, 8.989591, 8.474286, 8.420385, 8.403783, 7.979506, 7.933014, 7.977489, 7.947203, 7.596333
0.990099, 0.875613, 1.307844, 1.425022, 1.235241, 26.005694, 25.921645, 20.967903, 20.984789, 4.620962, 4.535407; 4.518781, 4.505130, 4.648258, 4.600305, 4.495645, 4.407668, 4.338339, 4.313081, 4.311148, 4.219108, 4.141000, 4.150302, 4.081831, 3.998259, 3.973828, 3.909431, 2.925634, 2.917078, 2.885682, 2.872726, 2.849965, 2.818600, 2.891377, 3.016259, 2.998241, 2.946506, 2.900405, 2.871300, 2.839357, 2.822624, 2.799589, 2.783195, 2.763529, 2.408769, 2.399342, 2.389772, 2.411752, 2.419845, 2.408122
0.900901, 1.126169, 1.248671, 1.133577; 1.127972, 1.069605, 1.069601, 1.067927, 1.097406, 1.069108, 1.084553, 1.632977, 1.659250, 1.526416, 1.507771, 1.541828, 1.565384, 1.533087, 1.521286, 1.479380, 1.468431, 1.444283, 1.431476, 1.468003, 1.457086, 1.454506, 1.443901, 1.419393, 1.403934, 1.393140, 1.404897, 1.363586, 1.338750, 1.333785, 1.329092, 1.334767, 1.339680, 1.334270, 1.323517, 1.316280, 1.316732, 1.308130, 1.296792, 1.295512, 1.307687, 1.305300, 1.299157, 1.316002, 1.306960, 1.311376
5.000000, 2.500000, 2.083333, 2.562500, 2.450000, 2.487988, 2.259717, 2.096526, 1.869869, 1.794819, 1.735136, 101.629839, 101.578797, 101.539558, 101.500699, 101.461119, 101.428763; 2.148425, 2.138634, 2.334718, 2.311835, 2.288716, 2.346918, 2.317114, 2.296169, 2.278756, 2.262462, 3.004387, 2.987440, 2.647864, 2.632503, 3.147945, 3.222083, 3.206126, 3.553798, 3.279839, 3.266916, 3.275407, 3.557528, 3.565543, 3.556406, 3.028049, 3.014175, 3.081410, 3.071949, 3.060659, 3.068412, 3.054002, 3.039834, 3.028447
0.980392, 0.985246, 1.368060, 1.298927; 1.172240, 1.125814, 1.826863, 1.817680, 1.774687, 1.814074, 1.465140, 1.457139, 1.781652, 1.821337, 1.813125, 1.672092, 1.686514, 1.555258, 1.543103, 1.630339, 1.801758, 1.757956, 2.181868, 2.143612, 2.071722, 2.143935, 2.299158, 2.276029, 2.178459, 2.154511, 2.096631, 2.077467, 2.051527, 2.029949, 2.012171, 1.955038, 1.939684, 1.913493, 1.901605, 1.996115, 1.983618, 1.916410, 1.922028, 1.908533, 1.906118, 1.895162, 1.887111, 1.877050, 1.807323, 1.795423
2.000000, 1.108680; 1.104171, 1.238533, 1.161972, 1.221013, 1.442362, 1.544760, 2.196268, 2.244831, 2.072907, 2.083350, 1.960999, 2.849486, 2.648635, 2.551818, 2.604771, 2.691230, 2.718300, 2.701372, 2.598966, 2.551452, 2.577253, 2.529549, 2.467834, 2.381266, 2.348713, 2.299345, 2.469787, 2.409956, 2.371407, 2.342067, 2.336400, 2.286160, 2.289206, 2.254676, 2.225128, 2.208348, 2.187401, 2.149110, 2.175614, 2.143048, 2.175140, 2.133358, 2.103649, 2.083723, 2.291549, 2.255535, 2.233210, 2.219891
4.000000, 1.063273, 0.948435; 1.209584, 1.126113, 1.058383, 2.316798, 2.306943, 1.971608, 1.962698, 1.805976, 1.654240, 1.655731, 1.679763, 1.671882, 1.579381, 1.583589, 1.586844, 1.559379, 1.549346, 1.545617, 1.556133, 1.492252, 1.509650, 1.506265, 1.455599, 1.507658, 1.500426, 1.491790, 1.452905, 1.447451, 1.448223, 1.417753, 1.435989, 1.437154, 1.435534, 1.439962, 1.469491, 1.483905, 1.468026, 1.473001, 1.469572, 1.444467, 1.441506, 1.435428, 1.434778, 1.425108, 1.419189, 1.466053, 1.450106
0.813008, 1.015873, 1.007283, 1.582213, 1.834779, 1.891568; 2.040045, 2.033983, 2.033871, 1.490783, 1.503901, 1.469048, 1.467034, 1.459225, 1.403018, 1.401338, 1.468142, 1.603450, 1.597600, 1.582250, 1.519614, 1.510847, 1.404969, 1.393712, 1.381862, 1.330431, 1.327501, 1.342914, 1.352008, 1.345407, 1.370965, 1.363587, 1.353198, 1.311442, 1.311696, 1.308693, 1.303877, 1.301417, 1.275729, 1.267260, 1.262385, 1.445686, 1.438410, 1.443129, 1.437520, 1.431912, 1.409620, 1.405758, 1.406691, 1.397301
